data/cnv/dfr29002.cnv
* Sea-Bird SBE 9 Data File:
* FileName = C:\SEASOFT\PIRATA-FR29\data\fr29002.hex
* Software Version Seasave V 7.26.7.107
* Temperature SN = 6083
* Conductivity SN = 4509
* Number of Bytes Per Scan = 42
* Number of Voltage Words = 3
* Number of Scans Averaged by the Deck Unit = 1
* NMEA Latitude = 08 59.92 N
* NMEA Longitude = 020 07.05 W
* NMEA UTC (Time) = Mar 03 2019 20:26:29
** Cruise: PIRATA-FR29
** Ship: THALASSA
** Station: 002
** Bottom Depth: 3603
** Barometric pressure : 1012.2
** Temp Air: 24.1
** Operator: MG/PR
** Comments:
# nquan = 25
# nvalues = 2023                        
# units = specified
# name 0 = scan: Scan Count
# name 1 = timeJ: Julian Days
# name 2 = prDM: Pressure, Digiquartz [db]
# name 3 = depSM: Depth [salt water, m]
# name 4 = t090C: Temperature [ITS-90, deg C]
# name 5 = t190C: Temperature, 2 [ITS-90, deg C]
# name 6 = c0S/m: Conductivity [S/m]
# name 7 = c1S/m: Conductivity, 2 [S/m]
# name 8 = sbeox0V: Oxygen raw, SBE 43 [V]
# name 9 = sbeox1V: Oxygen raw, SBE 43, 2 [V]
# name 10 = sbox0dV/dT: Oxygen, SBE 43 [dov/dt]
# name 11 = sbox1dV/dT: Oxygen, SBE 43, 2 [dov/dt]
# name 12 = CStarTr0: Beam Transmission, WET Labs C-Star [%]
# name 13 = flECO-AFL: Fluorescence, WET Labs ECO-AFL/FL [mg/m^3]
# name 14 = flC: Fluorescence, Chelsea Aqua 3 Chl Con [ug/l]
# name 15 = sbox0Mm/Kg: Oxygen, SBE 43 [umol/kg], WS = 2
# name 16 = sbox1Mm/Kg: Oxygen, SBE 43, 2 [umol/kg], WS = 2
# name 17 = sal00: Salinity, Practical [PSU]
# name 18 = sal11: Salinity, Practical, 2 [PSU]
# name 19 = sigma-é00: Density [sigma-theta, kg/m^3]
# name 20 = sigma-é11: Density, 2 [sigma-theta, kg/m^3]
# name 21 = svCM: Sound Velocity [Chen-Millero, m/s]
# name 22 = svCM1: Sound Velocity, 2 [Chen-Millero, m/s]
# name 23 = nbin: number of scans per bin
# name 24 = flag: flag
# span 0 =       1318,      54737       
# span 1 =  62.852371,  62.878132       
# span 2 =      5.000,   2027.000       
# span 3 =      4.974,   2005.887       
# span 4 =     3.4585,    24.6045       
# span 5 =     3.4581,    24.6041       
# span 6 =   3.290646,   5.353358       
# span 7 =   3.290817,   5.353507       
# span 8 =     0.7713,     2.6754       
# span 9 =     0.8852,     3.3791       
# span 10 =   -0.09513,    0.01981      
# span 11 =   -0.12321,    0.02477      
# span 12 =    79.7492,    88.4064      
# span 13 =     0.0437,     3.5863      
# span 14 =     0.0155,     1.1125      
# span 15 =     35.079,    226.490      
# span 16 =     35.334,    229.022      
# span 17 =    34.7014,    35.8162      
# span 18 =    34.7037,    35.8133      
# span 19 =    23.9527,    27.8204      
# span 20 =    23.9538,    27.8223      
# span 21 =    1487.30,    1534.49      
# span 22 =    1487.30,    1534.49      
# span 23 =         13,        145      
# span 24 = 0.0000e+00, 0.0000e+00      
# interval = decibars: 1                
# start_time = Mar 03 2019 20:26:30 [System UTC, first data scan.]
# bad_flag = -9.990e-29
*END*
[from data line 1682]
      44412  62.873154   1687.000   1670.760     3.9385     3.9381   3.319698   3.319844     1.6809     2.0973   -0.00002   -0.00014    88.3817     0.0455     0.0259    213.193    215.285    34.9538    34.9559    27.7700    27.7717    1494.20    1494.20         24 0.0000e+00
      44436  62.873165   1688.000   1671.749     3.9359     3.9357   3.319514   3.319660     1.6809     2.0977    0.00015    0.00002    88.3817     0.0455     0.0294    213.242    215.389    34.9538    34.9558    27.7703    27.7719    1494.21    1494.21         23 0.0000e+00
      44459  62.873177   1689.000   1672.735     3.9325     3.9323   3.319259   3.319408     1.6814     2.0980   -0.00007    0.00013    88.3817     0.0453     0.0264    213.368    215.469    34.9539    34.9559    27.7707    27.7723    1494.21    1494.21         24 0.0000e+00
      44485  62.873188   1690.000   1673.720     3.9291     3.9289   3.318996   3.319144     1.6814     2.0980   -0.00004    0.00038    88.3817     0.0452     0.0240    213.419    215.522    34.9539    34.9559    27.7711    27.7727    1494.21    1494.21         26 0.0000e+00
      44510  62.873199   1691.000   1674.706     3.9242     3.9241   3.318609   3.318768     1.6820     2.0983    0.00025    0.00030    88.3817     0.0458     0.0204    213.580    215.619    34.9541    34.9560    27.7717    27.7733    1494.21    1494.21         24 0.0000e+00
      44533  62.873211   1692.000   1675.692     3.9214     3.9211   3.318403   3.318559     1.6824     2.0989    0.00023    0.00022    88.3817     0.0482     0.0202    213.706    215.740    34.9541    34.9562    27.7720    27.7738    1494.21    1494.21         23 0.0000e+00
      44555  62.873222   1693.000   1676.679     3.9206     3.9202   3.318372   3.318522     1.6828     2.0995    0.00024   -0.00001    88.3817     0.0544     0.0232    213.808    215.862    34.9541    34.9563    27.7721    27.7739    1494.22    1494.23         21 0.0000e+00
      44576  62.873234   1694.000   1677.665     3.9190     3.9186   3.318272   3.318423     1.6833     2.0999    0.00052    0.00031    88.3817     0.0446     0.0253    213.925    215.951    34.9541    34.9562    27.7723    27.7740    1494.24    1494.24         20 0.0000e+00
      44595  62.873241   1695.000   1678.652     3.9178     3.9173   3.318215   3.318348     1.6833     2.1004    0.00051    0.00069    88.3817     0.0505     0.0293    213.966    216.062    34.9542    34.9562    27.7725    27.7742    1494.25    1494.25         19 0.0000e+00
      44614  62.873249   1696.000   1679.640     3.9153     3.9150   3.318037   3.318182     1.6833     2.1007    0.00043    0.00062    88.3817     0.0505     0.0269    214.009    216.149    34.9542    34.9563    27.7728    27.7745    1494.25    1494.25         19 0.0000e+00
      44634  62.873260   1697.000   1680.632     3.9148     3.9145   3.318024   3.318196     1.6834     2.1012    0.00040    0.00048    88.3817     0.0470     0.0254    214.057    216.241    34.9541    34.9564    27.7728    27.7746    1494.27    1494.27         22 0.0000e+00
      44660  62.873272   1698.000   1681.616     3.9140     3.9137   3.317984   3.318148     1.6837     2.1016    0.00015    0.00061    88.3817     0.0509     0.0250    214.155    216.326    34.9541    34.9563    27.7728    27.7746    1494.28    1494.28         30 0.0000e+00
      44692  62.873287   1699.000   1682.595     3.9127     3.9126   3.317932   3.318097     1.6840     2.1017    0.00004    0.00040    88.3817     0.0484     0.0241    214.230    216.371    34.9542    34.9563    27.7731    27.7748    1494.29    1494.29         31 0.0000e+00
      44719  62.873302   1700.000   1683.578     3.9114     3.9110   3.317844   3.318007     1.6840     2.1018    0.00013    0.00045    88.3817     0.0520     0.0253    214.266    216.422    34.9542    34.9565    27.7732    27.7750    1494.30    1494.31         23 0.0000e+00
      44739  62.873310   1701.000   1684.568     3.9102     3.9098   3.317794   3.317937     1.6840     2.1016    0.00047    0.00015    88.3817     0.0454     0.0264    214.302    216.441    34.9544    34.9564    27.7735    27.7751    1494.32    1494.32         19 0.0000e+00
      44757  62.873322   1702.000   1685.552     3.9081     3.9078   3.317646   3.317803     1.6840     2.1012    0.00012   -0.00003    88.3817     0.0462     0.0265    214.343    216.426    34.9543    34.9565    27.7737    27.7754    1494.32    1494.33         17 0.0000e+00
      44774  62.873329   1703.000   1686.547     3.9067     3.9063   3.317570   3.317710     1.6840     2.1018    0.00002    0.00014    88.3817     0.0470     0.0261    214.379    216.535    34.9544    34.9564    27.7739    27.7755    1494.33    1494.34         18 0.0000e+00
      44792  62.873337   1704.000   1687.535     3.9039     3.9036   3.317369   3.317503     1.6840     2.1017    0.00001   -0.00005    88.3817     0.0467     0.0259    214.424    216.571    34.9545    34.9564    27.7742    27.7758    1494.34    1494.34         18 0.0000e+00
      44812  62.873348   1705.000   1688.522     3.9026     3.9022   3.317288   3.317434     1.6840     2.1018    0.00000   -0.00035    88.3849     0.0524     0.0258    214.461    216.617    34.9545    34.9565    27.7743    27.7760    1494.35    1494.35         22 0.0000e+00
      44835  62.873356   1706.000   1689.504     3.9013     3.9011   3.317215   3.317373     1.6840     2.1020   -0.00003    0.00028    88.3876     0.0531     0.0271    214.496    216.691    34.9545    34.9565    27.7745    27.7762    1494.36    1494.36         24 0.0000e+00
      44861  62.873371   1707.000   1690.492     3.9001     3.8999   3.317148   3.317302     1.6851     2.1023    0.00003    0.00006    88.3899     0.0540     0.0275    214.736    216.767    34.9544    34.9565    27.7746    27.7763    1494.37    1494.38         26 0.0000e+00
      44888  62.873383   1708.000   1691.477     3.8991     3.8988   3.317092   3.317256     1.6852     2.1033    0.00009    0.00020    88.3869     0.0603     0.0270    214.792    216.939    34.9544    34.9566    27.7747    27.7764    1494.39    1494.39         28 0.0000e+00
      44915  62.873398   1709.000   1692.459     3.8987     3.8984   3.317102   3.317255     1.6852     2.1033    0.00058    0.00029    88.3817     0.0458     0.0256    214.824    216.965    34.9544    34.9565    27.7747    27.7764    1494.40    1494.40         27 0.0000e+00
      44941  62.873409   1710.000   1693.446     3.8986     3.8982   3.317137   3.317284     1.6852     2.1038    0.00042    0.00078    88.3817     0.0538     0.0193    214.853    217.064    34.9545    34.9566    27.7748    27.7765    1494.42    1494.42         23 0.0000e+00
      44962  62.873417   1711.000   1694.432     3.8976     3.8973   3.317094   3.317243     1.6851     2.1033   -0.00001    0.00039    88.3817     0.0470     0.0194    214.855    217.030    34.9545    34.9566    27.7749    27.7766    1494.43    1494.43         21 0.0000e+00
      44983  62.873428   1712.000   1695.426     3.8970     3.8966   3.317074   3.317227     1.6850     2.1033    0.00009    0.00015    88.3817     0.0519     0.0198    214.870    217.065    34.9545    34.9567    27.7750    27.7768    1494.44    1494.45         22 0.0000e+00
      45007  62.873440   1713.000   1696.411     3.8965     3.8961   3.317081   3.317225     1.6847     2.1033   -0.00002    0.00020    88.3817     0.0562     0.0251    214.853    217.094    34.9545    34.9566    27.7751    27.7768    1494.46    1494.46         27 0.0000e+00
      45037  62.873455   1714.000   1697.392     3.8953     3.8950   3.317021   3.317177     1.6848     2.1033   -0.00015   -0.00022    88.3817     0.0499     0.0223    214.898    217.131    34.9546    34.9567    27.7753    27.7770    1494.47    1494.47         30 0.0000e+00
      45064  62.873466   1715.000   1698.374     3.8946     3.8943   3.316986   3.317132     1.6853     2.1034   -0.00027   -0.00037    88.3817     0.0514     0.0212    215.022    217.173    34.9545    34.9565    27.7753    27.7769    1494.48    1494.49         23 0.0000e+00
      45084  62.873478   1716.000   1699.360     3.8898     3.8895   3.316619   3.316748     1.6853     2.1034   -0.00019   -0.00003    88.3817     0.0505     0.0255    215.082    217.222    34.9547    34.9565    27.7759    27.7774    1494.48    1494.48         19 0.0000e+00
      45102  62.873486   1717.000   1700.348     3.8867     3.8864   3.316401   3.316537     1.6853     2.1031    0.00032    0.00021    88.3900     0.0452     0.0263    215.125    217.240    34.9549    34.9568    27.7764    27.7779    1494.49    1494.49         17 0.0000e+00
      45118  62.873493   1718.000   1701.337     3.8853     3.8851   3.316315   3.316459     1.6853     2.1025    0.00033    0.00014    88.3927     0.0512     0.0274    215.163    217.193    34.9549    34.9568    27.7766    27.7781    1494.50    1494.50         15 0.0000e+00
      45134  62.873501   1719.000   1702.328     3.8839     3.8836   3.316224   3.316370     1.6853     2.1030    0.00005    0.00009    88.3831     0.0563     0.0281    215.199    217.291    34.9548    34.9568    27.7767    27.7782    1494.51    1494.51         16 0.0000e+00
      45150  62.873508   1720.000   1703.315     3.8813     3.8810   3.316036   3.316191     1.6853     2.1033    0.00010   -0.00010    88.3859     0.0620     0.0292    215.244    217.379    34.9549    34.9570    27.7769    27.7786    1494.51    1494.52         17 0.0000e+00
      45169  62.873520   1721.000   1704.305     3.8772     3.8769   3.315734   3.315883     1.6854     2.1033    0.00013   -0.00049    88.3923     0.0611     0.0255    215.308    217.424    34.9552    34.9571    27.7776    27.7792    1494.51    1494.52         20 0.0000e+00
      45191  62.873528   1722.000   1705.289     3.8762     3.8758   3.315699   3.315840     1.6858     2.1041   -0.00005    0.00002    88.3958     0.0627     0.0256    215.430    217.572    34.9553    34.9573    27.7778    27.7795    1494.53    1494.53         25 0.0000e+00
      45218  62.873543   1723.000   1706.271     3.8730     3.8730   3.315456   3.315626     1.6865     2.1051    0.00008    0.00026    88.3955     0.0581     0.0256    215.603    217.764    34.9552    34.9573    27.7781    27.7797    1494.53    1494.53         29 0.0000e+00
      45248  62.873558   1724.000   1707.256     3.8697     3.8698   3.315197   3.315385     1.6874     2.1063    0.00048    0.00065    88.3915     0.0553     0.0245    215.800    217.965    34.9552    34.9573    27.7784    27.7801    1494.53    1494.54         31 0.0000e+00
      45277  62.873569   1725.000   1708.239     3.8678     3.8677   3.315063   3.315240     1.6879     2.1071    0.00058    0.00099    88.3862     0.0549     0.0237    215.946    218.130    34.9552    34.9574    27.7786    27.7804    1494.54    1494.54         26 0.0000e+00
      45302  62.873581   1726.000   1709.230     3.8671     3.8668   3.315037   3.315201     1.6884     2.1071    0.00058    0.00089    88.3997     0.0484     0.0261    216.061    218.161    34.9551    34.9574    27.7786    27.7805    1494.55    1494.56         25 0.0000e+00
      45327  62.873596   1727.000   1710.214     3.8654     3.8650   3.314945   3.315078     1.6888     2.1071    0.00066    0.00044    88.3875     0.0517     0.0272    216.170    218.202    34.9553    34.9574    27.7790    27.7806    1494.56    1494.57         25 0.0000e+00
      45352  62.873608   1728.000   1711.202     3.8638     3.8635   3.314833   3.314981     1.6890     2.1071    0.00039    0.00043    88.3892     0.0486     0.0250    216.254    218.240    34.9553    34.9573    27.7791    27.7807    1494.57    1494.58         25 0.0000e+00
      45377  62.873619   1729.000   1712.187     3.8619     3.8616   3.314706   3.314859     1.6891     2.1075    0.00041    0.00011    88.3826     0.0444     0.0265    216.295    218.323    34.9553    34.9573    27.7793    27.7810    1494.58    1494.59         24 0.0000e+00
      45400  62.873631   1730.000   1713.171     3.8603     3.8600   3.314608   3.314756     1.6891     2.1079    0.00029    0.00004    88.3817     0.0463     0.0266    216.336    218.428    34.9553    34.9573    27.7795    27.7812    1494.59    1494.59         22 0.0000e+00
      45421  62.873638   1731.000   1714.159     3.8584     3.8581   3.314479   3.314626     1.6891     2.1077    0.00007    0.00003    88.3817     0.0467     0.0277    216.372    218.437    34.9553    34.9573    27.7797    27.7813    1494.60    1494.60         20 0.0000e+00
      45441  62.873650   1732.000   1715.145     3.8551     3.8547   3.314217   3.314360     1.6891     2.1078   -0.00008    0.00044    88.3901     0.0553     0.0274    216.423    218.495    34.9552    34.9572    27.7800    27.7816    1494.61    1494.61         20 0.0000e+00
      45460  62.873657   1733.000   1716.130     3.8472     3.8468   3.313563   3.313669     1.6890     2.1076   -0.00002    0.00045    88.3966     0.0560     0.0243    216.488    218.541    34.9553    34.9570    27.7809    27.7822    1494.59    1494.59         19 0.0000e+00
      45478  62.873669   1734.000   1717.116     3.8422     3.8419   3.313178   3.313335     1.6891     2.1078   -0.00001   -0.00001    88.3816     0.0518     0.0253    216.558    218.626    34.9556    34.9577    27.7815    27.7833    1494.59    1494.59         17 0.0000e+00
      45496  62.873676   1735.000   1718.111     3.8404     3.8401   3.313045   3.313184     1.6891     2.1078   -0.00023   -0.00013    88.3619     0.0458     0.0237    216.598    218.676    34.9554    34.9574    27.7816    27.7832    1494.59    1494.60         19 0.0000e+00
      45516  62.873684   1736.000   1719.099     3.8382     3.8379   3.312890   3.313045     1.6896     2.1084    0.00018   -0.00020    88.3845     0.0465     0.0248    216.735    218.797    34.9554    34.9575    27.7819    27.7836    1494.60    1494.60         21 0.0000e+00
      45540  62.873699   1737.000   1720.082     3.8355     3.8353   3.312688   3.312839     1.6902     2.1085    0.00018    0.00015    88.3818     0.0561     0.0242    216.894    218.857    34.9554    34.9574    27.7821    27.7837    1494.61    1494.61         28 0.0000e+00
      45569  62.873711   1738.000   1721.059     3.8326     3.8326   3.312476   3.312648     1.6908     2.1093    0.00031    0.00042    88.3947     0.0474     0.0203    217.041    219.009    34.9554    34.9575    27.7825    27.7841    1494.61    1494.61         28 0.0000e+00
      45594  62.873722   1739.000   1722.043     3.8303     3.8301   3.312318   3.312467     1.6914     2.1097    0.00071    0.00025    88.3986     0.0594     0.0208    217.197    219.108    34.9555    34.9575    27.7827    27.7843    1494.62    1494.62         21 0.0000e+00
      45613  62.873734   1740.000   1723.034     3.8274     3.8270   3.312102   3.312245     1.6915     2.1106    0.00050    0.00029    88.3978     0.0524     0.0235    217.262    219.273    34.9556    34.9576    27.7831    27.7848    1494.62    1494.62         19 0.0000e+00
      45632  62.873741   1741.000   1724.024     3.8249     3.8246   3.311932   3.312073     1.6914     2.1105    0.00043    0.00072    88.3856     0.0452     0.0255    217.292    219.312    34.9557    34.9576    27.7834    27.7850    1494.63    1494.63         18 0.0000e+00
      45651  62.873753   1742.000   1725.016     3.8230     3.8226   3.311807   3.311951     1.6916     2.1109    0.00053    0.00058    88.3860     0.0450     0.0223    217.367    219.401    34.9557    34.9578    27.7837    27.7854    1494.64    1494.64         22 0.0000e+00
      45682  62.873764   1743.000   1725.998     3.8204     3.8200   3.311622   3.311756     1.6921     2.1119    0.00018    0.00046    88.3886     0.0500     0.0246    217.502    219.586    34.9558    34.9578    27.7840    27.7857    1494.65    1494.65         43 0.0000e+00
