data/cnv/dfr29002.cnv
* Sea-Bird SBE 9 Data File:
* FileName = C:\SEASOFT\PIRATA-FR29\data\fr29002.hex
* Software Version Seasave V 7.26.7.107
* Temperature SN = 6083
* Conductivity SN = 4509
* Number of Bytes Per Scan = 42
* Number of Voltage Words = 3
* Number of Scans Averaged by the Deck Unit = 1
* NMEA Latitude = 08 59.92 N
* NMEA Longitude = 020 07.05 W
* NMEA UTC (Time) = Mar 03 2019 20:26:29
** Cruise: PIRATA-FR29
** Ship: THALASSA
** Station: 002
** Bottom Depth: 3603
** Barometric pressure : 1012.2
** Temp Air: 24.1
** Operator: MG/PR
** Comments:
# nquan = 25
# nvalues = 2023                        
# units = specified
# name 0 = scan: Scan Count
# name 1 = timeJ: Julian Days
# name 2 = prDM: Pressure, Digiquartz [db]
# name 3 = depSM: Depth [salt water, m]
# name 4 = t090C: Temperature [ITS-90, deg C]
# name 5 = t190C: Temperature, 2 [ITS-90, deg C]
# name 6 = c0S/m: Conductivity [S/m]
# name 7 = c1S/m: Conductivity, 2 [S/m]
# name 8 = sbeox0V: Oxygen raw, SBE 43 [V]
# name 9 = sbeox1V: Oxygen raw, SBE 43, 2 [V]
# name 10 = sbox0dV/dT: Oxygen, SBE 43 [dov/dt]
# name 11 = sbox1dV/dT: Oxygen, SBE 43, 2 [dov/dt]
# name 12 = CStarTr0: Beam Transmission, WET Labs C-Star [%]
# name 13 = flECO-AFL: Fluorescence, WET Labs ECO-AFL/FL [mg/m^3]
# name 14 = flC: Fluorescence, Chelsea Aqua 3 Chl Con [ug/l]
# name 15 = sbox0Mm/Kg: Oxygen, SBE 43 [umol/kg], WS = 2
# name 16 = sbox1Mm/Kg: Oxygen, SBE 43, 2 [umol/kg], WS = 2
# name 17 = sal00: Salinity, Practical [PSU]
# name 18 = sal11: Salinity, Practical, 2 [PSU]
# name 19 = sigma-é00: Density [sigma-theta, kg/m^3]
# name 20 = sigma-é11: Density, 2 [sigma-theta, kg/m^3]
# name 21 = svCM: Sound Velocity [Chen-Millero, m/s]
# name 22 = svCM1: Sound Velocity, 2 [Chen-Millero, m/s]
# name 23 = nbin: number of scans per bin
# name 24 = flag: flag
# span 0 =       1318,      54737       
# span 1 =  62.852371,  62.878132       
# span 2 =      5.000,   2027.000       
# span 3 =      4.974,   2005.887       
# span 4 =     3.4585,    24.6045       
# span 5 =     3.4581,    24.6041       
# span 6 =   3.290646,   5.353358       
# span 7 =   3.290817,   5.353507       
# span 8 =     0.7713,     2.6754       
# span 9 =     0.8852,     3.3791       
# span 10 =   -0.09513,    0.01981      
# span 11 =   -0.12321,    0.02477      
# span 12 =    79.7492,    88.4064      
# span 13 =     0.0437,     3.5863      
# span 14 =     0.0155,     1.1125      
# span 15 =     35.079,    226.490      
# span 16 =     35.334,    229.022      
# span 17 =    34.7014,    35.8162      
# span 18 =    34.7037,    35.8133      
# span 19 =    23.9527,    27.8204      
# span 20 =    23.9538,    27.8223      
# span 21 =    1487.30,    1534.49      
# span 22 =    1487.30,    1534.49      
# span 23 =         13,        145      
# span 24 = 0.0000e+00, 0.0000e+00      
# interval = decibars: 1                
# start_time = Mar 03 2019 20:26:30 [System UTC, first data scan.]
# bad_flag = -9.990e-29
*END*
[from data line 1914]
      49680  62.875694   1919.000   1899.498     3.5823     3.5819   3.297658   3.297786     1.6913     2.1102   -0.00002   -0.00068    88.3888     0.0535     0.0198    223.863    225.929    34.9570    34.9589    27.8099    27.8115    1496.60    1496.60         23 0.0000e+00
      49704  62.875706   1920.000   1900.476     3.5776     3.5772   3.297268   3.297407     1.6913     2.1106   -0.00001   -0.00063    88.3978     0.0534     0.0268    223.924    226.045    34.9568    34.9588    27.8102    27.8119    1496.59    1496.59         25 0.0000e+00
      49729  62.875717   1921.000   1901.461     3.5717     3.5716   3.296771   3.296915     1.6913     2.1112   -0.00041   -0.00065    88.3993     0.0461     0.0291    223.992    226.191    34.9566    34.9584    27.8107    27.8122    1496.59    1496.59         24 0.0000e+00
      49752  62.875729   1922.000   1902.448     3.5678     3.5675   3.296446   3.296577     1.6915     2.1115   -0.00006   -0.00005    88.3960     0.0448     0.0253    224.080    226.288    34.9565    34.9583    27.8110    27.8125    1496.58    1496.59         23 0.0000e+00
      49777  62.875740   1923.000   1903.435     3.5631     3.5628   3.296051   3.296184     1.6918     2.1118   -0.00004    0.00045    88.4007     0.0456     0.0226    224.198    226.394    34.9562    34.9581    27.8112    27.8128    1496.58    1496.58         26 0.0000e+00
      49803  62.875751   1924.000   1904.416     3.5606     3.5603   3.295862   3.296009     1.6923     2.1123    0.00004    0.00044    88.3925     0.0451     0.0249    224.344    226.509    34.9562    34.9582    27.8114    27.8131    1496.59    1496.59         26 0.0000e+00
      49829  62.875767   1925.000   1905.401     3.5591     3.5588   3.295764   3.295914     1.6925     2.1127    0.00028    0.00035    88.3911     0.0458     0.0259    224.410    226.600    34.9562    34.9582    27.8116    27.8132    1496.60    1496.60         25 0.0000e+00
      49853  62.875778   1926.000   1906.390     3.5574     3.5571   3.295650   3.295794     1.6925     2.1131    0.00044    0.00037    88.3964     0.0514     0.0240    224.458    226.695    34.9560    34.9581    27.8117    27.8133    1496.61    1496.61         24 0.0000e+00
      49876  62.875790   1927.000   1907.374     3.5566     3.5562   3.295608   3.295758     1.6926     2.1129    0.00029    0.00029    88.3838     0.0490     0.0218    224.505    226.709    34.9560    34.9581    27.8117    27.8134    1496.62    1496.62         24 0.0000e+00
      49900  62.875801   1928.000   1908.358     3.5557     3.5554   3.295589   3.295738     1.6926     2.1125    0.00004    0.00051    88.3905     0.0522     0.0222    224.541    226.686    34.9562    34.9582    27.8119    27.8136    1496.63    1496.64         24 0.0000e+00
      49923  62.875813   1929.000   1909.344     3.5558     3.5555   3.295650   3.295805     1.6926     2.1131   -0.00004    0.00009    88.3951     0.0552     0.0259    224.569    226.805    34.9563    34.9585    27.8120    27.8138    1496.65    1496.65         21 0.0000e+00
      49944  62.875820   1930.000   1910.329     3.5553     3.5549   3.295653   3.295798     1.6926     2.1132    0.00004   -0.00026    88.4030     0.0457     0.0264    224.603    226.853    34.9564    34.9585    27.8122    27.8139    1496.67    1496.67         21 0.0000e+00
      49965  62.875832   1931.000   1911.320     3.5528     3.5524   3.295464   3.295597     1.6926     2.1135    0.00010   -0.00007    88.3957     0.0531     0.0236    224.650    226.938    34.9564    34.9583    27.8124    27.8140    1496.67    1496.67         22 0.0000e+00
      49990  62.875843   1932.000   1912.305     3.5507     3.5504   3.295303   3.295454     1.6926     2.1135   -0.00001    0.00036    88.4033     0.0540     0.0241    224.694    226.980    34.9561    34.9582    27.8124    27.8141    1496.68    1496.68         28 0.0000e+00
      50020  62.875858   1933.000   1913.282     3.5502     3.5500   3.295303   3.295463     1.6926     2.1135    0.00006    0.00007    88.4036     0.0522     0.0226    224.727    227.013    34.9562    34.9583    27.8126    27.8143    1496.70    1496.70         30 0.0000e+00
      50046  62.875870   1934.000   1914.265     3.5502     3.5497   3.295345   3.295502     1.6925     2.1135    0.00001    0.00029    88.4031     0.0461     0.0164    224.746    227.045    34.9563    34.9586    27.8126    27.8145    1496.71    1496.71         22 0.0000e+00
      50065  62.875881   1935.000   1915.248     3.5490     3.5486   3.295288   3.295445     1.6922     2.1135   -0.00003    0.00002    88.3926     0.0451     0.0188    224.725    227.072    34.9563    34.9586    27.8128    27.8146    1496.72    1496.73         17 0.0000e+00
      50082  62.875889   1936.000   1916.241     3.5474     3.5470   3.295181   3.295339     1.6918     2.1135   -0.00002   -0.00003    88.4038     0.0471     0.0204    224.674    227.124    34.9563    34.9585    27.8129    27.8147    1496.73    1496.74         16 0.0000e+00
      50097  62.875896   1937.000   1917.232     3.5461     3.5458   3.295126   3.295273     1.6914     2.1134   -0.00006    0.00001    88.3866     0.0523     0.0231    224.640    227.138    34.9565    34.9585    27.8132    27.8149    1496.75    1496.75         15 0.0000e+00
      50113  62.875904   1938.000   1918.222     3.5453     3.5450   3.295086   3.295249     1.6913     2.1129   -0.00017   -0.00003    88.3844     0.0545     0.0243    224.662    227.100    34.9565    34.9587    27.8133    27.8151    1496.76    1496.76         18 0.0000e+00
      50135  62.875912   1939.000   1919.205     3.5442     3.5438   3.295031   3.295175     1.6914     2.1124   -0.00045   -0.00001    88.3918     0.0508     0.0233    224.719    227.067    34.9565    34.9585    27.8134    27.8151    1496.77    1496.77         27 0.0000e+00
      50167  62.875927   1940.000   1920.181     3.5436     3.5433   3.294999   3.295163     1.6915     2.1123   -0.00038   -0.00040    88.3968     0.0460     0.0259    224.761    227.092    34.9562    34.9585    27.8133    27.8151    1496.78    1496.79         33 0.0000e+00
      50195  62.875942   1941.000   1921.164     3.5431     3.5429   3.295005   3.295173     1.6918     2.1123    0.00008   -0.00054    88.3934     0.0440     0.0284    224.859    227.125    34.9563    34.9585    27.8134    27.8152    1496.80    1496.80         24 0.0000e+00
      50217  62.875954   1942.000   1922.152     3.5429     3.5425   3.295028   3.295181     1.6918     2.1123    0.00007   -0.00014    88.4052     0.0512     0.0253    224.878    227.156    34.9563    34.9585    27.8134    27.8152    1496.82    1496.82         21 0.0000e+00
      50238  62.875961   1943.000   1923.140     3.5425     3.5422   3.295033   3.295179     1.6916     2.1124    0.00009    0.00004    88.4052     0.0543     0.0256    224.878    227.190    34.9563    34.9584    27.8135    27.8151    1496.83    1496.83         21 0.0000e+00
      50260  62.875973   1944.000   1924.128     3.5419     3.5415   3.295027   3.295156     1.6915     2.1122    0.00018   -0.00016    88.4052     0.0520     0.0217    224.898    227.204    34.9564    34.9584    27.8136    27.8152    1496.85    1496.85         24 0.0000e+00
      50287  62.875988   1945.000   1925.111     3.5410     3.5406   3.294973   3.295128     1.6914     2.1120   -0.00003   -0.00015    88.4040     0.0475     0.0229    224.915    227.208    34.9563    34.9585    27.8136    27.8154    1496.86    1496.86         29 0.0000e+00
      50315  62.875999   1946.000   1926.091     3.5401     3.5397   3.294933   3.295073     1.6914     2.1117   -0.00015    0.00010    88.3932     0.0533     0.0249    224.952    227.196    34.9563    34.9583    27.8137    27.8154    1496.87    1496.87         26 0.0000e+00
      50340  62.876011   1947.000   1927.079     3.5399     3.5394   3.294943   3.295092     1.6914     2.1119    0.00005   -0.00002    88.4002     0.0538     0.0259    224.984    227.264    34.9561    34.9584    27.8136    27.8155    1496.89    1496.89         23 0.0000e+00
      50361  62.876022   1948.000   1928.064     3.5394     3.5389   3.294938   3.295085     1.6914     2.1113    0.00010   -0.00025    88.4030     0.0545     0.0283    225.017    227.212    34.9561    34.9583    27.8136    27.8154    1496.90    1496.90         21 0.0000e+00
      50382  62.876034   1949.000   1929.050     3.5381     3.5378   3.294856   3.295001     1.6914     2.1110   -0.00005   -0.00007    88.4052     0.0455     0.0310    225.044    227.209    34.9560    34.9581    27.8137    27.8154    1496.91    1496.91         21 0.0000e+00
      50404  62.876041   1950.000   1930.036     3.5363     3.5359   3.294737   3.294875     1.6907     2.1107   -0.00013   -0.00011    88.4030     0.0587     0.0269    224.947    227.204    34.9560    34.9580    27.8138    27.8155    1496.92    1496.92         22 0.0000e+00
      50425  62.876053   1951.000   1931.023     3.5346     3.5338   3.294607   3.294729     1.6904     2.1108   -0.00011   -0.00039    88.3831     0.0572     0.0252    224.948    227.256    34.9558    34.9580    27.8139    27.8157    1496.93    1496.93         22 0.0000e+00
      50447  62.876064   1952.000   1932.005     3.5342     3.5337   3.294617   3.294762     1.6902     2.1101   -0.00024   -0.00049    88.4028     0.0567     0.0261    224.937    227.193    34.9559    34.9581    27.8140    27.8158    1496.95    1496.95         21 0.0000e+00
      50468  62.876076   1953.000   1932.989     3.5332     3.5328   3.294569   3.294711     1.6902     2.1099   -0.00060   -0.00013    88.4028     0.0596     0.0253    224.975    227.208    34.9559    34.9580    27.8141    27.8158    1496.96    1496.96         20 0.0000e+00
      50488  62.876083   1954.000   1933.975     3.5304     3.5299   3.294348   3.294460     1.6902     2.1100   -0.00037   -0.00010    88.3814     0.0446     0.0241    225.022    227.253    34.9557    34.9576    27.8143    27.8158    1496.96    1496.96         20 0.0000e+00
      50507  62.876091   1955.000   1934.961     3.5240     3.5237   3.293818   3.293951     1.6902     2.1100   -0.00010   -0.00046    88.3909     0.0520     0.0239    225.093    227.323    34.9557    34.9576    27.8149    27.8164    1496.95    1496.95         18 0.0000e+00
      50525  62.876102   1956.000   1935.952     3.5224     3.5221   3.293705   3.293864     1.6902     2.1100    0.00003   -0.00010    88.3993     0.0576     0.0242    225.133    227.364    34.9555    34.9578    27.8149    27.8167    1496.96    1496.96         20 0.0000e+00
      50547  62.876114   1957.000   1936.939     3.5217     3.5214   3.293689   3.293826     1.6902     2.1100   -0.00008   -0.00028    88.3927     0.0594     0.0239    225.168    227.401    34.9557    34.9576    27.8151    27.8167    1496.98    1496.98         24 0.0000e+00
      50574  62.876125   1958.000   1937.919     3.5199     3.5196   3.293554   3.293714     1.6903     2.1103   -0.00000    0.00005    88.4019     0.0534     0.0188    225.211    227.487    34.9555    34.9576    27.8151    27.8168    1496.99    1496.99         30 0.0000e+00
      50605  62.876141   1959.000   1938.901     3.5175     3.5176   3.293387   3.293565     1.6903     2.1104   -0.00004    0.00016    88.3961     0.0564     0.0215    225.257    227.543    34.9555    34.9575    27.8154    27.8170    1496.99    1497.00         31 0.0000e+00
      50634  62.876156   1960.000   1939.886     3.5145     3.5144   3.293153   3.293315     1.6903     2.1106 -9.990e-29    0.00001    88.3886     0.0603     0.0261    225.306    227.623    34.9554    34.9574    27.8156    27.8172    1497.00    1497.00         27 0.0000e+00
      50659  62.876167   1961.000   1940.869     3.5142     3.5139   3.293169   3.293318     1.6903     2.1107 -9.990e-29    0.00005    88.3930     0.0563     0.0274    225.339    227.664    34.9555    34.9575    27.8157    27.8174    1497.01    1497.01         23 0.0000e+00
      50681  62.876175   1962.000   1941.855     3.5137     3.5132   3.293166   3.293291     1.6903     2.1102 -9.990e-29    0.00009    88.3940     0.0514     0.0254    225.372    227.631    34.9555    34.9575    27.8157    27.8174    1497.03    1497.03         21 0.0000e+00
      50701  62.876186   1963.000   1942.845     3.5128     3.5125   3.293130   3.293270     1.6903     2.1101    0.00000    0.00027    88.4037     0.0459     0.0267    225.409    227.651    34.9555    34.9575    27.8159    27.8175    1497.04    1497.04         20 0.0000e+00
      50722  62.876198   1964.000   1943.834     3.5064     3.5055   3.292583   3.292670     1.6903     2.1100    0.00001   -0.00004    88.3916     0.0607     0.0252    225.477    227.709    34.9553    34.9573    27.8163    27.8180    1497.03    1497.03         22 0.0000e+00
      50748  62.876209   1965.000   1944.816     3.5037     3.5034   3.292373   3.292545     1.6903     2.1106   -0.00005   -0.00038    88.3842     0.0468     0.0255    225.529    227.846    34.9552    34.9575    27.8165    27.8184    1497.04    1497.04         29 0.0000e+00
      50776  62.876221   1966.000   1945.795     3.5031     3.5030   3.292365   3.292538     1.6903     2.1113    0.00000   -0.00007    88.3956     0.0463     0.0221    225.563    227.968    34.9553    34.9574    27.8167    27.8183    1497.05    1497.05         26 0.0000e+00
      50800  62.876232   1967.000   1946.777     3.5026     3.5024   3.292361   3.292520     1.6903     2.1109    0.00001    0.00029    88.3974     0.0442     0.0232    225.596    227.947    34.9552    34.9574    27.8166    27.8184    1497.06    1497.07         21 0.0000e+00
      50819  62.876244   1968.000   1947.757     3.5021     3.5019   3.292352   3.292520     1.6903     2.1108    0.00010    0.00077    88.3987     0.0440     0.0216    225.630    227.972    34.9552    34.9574    27.8167    27.8185    1497.08    1497.08         18 0.0000e+00
      50835  62.876251   1969.000   1948.760     3.5020     3.5020   3.292392   3.292560     1.6903     2.1102    0.00005    0.00046    88.3993     0.0470     0.0236    225.660    227.916    34.9553    34.9573    27.8168    27.8184    1497.10    1497.10         16 0.0000e+00
      50851  62.876259   1970.000   1949.739     3.5010     3.5008   3.292352   3.292495     1.6903     2.1101    0.00001   -0.00005    88.4005     0.0552     0.0241    225.697    227.931    34.9554    34.9574    27.8169    27.8186    1497.11    1497.11         15 0.0000e+00
      50867  62.876266   1971.000   1950.729     3.4987     3.4985   3.292181   3.292325     1.6903     2.1101    0.00001   -0.00039    88.3964     0.0535     0.0242    225.741    227.977    34.9553    34.9572    27.8171    27.8186    1497.12    1497.12         16 0.0000e+00
      50884  62.876274   1972.000   1951.717     3.4964     3.4959   3.292003   3.292141     1.6903     2.1101   -0.00003   -0.00039    88.4014     0.0556     0.0258    225.787    228.023    34.9552    34.9573    27.8173    27.8190    1497.12    1497.12         19 0.0000e+00
      50906  62.876286   1973.000   1952.706     3.4949     3.4944   3.291912   3.292054     1.6903     2.1101   -0.00000   -0.00043    88.4002     0.0478     0.0245    225.827    228.065    34.9552    34.9574    27.8174    27.8192    1497.13    1497.13         28 0.0000e+00
      50951  62.876308   1974.000   1953.678     3.4956     3.4952   3.291998   3.292149     1.6904     2.1101   -0.00001   -0.00003    88.3969     0.0450     0.0257    225.854    228.091    34.9550    34.9572    27.8172    27.8189    1497.15    1497.15         55 0.0000e+00
      50990  62.876328   1975.000   1954.654     3.4910     3.4907   3.291638   3.291782     1.6904     2.1101    0.00004    0.00019    88.3872     0.0542     0.0224    225.915    228.152    34.9551    34.9571    27.8177    27.8193    1497.15    1497.15         24 0.0000e+00
