data/cnv/dfr29006.cnv
* Sea-Bird SBE 9 Data File:
* FileName = C:\SEASOFT\PIRATA-FR29\data\fr29006.hex
* Software Version Seasave V 7.26.7.107
* Temperature SN = 6083
* Conductivity SN = 4509
* Number of Bytes Per Scan = 42
* Number of Voltage Words = 3
* Number of Scans Averaged by the Deck Unit = 1
* NMEA Latitude = 00 01.06 N
* NMEA Longitude = 000 01.05 E
* NMEA UTC (Time) = Mar 10 2019 16:42:09
** Cruise: PIRATA-FR29
** Ship: THALASSA
** Station: 6
** Bottom Depth: 4904.9
** Barometric pressure : 1009.3
** Temp Air: 27.2
** Operator: PS/MG
** Comments:
# nquan = 25
# nvalues = 502                         
# units = specified
# name 0 = scan: Scan Count
# name 1 = timeJ: Julian Days
# name 2 = prDM: Pressure, Digiquartz [db]
# name 3 = depSM: Depth [salt water, m]
# name 4 = t090C: Temperature [ITS-90, deg C]
# name 5 = t190C: Temperature, 2 [ITS-90, deg C]
# name 6 = c0S/m: Conductivity [S/m]
# name 7 = c1S/m: Conductivity, 2 [S/m]
# name 8 = sbeox0V: Oxygen raw, SBE 43 [V]
# name 9 = sbeox1V: Oxygen raw, SBE 43, 2 [V]
# name 10 = sbox0dV/dT: Oxygen, SBE 43 [dov/dt]
# name 11 = sbox1dV/dT: Oxygen, SBE 43, 2 [dov/dt]
# name 12 = CStarTr0: Beam Transmission, WET Labs C-Star [%]
# name 13 = flECO-AFL: Fluorescence, WET Labs ECO-AFL/FL [mg/m^3]
# name 14 = flC: Fluorescence, Chelsea Aqua 3 Chl Con [ug/l]
# name 15 = sbox0Mm/Kg: Oxygen, SBE 43 [umol/kg], WS = 2
# name 16 = sbox1Mm/Kg: Oxygen, SBE 43, 2 [umol/kg], WS = 2
# name 17 = sal00: Salinity, Practical [PSU]
# name 18 = sal11: Salinity, Practical, 2 [PSU]
# name 19 = sigma-é00: Density [sigma-theta, kg/m^3]
# name 20 = sigma-é11: Density, 2 [sigma-theta, kg/m^3]
# name 21 = svCM: Sound Velocity [Chen-Millero, m/s]
# name 22 = svCM1: Sound Velocity, 2 [Chen-Millero, m/s]
# name 23 = nbin: number of scans per bin
# name 24 = flag: flag
# span 0 =       1100,      19025       
# span 1 =  69.696479,  69.705123       
# span 2 =      4.000,    505.000       
# span 3 =      3.978,    501.615       
# span 4 =     7.4526,    29.8647       
# span 5 =     7.4475,    29.8633       
# span 6 =   3.561101,   5.720453       
# span 7 =   3.560713,   5.720376       
# span 8 =     0.9840,     2.7071       
# span 9 =     1.1661,     3.4244       
# span 10 =   -0.06499,    0.01187      
# span 11 =   -0.09325,    0.01852      
# span 12 =    87.6144,    89.7230      
# span 13 =     0.0502,     0.9618      
# span 14 =     0.0370,     0.2964      
# span 15 =     62.813,    200.714      
# span 16 =     63.140,    203.272      
# span 17 =    34.3167,    36.6168      
# span 18 =    34.3172,    36.6107      
# span 19 =    21.2604,    27.0889      
# span 20 =    21.2613,    27.0903      
# span 21 =    1488.27,    1544.68      
# span 22 =    1488.25,    1544.68      
# span 23 =         15,        193      
# span 24 = 0.0000e+00, 0.0000e+00      
# interval = decibars: 1                
# start_time = Mar 10 2019 16:42:10 [System UTC, first data scan.]
# bad_flag = -9.990e-29
*END*
       1100  69.696480      4.000      3.978    29.8647    29.8633   5.720453   5.720376     2.6645     3.3591   -0.00056    0.00030    88.1249     0.1509     0.0655    188.405    191.334    34.3167    34.3172    21.2604    21.2613    1544.68    1544.68        165 0.0000e+00
       3257  69.697517      5.000      4.972    29.8148    29.8130   5.716611   5.716524     2.6658     3.3657   -0.00127    0.00152    88.0815     0.1606     0.0644    188.686    191.935    34.3259    34.3266    21.2843    21.2854    1544.61    1544.60         88 0.0000e+00
       3177  69.697479      6.000      5.966    29.7513    29.7585   5.712059   5.712592     2.6670     3.3616    0.00114   -0.00126    88.1258     0.1666     0.0717    188.995    191.825    34.3400    34.3385    21.3165    21.3129    1544.50    1544.52         55 0.0000e+00
       3225  69.697502      7.000      6.959    29.6600    29.6666   5.704968   5.705428     2.6631     3.3561    0.00028   -0.00200    88.1417     0.1500     0.0685    188.940    191.720    34.3566    34.3550    21.3600    21.3565    1544.35    1544.36         42 0.0000e+00
       3265  69.697525      8.000      7.957    29.5690    29.5696   5.696404   5.696405     2.6600     3.3559   -0.00283   -0.00229    88.1513     0.1433     0.0651    188.965    192.002    34.3631    34.3627    21.3957    21.3951    1544.18    1544.18         38 0.0000e+00
       3303  69.697540      9.000      8.951    29.5191    29.5241   5.691661   5.692142     2.6620     3.3591   -0.00119   -0.00177    88.1598     0.1366     0.0617    189.309    192.372    34.3662    34.3659    21.4149    21.4130    1544.09    1544.10         40 0.0000e+00
       3345  69.697563     10.000      9.945    29.4346    29.4569   5.682526   5.684701     2.6597     3.3534    0.00020    0.00248    88.2038     0.1456     0.0609    189.396    192.205    34.3641    34.3630    21.4419    21.4336    1543.93    1543.98         45 0.0000e+00
       3392  69.697586     11.000     10.940    29.3633    29.3695   5.675286   5.675881     2.6594     3.3457   -0.00100   -0.00278    88.2713     0.1467     0.0586    189.613    191.956    34.3655    34.3651    21.4670    21.4646    1543.80    1543.81         50 0.0000e+00
       3445  69.697609     12.000     11.932    29.3406    29.3406   5.673466   5.673500     2.6568     3.3462   -0.00032   -0.00407    88.2613     0.1480     0.0624    189.480    192.092    34.3690    34.3693    21.4774    21.4775    1543.77    1543.77         50 0.0000e+00
       3488  69.697632     13.000     12.927    29.3290    29.3291   5.672861   5.672879     2.6584     3.3484   -0.00123    0.00064    88.3385     0.1408     0.0605    189.674    192.296    34.3729    34.3730    21.4843    21.4843    1543.77    1543.77         37 0.0000e+00
       3526  69.697647     14.000     13.924    29.3151    29.3153   5.671352   5.671381     2.6576     3.3450    0.00064    0.00112    88.3255     0.1358     0.0617    189.669    192.129    34.3724    34.3724    21.4886    21.4886    1543.75    1543.75         42 0.0000e+00
       3571  69.697670     15.000     14.917    29.2975    29.2985   5.669129   5.669271     2.6561     3.3455   -0.00030   -0.00135    88.3408     0.1546     0.0598    189.616    192.235    34.3695    34.3698    21.4924    21.4923    1543.73    1543.73         47 0.0000e+00
       3616  69.697693     16.000     15.913    29.2921    29.2922   5.668799   5.668841     2.6546     3.3460   -0.00071   -0.00028    88.3091     0.1515     0.0608    189.522    192.306    34.3709    34.3710    21.4954    21.4954    1543.74    1543.74         44 0.0000e+00
       3662  69.697716     17.000     16.905    29.2702    29.2714   5.666010   5.666169     2.6528     3.3432   -0.00086    0.00080    88.3164     0.1407     0.0601    189.457    192.203    34.3672    34.3674    21.5000    21.4998    1543.70    1543.71         47 0.0000e+00
       3705  69.697739     18.000     17.900    29.1113    29.1124   5.670224   5.670042     2.6593     3.3516   -0.00076   -0.00167    88.1564     0.1528     0.0609    190.383    193.094    34.5101    34.5080    21.6606    21.6586    1543.53    1543.53         40 0.0000e+00
       3747  69.697754     19.000     18.896    28.9373    28.9349   5.669512   5.669446     2.6665     3.3515    0.00185    0.00263    88.2236     0.1542     0.0656    191.434    193.482    34.6307    34.6320    21.8093    21.8110    1543.30    1543.30         43 0.0000e+00
       3790  69.697777     20.000     19.888    28.5826    28.5499   5.661835   5.660759     2.6675     3.3530    0.00525    0.00288    88.1533     0.1591     0.0688    192.416    194.470    34.8364    34.8530    22.0816    22.1048    1542.77    1542.71         42 0.0000e+00
       3828  69.697792     21.000     20.883    28.0534    28.0403   5.648949   5.648099     2.6780     3.3651    0.00044   -0.00227    87.9500     0.1785     0.0688    194.690    196.479    35.1376    35.1414    22.4822    22.4894    1541.95    1541.92         36 0.0000e+00
       3867  69.697815     22.000     21.880    27.7214    27.7123   5.637050   5.636594     2.6801     3.3636    0.00475    0.00659    87.8759     0.1802     0.0705    195.762    197.175    35.3022    35.3059    22.7145    22.7202    1541.40    1541.38         44 0.0000e+00
       3919  69.697838     23.000     22.872    27.4747    27.4627   5.630619   5.630161     2.6799     3.3626    0.00201    0.00019    87.9645     0.1788     0.0682    196.390    197.699    35.4427    35.4486    22.9003    22.9085    1541.02    1541.00         55 0.0000e+00
       3966  69.697861     24.000     23.865    27.4195    27.4198   5.638506   5.638447     2.6765     3.3747   -0.00014   -0.00264    88.1492     0.1782     0.0613    196.159    198.577    35.5403    35.5397    22.9917    22.9911    1541.01    1541.01         38 0.0000e+00
       4001  69.697876     25.000     24.862    27.4361    27.4369   5.644239   5.644699     2.6772     3.3816   -0.00091    0.00735    88.2381     0.1548     0.0607    196.157    198.993    35.5682    35.5708    23.0074    23.0091    1541.10    1541.10         36 0.0000e+00
       4043  69.697899     26.000     25.857    27.4578    27.4575   5.652601   5.652569     2.6825     3.3904   -0.00116    0.00494    88.1046     0.1590     0.0646    196.540    199.516    35.6107    35.6107    23.0324    23.0326    1541.21    1541.21         49 0.0000e+00
       4094  69.697922     27.000     26.849    27.4361    27.4316   5.650457   5.649864     2.6809     3.3820    0.00312    0.00472    88.3081     0.1561     0.0624    196.487    199.032    35.6117    35.6109    23.0403    23.0411    1541.18    1541.17         51 0.0000e+00
       4142  69.697945     28.000     27.842    27.3424    27.3400   5.639230   5.639102     2.6739     3.3747   -0.00081   -0.00441    88.3092     0.1556     0.0660    196.185    198.834    35.6030    35.6040    23.0641    23.0656    1540.97    1540.97         43 0.0000e+00
       4179  69.697968     29.000     28.836    27.3391    27.3404   5.643177   5.643628     2.6750     3.3771   -0.00349   -0.00456    88.2416     0.1627     0.0684    196.286    198.982    35.6333    35.6355    23.0881    23.0893    1541.02    1541.02         33 0.0000e+00
       4213  69.697983     30.000     29.836    27.3610    27.3595   5.649427   5.649224     2.6774     3.3801   -0.00261   -0.00190    88.3264     0.1629     0.0709    196.418    199.125    35.6608    35.6605    23.1018    23.1020    1541.11    1541.11         36 0.0000e+00
       4257  69.697998     31.000     30.829    27.2867    27.2817   5.641373   5.640568     2.6718     3.3728    0.00187    0.00269    88.3609     0.1583     0.0708    196.179    198.883    35.6599    35.6580    23.1251    23.1253    1540.96    1540.95         54 0.0000e+00
       4313  69.698029     32.000     31.822    27.2373    27.2390   5.638978   5.639346     2.6725     3.3672   -0.00316   -0.00453    88.3394     0.1616     0.0670    196.402    198.614    35.6804    35.6817    23.1566    23.1569    1540.89    1540.89         54 0.0000e+00
       4366  69.698051     33.000     32.814    27.2512    27.2511   5.645937   5.645892     2.6733     3.3749    0.00123   -0.00132    88.3472     0.1737     0.0669    196.402    199.093    35.7190    35.7188    23.1812    23.1811    1540.98    1540.98         50 0.0000e+00
       4410  69.698074     34.000     33.809    27.1566    27.1535   5.636938   5.636315     2.6624     3.3574   -0.00003    0.00498    88.3578     0.1858     0.0659    195.735    198.179    35.7270    35.7250    23.2177    23.2172    1540.79    1540.78         39 0.0000e+00
       4448  69.698097     35.000     34.806    27.0910    27.0895   5.632941   5.633489     2.6629     3.3587   -0.00274   -0.00654    88.2870     0.1811     0.0727    195.992    198.451    35.7486    35.7537    23.2551    23.2595    1540.68    1540.68         41 0.0000e+00
       4495  69.698112     36.000     35.801    27.0260    27.0208   5.640806   5.642656     2.6830     3.3898   -0.00180   -0.00188    88.2637     0.2056     0.0778    197.911    200.713    35.8547    35.8720    23.3560    23.3708    1540.66    1540.67         54 0.0000e+00
       4553  69.698143     37.000     36.791    26.9339    26.9246   5.652219   5.652079     2.7059     3.4244    0.01187    0.01852    88.1290     0.2253     0.0863    200.116    203.272    36.0076    36.0138    23.5008    23.5085    1540.63    1540.62         56 0.0000e+00
       4602  69.698166     38.000     37.789    26.7685    26.7614   5.643709   5.643286     2.7071     3.4117    0.00772    0.01232    88.0209     0.2400     0.0892    200.714    202.830    36.0747    36.0772    23.6043    23.6085    1540.34    1540.33         46 0.0000e+00
       4663  69.698196     39.000     38.782    26.6880    26.6617   5.640188   5.638709     2.7030     3.4132    0.00065   -0.00347    87.9932     0.2532     0.0967    200.577    203.207    36.1118    36.1217    23.6580    23.6739    1540.22    1540.17         75 0.0000e+00
       4723  69.698227     40.000     39.773    26.4683    26.4592   5.625083   5.624051     2.6843     3.3810   -0.00289   -0.00024    87.9876     0.2664     0.0970    199.539    201.522    36.1743    36.1740    23.7750    23.7776    1539.80    1539.77         42 0.0000e+00
       4761  69.698242     41.000     40.772    26.2917    26.2756   5.611227   5.609718     2.6722     3.3692   -0.00787   -0.01371    87.9497     0.2569     0.1006    198.995    201.229    36.2123    36.2140    23.8595    23.8659    1539.45    1539.41         40 0.0000e+00
       4812  69.698273     42.000     41.766    26.1455    26.1074   5.599748   5.596289     2.6610     3.3567   -0.00768   -0.00940    87.8950     0.2861     0.1101    198.427    200.840    36.2436    36.2485    23.9292    23.9449    1539.16    1539.07         63 0.0000e+00
       4877  69.698303     43.000     42.759    25.9185    25.8768   5.581962   5.578154     2.6420     3.3250   -0.00490   -0.00559    87.8650     0.3131     0.1192    197.385    199.249    36.2930    36.2982    24.0377    24.0547    1538.70    1538.61         59 0.0000e+00
       4926  69.698326     44.000     43.751    25.5801    25.5274   5.556757   5.552076     2.6238     3.2969   -0.00813   -0.01519    87.7988     0.3262     0.1257    196.723    198.227    36.3769    36.3845    24.2066    24.2286    1538.01    1537.89         40 0.0000e+00
       4963  69.698341     45.000     44.750    25.2419    25.1747   5.523876   5.515728     2.6041     3.2681   -0.00849   -0.01279    87.7388     0.3541     0.1332    195.988    197.246    36.4041    36.3976    24.3316    24.3474    1537.25    1537.09         38 0.0000e+00
       5008  69.698364     46.000     45.745    24.9626    24.9175   5.496193   5.490749     2.5804     3.2409   -0.01172   -0.01728    87.7837     0.3865     0.1460    194.685    196.065    36.4226    36.4184    24.4313    24.4418    1536.62    1536.51         56 0.0000e+00
       5082  69.698402     47.000     46.736    24.6821    24.6724   5.474650   5.472732     2.5522     3.2141   -0.01209   -0.01331    87.8241     0.4758     0.1592    192.887    194.809    36.4881    36.4816    24.5663    24.5643    1536.03    1536.00         84 0.0000e+00
       5152  69.698433     48.000     47.729    24.4533    24.3585   5.456549   5.445869     2.5276     3.1764   -0.00504   -0.00229    87.6877     0.5281     0.1684    191.265    192.976    36.5376    36.5344    24.6730    24.6991    1535.55    1535.31         53 0.0000e+00
       5195  69.698456     49.000     48.723    23.8459    23.7735   5.396758   5.389000     2.5177     3.1624   -0.00946   -0.01740    87.6144     0.5475     0.1906    192.254    193.684    36.5815    36.5818    24.8881    24.9099    1534.12    1533.94         38 0.0000e+00
       5232  69.698471     50.000     49.722    23.5640    23.5297   5.371023   5.366530     2.5206     3.1601   -0.01081   -0.01701    87.8058     0.5031     0.1948    193.417    194.245    36.6168    36.6107    24.9984    25.0038    1533.47    1533.38         38 0.0000e+00
       5278  69.698494     51.000     50.714    23.2568    23.2354   5.335244   5.332223     2.5052     3.1493    0.00171    0.00014    87.8118     0.5342     0.1906    192.998    194.402    36.5956    36.5901    25.0725    25.0746    1532.70    1532.64         54 0.0000e+00
       5334  69.698524     52.000     51.708    23.0317    23.0496   5.308641   5.310463     2.4900     3.1354   -0.00784   -0.00602    87.8714     0.5572     0.1886    192.316    193.977    36.5767    36.5759    25.1239    25.1181    1532.12    1532.17         58 0.0000e+00
       5402  69.698555     53.000     52.703    22.7633    22.8073   5.276215   5.280921     2.4777     3.1238   -0.00649   -0.00555    88.0081     0.5822     0.1934    192.058    193.921    36.5480    36.5480    25.1798    25.1671    1531.43    1531.54         85 0.0000e+00
       5484  69.698593     54.000     53.693    22.5200    22.5318   5.246754   5.247728     2.4702     3.1118   -0.00040   -0.00203    88.0780     0.5850     0.1886    192.185    193.939    36.5210    36.5187    25.2293    25.2242    1530.79    1530.82         58 0.0000e+00
       5525  69.698616     55.000     54.690    22.3161    22.2860   5.221159   5.216834     2.4589     3.0927   -0.00290   -0.00337    88.1167     0.6656     0.1945    191.807    193.332    36.4907    36.4820    25.2645    25.2664    1530.25    1530.16         38 0.0000e+00
       5564  69.698631     56.000     55.685    22.0414    21.9998   5.186733   5.180955     2.4420     3.0659   -0.00546   -0.00955    88.0784     0.6941     0.2128    191.125    192.274    36.4498    36.4391    25.3113    25.3149    1529.51    1529.38         40 0.0000e+00
       5606  69.698654     57.000     56.680    21.7848    21.7597   5.154854   5.151402     2.4193     3.0381   -0.00900   -0.01442    87.9321     0.7905     0.2440    189.798    190.975    36.4131    36.4068    25.3557    25.3579    1528.81    1528.74         45 0.0000e+00
       5659  69.698677     58.000     57.675    21.6796    21.6796   5.141374   5.141174     2.3962     3.0200   -0.01274   -0.01517    87.8297     0.8831     0.2704    187.906    189.884    36.3944    36.3928    25.3710    25.3697    1528.53    1528.53         65 0.0000e+00
       5761  69.698730     59.000     58.665    21.5816    21.5779   5.128527   5.127938     2.3649     2.9898   -0.00681   -0.00451    87.7798     0.9319     0.2964    185.167    187.942    36.3744    36.3729    25.3831    25.3830    1528.27    1528.25        107 0.0000e+00
       5823  69.698753     60.000     59.663    21.3115    21.3640   5.095098   5.101077     2.3255     2.9384   -0.00896   -0.01187    87.7711     0.9278     0.2954    182.177    184.733    36.3354    36.3388    25.4285    25.4165    1527.52    1527.67         45 0.0000e+00
