data/cnv/dfr29006.cnv
* Sea-Bird SBE 9 Data File:
* FileName = C:\SEASOFT\PIRATA-FR29\data\fr29006.hex
* Software Version Seasave V 7.26.7.107
* Temperature SN = 6083
* Conductivity SN = 4509
* Number of Bytes Per Scan = 42
* Number of Voltage Words = 3
* Number of Scans Averaged by the Deck Unit = 1
* NMEA Latitude = 00 01.06 N
* NMEA Longitude = 000 01.05 E
* NMEA UTC (Time) = Mar 10 2019 16:42:09
** Cruise: PIRATA-FR29
** Ship: THALASSA
** Station: 6
** Bottom Depth: 4904.9
** Barometric pressure : 1009.3
** Temp Air: 27.2
** Operator: PS/MG
** Comments:
# nquan = 25
# nvalues = 502                         
# units = specified
# name 0 = scan: Scan Count
# name 1 = timeJ: Julian Days
# name 2 = prDM: Pressure, Digiquartz [db]
# name 3 = depSM: Depth [salt water, m]
# name 4 = t090C: Temperature [ITS-90, deg C]
# name 5 = t190C: Temperature, 2 [ITS-90, deg C]
# name 6 = c0S/m: Conductivity [S/m]
# name 7 = c1S/m: Conductivity, 2 [S/m]
# name 8 = sbeox0V: Oxygen raw, SBE 43 [V]
# name 9 = sbeox1V: Oxygen raw, SBE 43, 2 [V]
# name 10 = sbox0dV/dT: Oxygen, SBE 43 [dov/dt]
# name 11 = sbox1dV/dT: Oxygen, SBE 43, 2 [dov/dt]
# name 12 = CStarTr0: Beam Transmission, WET Labs C-Star [%]
# name 13 = flECO-AFL: Fluorescence, WET Labs ECO-AFL/FL [mg/m^3]
# name 14 = flC: Fluorescence, Chelsea Aqua 3 Chl Con [ug/l]
# name 15 = sbox0Mm/Kg: Oxygen, SBE 43 [umol/kg], WS = 2
# name 16 = sbox1Mm/Kg: Oxygen, SBE 43, 2 [umol/kg], WS = 2
# name 17 = sal00: Salinity, Practical [PSU]
# name 18 = sal11: Salinity, Practical, 2 [PSU]
# name 19 = sigma-é00: Density [sigma-theta, kg/m^3]
# name 20 = sigma-é11: Density, 2 [sigma-theta, kg/m^3]
# name 21 = svCM: Sound Velocity [Chen-Millero, m/s]
# name 22 = svCM1: Sound Velocity, 2 [Chen-Millero, m/s]
# name 23 = nbin: number of scans per bin
# name 24 = flag: flag
# span 0 =       1100,      19025       
# span 1 =  69.696479,  69.705123       
# span 2 =      4.000,    505.000       
# span 3 =      3.978,    501.615       
# span 4 =     7.4526,    29.8647       
# span 5 =     7.4475,    29.8633       
# span 6 =   3.561101,   5.720453       
# span 7 =   3.560713,   5.720376       
# span 8 =     0.9840,     2.7071       
# span 9 =     1.1661,     3.4244       
# span 10 =   -0.06499,    0.01187      
# span 11 =   -0.09325,    0.01852      
# span 12 =    87.6144,    89.7230      
# span 13 =     0.0502,     0.9618      
# span 14 =     0.0370,     0.2964      
# span 15 =     62.813,    200.714      
# span 16 =     63.140,    203.272      
# span 17 =    34.3167,    36.6168      
# span 18 =    34.3172,    36.6107      
# span 19 =    21.2604,    27.0889      
# span 20 =    21.2613,    27.0903      
# span 21 =    1488.27,    1544.68      
# span 22 =    1488.25,    1544.68      
# span 23 =         15,        193      
# span 24 = 0.0000e+00, 0.0000e+00      
# interval = decibars: 1                
# start_time = Mar 10 2019 16:42:10 [System UTC, first data scan.]
# bad_flag = -9.990e-29
*END*
[from data line 464]
      16095  69.703712    468.000    464.906     7.8485     7.8484   3.599786   3.599869     1.2396     1.5081    0.00118    0.00175    89.6943     0.0630     0.0445    103.311    104.214    34.6951    34.6962    27.0640    27.0648    1489.22    1489.22         19 0.0000e+00
      16115  69.703720    469.000    465.897     7.8423     7.8423   3.599181   3.599323     1.2422     1.5117    0.00163    0.00243    89.6633     0.0705     0.0427    103.699    104.626    34.6943    34.6959    27.0643    27.0655    1489.22    1489.22         21 0.0000e+00
      16136  69.703728    470.000    466.891     7.8422     7.8418   3.599191   3.599310     1.2445     1.5150    0.00253    0.00317    89.6757     0.0582     0.0449    104.035    104.993    34.6941    34.6958    27.0641    27.0655    1489.23    1489.23         22 0.0000e+00
      16159  69.703743    471.000    467.881     7.8420     7.8415   3.599207   3.599321     1.2462     1.5175    0.00321    0.00374    89.6769     0.0647     0.0454    104.294    105.275    34.6940    34.6957    27.0641    27.0655    1489.25    1489.25         23 0.0000e+00
      16183  69.703751    472.000    468.872     7.8415     7.8413   3.599200   3.599344     1.2476     1.5189    0.00290    0.00406    89.6904     0.0588     0.0439    104.504    105.436    34.6940    34.6957    27.0641    27.0655    1489.26    1489.26         25 0.0000e+00
      16209  69.703766    473.000    469.868     7.8407     7.8407   3.599159   3.599327     1.2484     1.5198    0.00224    0.00321    89.6822     0.0715     0.0411    104.630    105.551    34.6938    34.6956    27.0641    27.0656    1489.27    1489.28         28 0.0000e+00
      16238  69.703781    474.000    470.856     7.8398     7.8394   3.599100   3.599230     1.2487     1.5206    0.00142    0.00169    89.6892     0.0604     0.0430    104.681    105.644    34.6936    34.6953    27.0642    27.0656    1489.29    1489.29         30 0.0000e+00
      16269  69.703796    475.000    471.849     7.8271     7.8272   3.597811   3.597921     1.2494     1.5219    0.00072    0.00079    89.6837     0.0722     0.0391    104.838    105.831    34.6919    34.6930    27.0647    27.0655    1489.25    1489.26         30 0.0000e+00
      16298  69.703812    476.000    472.840     7.8068     7.8075   3.595810   3.596000     1.2507     1.5242    0.00032    0.00058    89.6858     0.0649     0.0397    105.086    106.142    34.6900    34.6913    27.0662    27.0671    1489.19    1489.20         29 0.0000e+00
      16326  69.703819    477.000    473.832     7.8023     7.8021   3.595377   3.595486     1.2529     1.5273    0.00053    0.00106    89.6937     0.0654     0.0413    105.420    106.500    34.6893    34.6907    27.0663    27.0675    1489.19    1489.19         26 0.0000e+00
      16351  69.703835    478.000    474.822     7.7985     7.7983   3.595026   3.595152     1.2547     1.5300    0.00100    0.00193    89.6954     0.0651     0.0453    105.687    106.805    34.6888    34.6904    27.0665    27.0678    1489.19    1489.19         24 0.0000e+00
      16373  69.703842    479.000    475.812     7.7942     7.7939   3.594620   3.594694     1.2558     1.5310    0.00161    0.00227    89.6940     0.0648     0.0466    105.864    106.946    34.6882    34.6894    27.0667    27.0676    1489.19    1489.19         21 0.0000e+00
      16393  69.703857    480.000    476.806     7.7681     7.7673   3.592081   3.591978     1.2568     1.5319    0.00196    0.00272    89.6819     0.0503     0.0477    106.095    107.125    34.6863    34.6860    27.0690    27.0689    1489.11    1489.10         18 0.0000e+00
      16410  69.703865    481.000    477.803     7.7219     7.7207   3.587497   3.587248     1.2592     1.5342    0.00165    0.00248    89.6845     0.0615     0.0452    106.564    107.507    34.6823    34.6809    27.0726    27.0717    1488.94    1488.93         18 0.0000e+00
      16428  69.703873    482.000    478.799     7.6590     7.6570   3.581133   3.580571     1.2641     1.5399    0.00124    0.00164    89.6845     0.0721     0.0404    107.434    108.295    34.6757    34.6715    27.0765    27.0736    1488.71    1488.70         18 0.0000e+00
      16448  69.703880    483.000    479.789     7.5688     7.5682   3.572146   3.571998     1.2729     1.5511    0.00137    0.00107    89.6930     0.0648     0.0389    108.923    109.740    34.6678    34.6667    27.0833    27.0826    1488.37    1488.37         21 0.0000e+00
      16471  69.703896    484.000    480.781     7.5631     7.5629   3.571561   3.571665     1.2837     1.5647    0.00303    0.00304    89.6973     0.0517     0.0388    110.473    111.222    34.6666    34.6679    27.0832    27.0843    1488.36    1488.37         24 0.0000e+00
      16495  69.703903    485.000    481.771     7.5627     7.5626   3.571529   3.571647     1.2920     1.5755    0.00750    0.00896    89.6963     0.0614     0.0424    111.659    112.394    34.6662    34.6676    27.0830    27.0841    1488.38    1488.38         25 0.0000e+00
      16521  69.703918    486.000    482.764     7.5627     7.5625   3.571568   3.571689     1.2969     1.5828    0.01108    0.01415    89.6963     0.0653     0.0443    112.376    113.194    34.6661    34.6676    27.0830    27.0842    1488.40    1488.40         26 0.0000e+00
      16549  69.703926    487.000    483.760     7.5626     7.5624   3.571612   3.571726     1.2999     1.5878    0.00906    0.01160    89.6963     0.0642     0.0467    112.810    113.748    34.6662    34.6676    27.0830    27.0842    1488.41    1488.41         31 0.0000e+00
      16586  69.703949    488.000    484.749     7.5622     7.5619   3.571618   3.571736     1.3021     1.5916    0.00438    0.00643    89.6963     0.0704     0.0442    113.126    114.164    34.6662    34.6678    27.0832    27.0844    1488.43    1488.43         44 0.0000e+00
      16631  69.703972    489.000    485.737     7.5616     7.5612   3.571604   3.571732     1.3036     1.5937    0.00157    0.00297    89.6963     0.0657     0.0418    113.365    114.404    34.6662    34.6680    27.0833    27.0847    1488.44    1488.44         43 0.0000e+00
      16669  69.703987    490.000    486.728     7.5580     7.5577   3.571297   3.571400     1.3040     1.5947    0.00095    0.00115    89.6963     0.0780     0.0402    113.445    114.546    34.6660    34.6674    27.0836    27.0848    1488.44    1488.44         33 0.0000e+00
      16699  69.704002    491.000    487.725     7.5514     7.5514   3.570660   3.570798     1.3048     1.5959    0.00063    0.00088    89.6963     0.0693     0.0385    113.587    114.700    34.6652    34.6667    27.0839    27.0851    1488.43    1488.44         30 0.0000e+00
      16730  69.704018    492.000    488.717     7.5481     7.5481   3.570366   3.570514     1.3056     1.5972    0.00018    0.00069    89.6963     0.0658     0.0405    113.722    114.862    34.6647    34.6664    27.0841    27.0854    1488.44    1488.44         32 0.0000e+00
      16762  69.704033    493.000    489.708     7.5457     7.5455   3.570162   3.570293     1.3065     1.5989    0.00066    0.00096    89.6963     0.0663     0.0385    113.870    115.069    34.6644    34.6661    27.0842    27.0855    1488.44    1488.45         31 0.0000e+00
      16794  69.704048    494.000    490.702     7.5414     7.5413   3.569749   3.569893     1.3073     1.5999    0.00067    0.00105    89.6963     0.0762     0.0396    114.016    115.208    34.6638    34.6654    27.0843    27.0856    1488.44    1488.44         34 0.0000e+00
      16835  69.704071    495.000    491.695     7.5384     7.5386   3.569460   3.569654     1.3084     1.6014    0.00063    0.00102    89.6870     0.0643     0.0396    114.185    115.388    34.6632    34.6651    27.0843    27.0857    1488.45    1488.45         54 0.0000e+00
      16929  69.704109    496.000    492.683     7.5424     7.5449   3.569880   3.570327     1.3096     1.6024    0.00051    0.00058    89.6914     0.0596     0.0385    114.368    115.492    34.6632    34.6656    27.0838    27.0853    1488.48    1488.49        108 0.0000e+00
      16997  69.704147    497.000    493.675     7.5317     7.5312   3.568856   3.568974     1.3102     1.6027   -0.00020   -0.00041    89.6936     0.0606     0.0426    114.493    115.578    34.6624    34.6641    27.0846    27.0861    1488.45    1488.45         43 0.0000e+00
      17038  69.704163    498.000    494.671     7.5304     7.5301   3.568758   3.568891     1.3105     1.6039    0.00037    0.00024    89.6962     0.0611     0.0426    114.549    115.729    34.6621    34.6638    27.0847    27.0860    1488.46    1488.47         46 0.0000e+00
      17097  69.704193    499.000    495.661     7.5291     7.5287   3.568655   3.568770     1.3110     1.6048    0.00015    0.00063    89.6898     0.0644     0.0395    114.642    115.846    34.6618    34.6635    27.0846    27.0860    1488.48    1488.48         71 0.0000e+00
      17160  69.704224    500.000    496.651     7.5274     7.5271   3.568516   3.568638     1.3113     1.6045    0.00033    0.00036    89.6971     0.0648     0.0380    114.713    115.827    34.6615    34.6632    27.0846    27.0860    1488.49    1488.49         47 0.0000e+00
      17201  69.704247    501.000    497.646     7.5100     7.5102   3.566814   3.566950     1.3118     1.6051    0.00009   -0.00038    89.6908     0.0658     0.0370    114.836    115.955    34.6600    34.6612    27.0859    27.0869    1488.43    1488.44         42 0.0000e+00
      17277  69.704277    502.000    498.639     7.5065     7.5018   3.566486   3.566171     1.3149     1.6097    0.00085    0.00110    89.6971     0.0636     0.0379    115.298    116.493    34.6594    34.6606    27.0860    27.0876    1488.44    1488.42        125 0.0000e+00
      17383  69.704330    503.000    499.630     7.4922     7.4881   3.565097   3.564843     1.3169     1.6126    0.00006    0.00028    89.7031     0.0595     0.0388    115.640    116.855    34.6581    34.6594    27.0870    27.0887    1488.40    1488.38         99 0.0000e+00
      17832  69.704552    504.000    500.622     7.4781     7.4750   3.563684   3.563548     1.3216     1.6194    0.00042    0.00061    89.7029     0.0603     0.0385    116.363    117.645    34.6564    34.6579    27.0877    27.0894    1488.36    1488.35        193 0.0000e+00
      19025  69.705124    505.000    501.615     7.4526     7.4475   3.561100   3.560713     1.3253     1.6267    0.00032    0.00043    89.7230     0.0646     0.0384    116.984    118.524    34.6532    34.6541    27.0889    27.0903    1488.27    1488.25         45 0.0000e+00
