data/cnv/dfr29001.cnv
* Sea-Bird SBE 9 Data File:
* FileName = C:\SEASOFT\PIRATA-FR29\data\fr29001.hex
* Software Version Seasave V 7.26.7.107
* Temperature SN = 6083
* Conductivity SN = 4509
* Number of Bytes Per Scan = 42
* Number of Voltage Words = 3
* Number of Scans Averaged by the Deck Unit = 1
* NMEA Latitude = 12 29.57 N
* NMEA Longitude = 023 20.56 W
* NMEA UTC (Time) = Mar 02 2019 15:20:02
** Cruise: PIRATA-FR29
** Ship: THALASSA
** Station: 001
** Bottom Depth: 4894
** Barometric pressure : 1013.5
** Temp Air: 23.8
** Operator: JG
** Comments:
# nquan = 25
# nvalues = 4073                        
# units = specified
# name 0 = scan: Scan Count
# name 1 = timeJ: Julian Days
# name 2 = prDM: Pressure, Digiquartz [db]
# name 3 = depSM: Depth [salt water, m]
# name 4 = t090C: Temperature [ITS-90, deg C]
# name 5 = t190C: Temperature, 2 [ITS-90, deg C]
# name 6 = c0S/m: Conductivity [S/m]
# name 7 = c1S/m: Conductivity, 2 [S/m]
# name 8 = sbeox0V: Oxygen raw, SBE 43 [V]
# name 9 = sbeox1V: Oxygen raw, SBE 43, 2 [V]
# name 10 = sbox0dV/dT: Oxygen, SBE 43 [dov/dt]
# name 11 = sbox1dV/dT: Oxygen, SBE 43, 2 [dov/dt]
# name 12 = CStarTr0: Beam Transmission, WET Labs C-Star [%]
# name 13 = flECO-AFL: Fluorescence, WET Labs ECO-AFL/FL [mg/m^3]
# name 14 = flC: Fluorescence, Chelsea Aqua 3 Chl Con [ug/l]
# name 15 = sbox0Mm/Kg: Oxygen, SBE 43 [umol/kg], WS = 2
# name 16 = sbox1Mm/Kg: Oxygen, SBE 43, 2 [umol/kg], WS = 2
# name 17 = sal00: Salinity, Practical [PSU]
# name 18 = sal11: Salinity, Practical, 2 [PSU]
# name 19 = sigma-é00: Density [sigma-theta, kg/m^3]
# name 20 = sigma-é11: Density, 2 [sigma-theta, kg/m^3]
# name 21 = svCM: Sound Velocity [Chen-Millero, m/s]
# name 22 = svCM1: Sound Velocity, 2 [Chen-Millero, m/s]
# name 23 = nbin: number of scans per bin
# name 24 = flag: flag
# span 0 =        -33,     106738       
# span 1 =  61.638907,  61.690399       
# span 2 =      3.000,   4075.000       
# span 3 =      2.972,   4013.095       
# span 4 =     2.3598,    24.0121       
# span 5 =     2.3594,    24.0112       
# span 6 =   3.258928,   5.330835       
# span 7 =   3.259070,   5.330918       
# span 8 =     0.8283,     2.6619       
# span 9 =     0.9608,     3.3525       
# span 10 =   -0.11106,    0.01273      
# span 11 =   -0.15532,    0.01593      
# span 12 =    86.4791,    90.0254      
# span 13 =     0.0323,     1.4173      
# span 14 =     0.0026,     0.4341      
# span 15 =     41.890,    233.010      
# span 16 =     42.182,    235.784      
# span 17 =    34.8167,    35.9561      
# span 18 =    34.8185,    35.9572      
# span 19 =    24.3620,    27.8863      
# span 20 =    24.3631,    27.8881      
# span 21 =    1489.21,    1533.85      
# span 22 =    1489.21,    1533.85      
# span 23 =         10,         96      
# span 24 = 0.0000e+00, 0.0000e+00      
# interval = decibars: 1                
# start_time = Mar 02 2019 15:20:03 [System UTC, first data scan.]
# bad_flag = -9.990e-29
*END*
[from data line 3015]
      72520  61.673897   3018.000   2979.340     2.7131     2.7127   3.261091   3.261240     1.5450     1.9198   -0.00028   -0.00041    90.0188     0.0457     0.0231    232.442    235.212    34.9292    34.9313    27.8762    27.8780    1511.45    1511.45         20 0.0000e+00
      72540  61.673904   3019.000   2980.317     2.7131     2.7127   3.261121   3.261276     1.5450     1.9198   -0.00046   -0.00036    90.0062     0.0518     0.0220    232.463    235.246    34.9291    34.9313    27.8762    27.8780    1511.47    1511.47         19 0.0000e+00
      72560  61.673916   3020.000   2981.297     2.7106     2.7104   3.260934   3.261074     1.5449     1.9195   -0.00025    0.00007    90.0155     0.0563     0.0214    232.480    235.252    34.9290    34.9309    27.8763    27.8778    1511.48    1511.48         20 0.0000e+00
      72579  61.673923   3021.000   2982.286     2.7078     2.7076   3.260702   3.260850     1.5448     1.9193   -0.00003   -0.00010    90.0121     0.0558     0.0203    232.520    235.263    34.9287    34.9307    27.8764    27.8779    1511.48    1511.48         20 0.0000e+00
      72600  61.673935   3022.000   2983.268     2.7062     2.7060   3.260580   3.260738     1.5448     1.9188   -0.00010   -0.00007    90.0111     0.0524     0.0196    232.563    235.228    34.9286    34.9306    27.8764    27.8780    1511.49    1511.49         22 0.0000e+00
      72627  61.673946   3023.000   2984.250     2.7054     2.7052   3.260545   3.260699     1.5448     1.9188    0.00000   -0.00022    90.0085     0.0536     0.0190    232.602    235.261    34.9285    34.9305    27.8764    27.8780    1511.50    1511.51         34 0.0000e+00
      72693  61.673981   3024.000   2985.216     2.7058     2.7042   3.260602   3.260630     1.5449     1.9194   -0.00007   -0.00010    90.0074     0.0452     0.0158    232.636    235.403    34.9283    34.9303    27.8762    27.8779    1511.52    1511.52         73 0.0000e+00
      72729  61.673996   3025.000   2986.188     2.7040     2.7035   3.260477   3.260621     1.5449     1.9199    0.00006    0.00015    90.0073     0.0538     0.0148    232.682    235.514    34.9282    34.9305    27.8763    27.8781    1511.53    1511.53         20 0.0000e+00
      72746  61.674004   3026.000   2987.173     2.7033     2.7030   3.260456   3.260601     1.5449     1.9192    0.00000    0.00037    90.0013     0.0536     0.0200    232.718    235.440    34.9283    34.9304    27.8764    27.8781    1511.55    1511.55         14 0.0000e+00
      72760  61.674011   3027.000   2988.161     2.7023     2.7020   3.260394   3.260540     1.5446     1.9195    0.00004    0.00049    90.0203     0.0504     0.0189    232.696    235.528    34.9281    34.9302    27.8764    27.8781    1511.56    1511.56         14 0.0000e+00
      72774  61.674019   3028.000   2989.150     2.7019     2.7015   3.260390   3.260540     1.5442     1.9190    0.00005    0.00035    90.0095     0.0437     0.0172    232.645    235.469    34.9281    34.9303    27.8764    27.8782    1511.57    1511.57         15 0.0000e+00
      72790  61.674026   3029.000   2990.138     2.7013     2.7009   3.260368   3.260515     1.5443     1.9188   -0.00001   -0.00009    90.0030     0.0483     0.0158    232.703    235.472    34.9280    34.9302    27.8764    27.8781    1511.59    1511.59         18 0.0000e+00
      72813  61.674038   3030.000   2991.108     2.7002     2.7000   3.260309   3.260459     1.5441     1.9186   -0.00026   -0.00024    90.0186     0.0496     0.0147    232.680    235.480    34.9280    34.9301    27.8765    27.8782    1511.60    1511.60         28 0.0000e+00
      72843  61.674053   3031.000   2992.074     2.6994     2.6990   3.260256   3.260406     1.5439     1.9186   -0.00024   -0.00049    90.0103     0.0447     0.0150    232.688    235.511    34.9278    34.9300    27.8764    27.8782    1511.61    1511.61         28 0.0000e+00
      72867  61.674065   3032.000   2993.066     2.6987     2.6982   3.260233   3.260376     1.5437     1.9185   -0.00013   -0.00021    90.0092     0.0440     0.0144    232.663    235.534    34.9278    34.9300    27.8765    27.8783    1511.63    1511.63         21 0.0000e+00
      72885  61.674072   3033.000   2994.037     2.6977     2.6973   3.260180   3.260321     1.5437     1.9183   -0.00027   -0.00004    90.0196     0.0439     0.0133    232.704    235.541    34.9278    34.9299    27.8765    27.8783    1511.64    1511.64         17 0.0000e+00
      72902  61.674080   3034.000   2995.021     2.6973     2.6969   3.260190   3.260339     1.5437     1.9181   -0.00008   -0.00003    90.0235     0.0511     0.0146    232.738    235.532    34.9278    34.9300    27.8766    27.8784    1511.66    1511.66         16 0.0000e+00
      72917  61.674088   3035.000   2996.010     2.6973     2.6969   3.260212   3.260370     1.5437     1.9178    0.00015   -0.00001    90.0234     0.0513     0.0149    232.770    235.515    34.9277    34.9300    27.8765    27.8784    1511.67    1511.67         15 0.0000e+00
      72933  61.674095   3036.000   2996.987     2.6972     2.6968   3.260242   3.260393     1.5437     1.9175   -0.00009   -0.00016    90.0181     0.0438     0.0198    232.804    235.492    34.9278    34.9300    27.8766    27.8784    1511.69    1511.69         17 0.0000e+00
      72950  61.674103   3037.000   2997.971     2.6954     2.6951   3.260119   3.260255     1.5437     1.9175   -0.00025   -0.00025    90.0055     0.0442     0.0216    232.847    235.537    34.9277    34.9297    27.8767    27.8783    1511.70    1511.70         18 0.0000e+00
      72970  61.674114   3038.000   2998.946     2.6949     2.6946   3.260117   3.260267     1.5435     1.9173   -0.00009   -0.00040    90.0050     0.0446     0.0151    232.826    235.540    34.9278    34.9299    27.8768    27.8785    1511.71    1511.71         20 0.0000e+00
      72990  61.674122   3039.000   2999.930     2.6944     2.6941   3.260115   3.260271     1.5432     1.9166   -0.00006   -0.00042    90.0110     0.0455     0.0166    232.791    235.453    34.9278    34.9300    27.8769    27.8786    1511.73    1511.73         22 0.0000e+00
      73015  61.674133   3040.000   3000.912     2.6938     2.6936   3.260105   3.260265     1.5430     1.9164   -0.00004   -0.00014    90.0017     0.0518     0.0164    232.782    235.462    34.9278    34.9300    27.8770    27.8787    1511.74    1511.74         29 0.0000e+00
      73054  61.674152   3041.000   3001.888     2.6934     2.6932   3.260100   3.260259     1.5426     1.9163   -0.00029   -0.00047    90.0014     0.0534     0.0152    232.725    235.465    34.9278    34.9299    27.8770    27.8787    1511.76    1511.76         48 0.0000e+00
      73098  61.674175   3042.000   3002.860     2.6925     2.6921   3.260044   3.260200     1.5425     1.9163   -0.00024   -0.00012    90.0048     0.0521     0.0213    232.751    235.511    34.9277    34.9299    27.8770    27.8788    1511.77    1511.77         35 0.0000e+00
      73126  61.674187   3043.000   3003.842     2.6915     2.6910   3.260004   3.260139     1.5425     1.9163   -0.00003    0.00001    90.0104     0.0498     0.0194    232.792    235.550    34.9277    34.9299    27.8771    27.8788    1511.78    1511.78         24 0.0000e+00
      73148  61.674198   3044.000   3004.826     2.6911     2.6906   3.259992   3.260136     1.5425     1.9163   -0.00003    0.00003    90.0070     0.0450     0.0195    232.827    235.589    34.9276    34.9298    27.8771    27.8788    1511.80    1511.80         21 0.0000e+00
      73169  61.674210   3045.000   3005.809     2.6909     2.6906   3.260019   3.260170     1.5425     1.9160    0.00003    0.00001    90.0026     0.0445     0.0222    232.847    235.560    34.9276    34.9298    27.8771    27.8788    1511.82    1511.82         21 0.0000e+00
      73191  61.674221   3046.000   3006.788     2.6904     2.6902   3.260003   3.260148     1.5420     1.9158    0.00000   -0.00023    90.0014     0.0519     0.0253    232.781    235.570    34.9276    34.9296    27.8771    27.8787    1511.83    1511.83         22 0.0000e+00
      73213  61.674229   3047.000   3007.767     2.6895     2.6891   3.259960   3.260111     1.5422     1.9156   -0.00007   -0.00006    90.0198     0.0533     0.0218    232.859    235.561    34.9275    34.9298    27.8772    27.8790    1511.84    1511.84         22 0.0000e+00
      73234  61.674240   3048.000   3008.746     2.6888     2.6885   3.259926   3.260073     1.5418     1.9152   -0.00017   -0.00008    90.0080     0.0497     0.0215    232.798    235.541    34.9275    34.9295    27.8772    27.8788    1511.86    1511.86         21 0.0000e+00
      73255  61.674252   3049.000   3009.728     2.6882     2.6878   3.259911   3.260053     1.5413     1.9151   -0.00031   -0.00025    90.0097     0.0463     0.0224    232.727    235.558    34.9275    34.9296    27.8772    27.8790    1511.87    1511.87         20 0.0000e+00
      73275  61.674259   3050.000   3010.708     2.6877     2.6873   3.259905   3.260051     1.5413     1.9150   -0.00009   -0.00018    90.0050     0.0512     0.0194    232.764    235.573    34.9275    34.9296    27.8773    27.8790    1511.89    1511.89         20 0.0000e+00
      73294  61.674271   3051.000   3011.687     2.6873     2.6869   3.259896   3.260049     1.5413     1.9152   -0.00035   -0.00029    90.0161     0.0452     0.0192    232.799    235.630    34.9273    34.9295    27.8772    27.8790    1511.90    1511.90         19 0.0000e+00
      73312  61.674278   3052.000   3012.667     2.6866     2.6863   3.259871   3.260020     1.5413     1.9150   -0.00048   -0.00028    90.0171     0.0450     0.0183    232.836    235.644    34.9273    34.9295    27.8772    27.8790    1511.92    1511.92         18 0.0000e+00
      73331  61.674286   3053.000   3013.646     2.6858     2.6854   3.259833   3.259980     1.5413     1.9145   -0.00015   -0.00007    90.0119     0.0443     0.0196    232.874    235.587    34.9272    34.9294    27.8773    27.8791    1511.93    1511.93         18 0.0000e+00
      73348  61.674297   3054.000   3014.629     2.6856     2.6851   3.259846   3.259989     1.5414     1.9140    0.00001   -0.00003    90.0181     0.0532     0.0199    232.907    235.539    34.9272    34.9294    27.8773    27.8791    1511.95    1511.95         17 0.0000e+00
      73366  61.674305   3055.000   3015.609     2.6854     2.6851   3.259871   3.260016     1.5409     1.9138    0.00001    0.00004    90.0171     0.0493     0.0198    232.831    235.536    34.9272    34.9293    27.8773    27.8790    1511.96    1511.96         18 0.0000e+00
      73383  61.674313   3056.000   3016.590     2.6852     2.6848   3.259890   3.260032     1.5409     1.9139   -0.00005   -0.00038    90.0221     0.0455     0.0207    232.858    235.581    34.9272    34.9293    27.8773    27.8791    1511.98    1511.98         17 0.0000e+00
      73400  61.674320   3057.000   3017.574     2.6850     2.6847   3.259906   3.260056     1.5403     1.9134   -0.00004   -0.00075    90.0210     0.0449     0.0195    232.774    235.533    34.9272    34.9293    27.8773    27.8791    1511.99    1512.00         18 0.0000e+00
      73421  61.674332   3058.000   3018.559     2.6845     2.6841   3.259905   3.260052     1.5404     1.9132   -0.00023   -0.00041    90.0128     0.0433     0.0173    232.823    235.534    34.9272    34.9294    27.8774    27.8792    1512.01    1512.01         23 0.0000e+00
      73461  61.674351   3059.000   3019.533     2.6842     2.6838   3.259906   3.260045     1.5402     1.9132   -0.00027   -0.00029    90.0039     0.0436     0.0180    232.807    235.558    34.9271    34.9292    27.8774    27.8791    1512.02    1512.03         64 0.0000e+00
      73517  61.674377   3060.000   3020.504     2.6819     2.6814   3.259717   3.259847     1.5402     1.9132   -0.00011    0.00007    90.0106     0.0450     0.0166    232.849    235.607    34.9269    34.9290    27.8774    27.8791    1512.03    1512.03         35 0.0000e+00
      73545  61.674389   3061.000   3021.487     2.6803     2.6800   3.259597   3.259753     1.5401     1.9128   -0.00004    0.00007    90.0119     0.0498     0.0159    232.872    235.583    34.9267    34.9288    27.8773    27.8791    1512.04    1512.04         27 0.0000e+00
      73570  61.674404   3062.000   3022.468     2.6795     2.6791   3.259550   3.259700     1.5400     1.9128   -0.00001   -0.00009    90.0073     0.0581     0.0155    232.887    235.623    34.9265    34.9287    27.8773    27.8791    1512.06    1512.06         24 0.0000e+00
      73592  61.674412   3063.000   3023.446     2.6790     2.6786   3.259545   3.259692     1.5400     1.9128   -0.00013   -0.00037    90.0166     0.0519     0.0152    232.913    235.659    34.9265    34.9287    27.8774    27.8792    1512.07    1512.07         20 0.0000e+00
      73611  61.674423   3064.000   3024.423     2.6774     2.6771   3.259433   3.259580     1.5397     1.9124   -0.00004   -0.00011    90.0166     0.0432     0.0150    232.896    235.640    34.9264    34.9285    27.8774    27.8791    1512.08    1512.08         17 0.0000e+00
      73628  61.674431   3065.000   3025.410     2.6766     2.6763   3.259416   3.259561     1.5395     1.9119    0.00004   -0.00000    90.0057     0.0436     0.0144    232.891    235.578    34.9266    34.9286    27.8776    27.8793    1512.09    1512.10         16 0.0000e+00
      73644  61.674438   3066.000   3026.394     2.6765     2.6761   3.259432   3.259579     1.5395     1.9117   -0.00012    0.00001    90.0112     0.0443     0.0131    232.917    235.585    34.9265    34.9286    27.8776    27.8793    1512.11    1512.11         17 0.0000e+00
      73661  61.674446   3067.000   3027.374     2.6760     2.6757   3.259430   3.259579     1.5390     1.9115   -0.00008   -0.00018    90.0210     0.0431     0.0119    232.837    235.584    34.9265    34.9286    27.8776    27.8794    1512.13    1512.13         18 0.0000e+00
      73681  61.674458   3068.000   3028.356     2.6758     2.6753   3.259442   3.259584     1.5390     1.9115   -0.00023   -0.00056    90.0104     0.0427     0.0076    232.872    235.610    34.9265    34.9286    27.8776    27.8794    1512.14    1512.14         21 0.0000e+00
      73703  61.674465   3069.000   3029.330     2.6755     2.6752   3.259454   3.259597     1.5390     1.9107   -0.00027   -0.00043    90.0106     0.0441     0.0114    232.905    235.507    34.9264    34.9285    27.8776    27.8793    1512.16    1512.16         23 0.0000e+00
      73725  61.674477   3070.000   3030.304     2.6740     2.6737   3.259338   3.259493     1.5390     1.9109   -0.00022   -0.00022    90.0214     0.0442     0.0183    232.947    235.580    34.9262    34.9284    27.8776    27.8794    1512.17    1512.17         20 0.0000e+00
      73743  61.674484   3071.000   3031.290     2.6732     2.6728   3.259303   3.259445     1.5390     1.9106   -0.00013   -0.00029    90.0197     0.0429     0.0151    232.981    235.569    34.9262    34.9283    27.8776    27.8794    1512.18    1512.18         18 0.0000e+00
      73761  61.674496   3072.000   3032.271     2.6719     2.6715   3.259213   3.259365     1.5389     1.9104   -0.00013   -0.00054    90.0194     0.0499     0.0130    233.010    235.575    34.9260    34.9282    27.8776    27.8794    1512.19    1512.19         17 0.0000e+00
      73778  61.674503   3073.000   3033.250     2.6712     2.6710   3.259203   3.259341     1.5382     1.9104   -0.00005   -0.00026    90.0197     0.0512     0.0109    232.878    235.611    34.9261    34.9281    27.8778    27.8794    1512.21    1512.21         18 0.0000e+00
      73798  61.674511   3074.000   3034.240     2.6708     2.6706   3.259192   3.259335     1.5382     1.9104   -0.00021   -0.00015    90.0031     0.0445     0.0129    232.919    235.645    34.9260    34.9280    27.8777    27.8794    1512.22    1512.22         22 0.0000e+00
