data/cnv/dfr29002.cnv
* Sea-Bird SBE 9 Data File:
* FileName = C:\SEASOFT\PIRATA-FR29\data\fr29002.hex
* Software Version Seasave V 7.26.7.107
* Temperature SN = 6083
* Conductivity SN = 4509
* Number of Bytes Per Scan = 42
* Number of Voltage Words = 3
* Number of Scans Averaged by the Deck Unit = 1
* NMEA Latitude = 08 59.92 N
* NMEA Longitude = 020 07.05 W
* NMEA UTC (Time) = Mar 03 2019 20:26:29
** Cruise: PIRATA-FR29
** Ship: THALASSA
** Station: 002
** Bottom Depth: 3603
** Barometric pressure : 1012.2
** Temp Air: 24.1
** Operator: MG/PR
** Comments:
# nquan = 25
# nvalues = 2023                        
# units = specified
# name 0 = scan: Scan Count
# name 1 = timeJ: Julian Days
# name 2 = prDM: Pressure, Digiquartz [db]
# name 3 = depSM: Depth [salt water, m]
# name 4 = t090C: Temperature [ITS-90, deg C]
# name 5 = t190C: Temperature, 2 [ITS-90, deg C]
# name 6 = c0S/m: Conductivity [S/m]
# name 7 = c1S/m: Conductivity, 2 [S/m]
# name 8 = sbeox0V: Oxygen raw, SBE 43 [V]
# name 9 = sbeox1V: Oxygen raw, SBE 43, 2 [V]
# name 10 = sbox0dV/dT: Oxygen, SBE 43 [dov/dt]
# name 11 = sbox1dV/dT: Oxygen, SBE 43, 2 [dov/dt]
# name 12 = CStarTr0: Beam Transmission, WET Labs C-Star [%]
# name 13 = flECO-AFL: Fluorescence, WET Labs ECO-AFL/FL [mg/m^3]
# name 14 = flC: Fluorescence, Chelsea Aqua 3 Chl Con [ug/l]
# name 15 = sbox0Mm/Kg: Oxygen, SBE 43 [umol/kg], WS = 2
# name 16 = sbox1Mm/Kg: Oxygen, SBE 43, 2 [umol/kg], WS = 2
# name 17 = sal00: Salinity, Practical [PSU]
# name 18 = sal11: Salinity, Practical, 2 [PSU]
# name 19 = sigma-é00: Density [sigma-theta, kg/m^3]
# name 20 = sigma-é11: Density, 2 [sigma-theta, kg/m^3]
# name 21 = svCM: Sound Velocity [Chen-Millero, m/s]
# name 22 = svCM1: Sound Velocity, 2 [Chen-Millero, m/s]
# name 23 = nbin: number of scans per bin
# name 24 = flag: flag
# span 0 =       1318,      54737       
# span 1 =  62.852371,  62.878132       
# span 2 =      5.000,   2027.000       
# span 3 =      4.974,   2005.887       
# span 4 =     3.4585,    24.6045       
# span 5 =     3.4581,    24.6041       
# span 6 =   3.290646,   5.353358       
# span 7 =   3.290817,   5.353507       
# span 8 =     0.7713,     2.6754       
# span 9 =     0.8852,     3.3791       
# span 10 =   -0.09513,    0.01981      
# span 11 =   -0.12321,    0.02477      
# span 12 =    79.7492,    88.4064      
# span 13 =     0.0437,     3.5863      
# span 14 =     0.0155,     1.1125      
# span 15 =     35.079,    226.490      
# span 16 =     35.334,    229.022      
# span 17 =    34.7014,    35.8162      
# span 18 =    34.7037,    35.8133      
# span 19 =    23.9527,    27.8204      
# span 20 =    23.9538,    27.8223      
# span 21 =    1487.30,    1534.49      
# span 22 =    1487.30,    1534.49      
# span 23 =         13,        145      
# span 24 = 0.0000e+00, 0.0000e+00      
# interval = decibars: 1                
# start_time = Mar 03 2019 20:26:30 [System UTC, first data scan.]
# bad_flag = -9.990e-29
*END*
[from data line 406]
      15182  62.859058    411.000    408.291    10.5085    10.5086   3.891868   3.891680     0.7730     0.8866   -0.00015   -0.00030    88.0766     0.0892     0.0506     35.531     35.654    35.1638    35.1618    27.0001    26.9986    1498.62    1498.62         22 0.0000e+00
      15207  62.859070    412.000    409.278    10.4767    10.4800   3.888333   3.888797     0.7736     0.8873    0.00051    0.00006    88.0766     0.0809     0.0496     35.636     35.755    35.1583    35.1598    27.0015    27.0021    1498.52    1498.53         28 0.0000e+00
      15236  62.859085    413.000    410.267    10.4475    10.4499   3.885119   3.885426     0.7739     0.8877    0.00077    0.00083    88.0774     0.0736     0.0493     35.708     35.824    35.1535    35.1543    27.0028    27.0030    1498.42    1498.43         29 0.0000e+00
      15264  62.859097    414.000    411.259    10.4280    10.4286   3.882993   3.883162     0.7744     0.8884    0.00058    0.00065    88.0419     0.0695     0.0509     35.789     35.906    35.1504    35.1515    27.0038    27.0046    1498.37    1498.37         28 0.0000e+00
      15293  62.859112    415.000    412.255    10.4188    10.4190   3.882004   3.882186     0.7744     0.8890    0.00036    0.00032    88.0763     0.0606     0.0525     35.802     35.980    35.1488    35.1505    27.0042    27.0055    1498.35    1498.35         29 0.0000e+00
      15320  62.859123    416.000    413.240    10.4143    10.4144   3.881574   3.881761     0.7744     0.8895    0.00018    0.00054    88.0766     0.0684     0.0554     35.811     36.039    35.1483    35.1501    27.0047    27.0061    1498.35    1498.35         25 0.0000e+00
      15342  62.859135    417.000    414.228    10.4109    10.4107   3.881259   3.881389     0.7744     0.8892    0.00009    0.00058    88.0766     0.0717     0.0564     35.819     36.022    35.1480    35.1495    27.0051    27.0062    1498.35    1498.35         19 0.0000e+00
      15359  62.859142    418.000    415.224    10.4029    10.4027   3.880459   3.880585     0.7742     0.8893    0.00017    0.00050    88.0766     0.0805     0.0541     35.808     36.035    35.1472    35.1486    27.0058    27.0069    1498.34    1498.34         15 0.0000e+00
      15374  62.859150    419.000    416.219    10.3998    10.3995   3.880155   3.880292     0.7738     0.8890    0.00010    0.00045    88.0766     0.0815     0.0492     35.756     36.019    35.1466    35.1482    27.0060    27.0072    1498.35    1498.35         14 0.0000e+00
      15388  62.859158    420.000    417.225    10.3942    10.3939   3.879575   3.879717     0.7743     0.8888    0.00003    0.00021    88.0766     0.0823     0.0506     35.836     36.011    35.1457    35.1474    27.0063    27.0076    1498.34    1498.34         15 0.0000e+00
      15405  62.859165    421.000    418.219    10.3842    10.3838   3.878542   3.878619     0.7745     0.8894   -0.00004   -0.00017    88.0766     0.0772     0.0497     35.875     36.078    35.1444    35.1456    27.0070    27.0080    1498.32    1498.32         20 0.0000e+00
      15429  62.859177    422.000    419.204    10.3776    10.3771   3.877853   3.877996     0.7750     0.8898   -0.00026   -0.00022    88.0766     0.0701     0.0485     35.951     36.126    35.1434    35.1453    27.0074    27.0089    1498.31    1498.31         29 0.0000e+00
      15458  62.859192    423.000    420.189    10.3689    10.3685   3.876943   3.877053     0.7752     0.8901    0.00038    0.00010    88.0766     0.0644     0.0482     35.995     36.169    35.1421    35.1436    27.0079    27.0091    1498.30    1498.30         27 0.0000e+00
      15483  62.859203    424.000    421.181    10.3312    10.3326   3.872951   3.872994     0.7751     0.8901    0.00043    0.00059    88.0766     0.0657     0.0491     36.016     36.205    35.1376    35.1367    27.0109    27.0100    1498.17    1498.18         23 0.0000e+00
      15505  62.859215    425.000    422.177    10.3008    10.3016   3.869784   3.869985     0.7752     0.8901    0.00038    0.00042    88.0766     0.0647     0.0493     36.050     36.233    35.1344    35.1356    27.0138    27.0146    1498.08    1498.08         22 0.0000e+00
      15527  62.859222    426.000    423.174    10.2988    10.2987   3.869586   3.869744     0.7753     0.8901   -0.00003    0.00010    88.0766     0.0688     0.0524     36.073     36.240    35.1339    35.1356    27.0137    27.0151    1498.09    1498.09         23 0.0000e+00
      15553  62.859238    427.000    424.162    10.2738    10.2754   3.866910   3.867206     0.7752     0.8901    0.00002   -0.00007    88.0766     0.0790     0.0520     36.081     36.264    35.1303    35.1318    27.0153    27.0162    1498.01    1498.02         29 0.0000e+00
      15583  62.859249    428.000    425.153    10.2578    10.2588   3.865261   3.865526     0.7753     0.8901    0.00004   -0.00003    88.0766     0.0765     0.0520     36.121     36.283    35.1287    35.1304    27.0168    27.0180    1497.97    1497.97         29 0.0000e+00
      15610  62.859264    429.000    426.139    10.2423    10.2421   3.863641   3.863741     0.7751     0.8901   -0.00009   -0.00003    88.0766     0.0767     0.0523     36.106     36.301    35.1267    35.1279    27.0180    27.0190    1497.92    1497.93         23 0.0000e+00
      15631  62.859272    430.000    427.135    10.2300    10.2297   3.862336   3.862441     0.7750     0.8901    0.00012    0.00016    88.0766     0.0685     0.0498     36.112     36.316    35.1248    35.1263    27.0187    27.0198    1497.90    1497.90         20 0.0000e+00
      15650  62.859283    431.000    428.129    10.2181    10.2188   3.861061   3.861246     0.7748     0.8901 7.5516e-07    0.00008    88.0766     0.0882     0.0474     36.100     36.330    35.1230    35.1242    27.0193    27.0201    1497.87    1497.87         18 0.0000e+00
      15668  62.859291    432.000    429.128    10.2067    10.2064   3.859861   3.859999     0.7750     0.8901   -0.00015   -0.00004    88.0766     0.0729     0.0484     36.146     36.345    35.1214    35.1231    27.0200    27.0214    1497.84    1497.84         19 0.0000e+00
      15689  62.859303    433.000    430.121    10.2025    10.2022   3.859442   3.859598     0.7752     0.8905   -0.00014   -0.00003    88.0766     0.0693     0.0484     36.174     36.395    35.1207    35.1226    27.0202    27.0218    1497.84    1497.84         23 0.0000e+00
      15714  62.859314    434.000    431.107    10.2001    10.2001   3.859203   3.859400     0.7753     0.8909   -0.00006   -0.00005    88.0766     0.0763     0.0534     36.195     36.441    35.1201    35.1222    27.0202    27.0219    1497.85    1497.85         27 0.0000e+00
      15740  62.859325    435.000    432.096    10.1982    10.1981   3.859047   3.859205     0.7753     0.8909    0.00017    0.00020    88.0915     0.0818     0.0539     36.196     36.448    35.1199    35.1217    27.0204    27.0218    1497.86    1497.86         24 0.0000e+00
      15762  62.859337    436.000    433.089    10.1804    10.1806   3.857138   3.857138     0.7749     0.8908    0.00017    0.00057    88.0797     0.0819     0.0554     36.163     36.456    35.1173    35.1171    27.0215    27.0213    1497.81    1497.81         21 0.0000e+00
      15782  62.859348    437.000    434.078    10.1265    10.1268   3.851469   3.851371     0.7747     0.8909    0.00017    0.00012    88.0778     0.0811     0.0510     36.197     36.518    35.1113    35.1100    27.0261    27.0250    1497.62    1497.62         18 0.0000e+00
      15799  62.859356    438.000    435.077    10.0831    10.0822   3.846805   3.846594     0.7754     0.8910   -0.00013   -0.00001    88.0613     0.0864     0.0454     36.328     36.565    35.1053    35.1040    27.0289    27.0280    1497.48    1497.47         17 0.0000e+00
      15816  62.859364    439.000    436.071    10.0473    10.0468   3.842971   3.842861     0.7756     0.8912   -0.00041    0.00003    88.0641     0.0878     0.0464     36.391     36.621    35.1004    35.0997    27.0312    27.0307    1497.36    1497.36         17 0.0000e+00
      15834  62.859371    440.000    437.070    10.0091    10.0084   3.838836   3.838748     0.7764     0.8921   -0.00022   -0.00008    88.0764     0.0888     0.0463     36.533     36.746    35.0948    35.0946    27.0333    27.0333    1497.23    1497.23         20 0.0000e+00
      15858  62.859383    441.000    438.059     9.9823     9.9834   3.835936   3.836151     0.7771     0.8931    0.00046    0.00013    88.0823     0.0691     0.0429     36.657     36.876    35.0906    35.0918    27.0347    27.0354    1497.15    1497.15         28 0.0000e+00
      15888  62.859398    442.000    439.045     9.9627     9.9649   3.833860   3.834282     0.7782     0.8944    0.00068    0.00071    88.0538     0.0656     0.0431     36.823     37.025    35.0880    35.0901    27.0360    27.0373    1497.09    1497.10         31 0.0000e+00
      15916  62.859409    443.000    440.034     9.9618     9.9619   3.833798   3.833989     0.7790     0.8952    0.00086    0.00109    88.0910     0.0803     0.0446     36.925     37.112    35.0877    35.0896    27.0360    27.0374    1497.10    1497.11         25 0.0000e+00
      15940  62.859425    444.000    441.030     9.9609     9.9602   3.833766   3.833865     0.7794     0.8963    0.00086    0.00100    88.0787     0.0657     0.0467     36.989     37.236    35.0878    35.0895    27.0362    27.0377    1497.12    1497.12         23 0.0000e+00
      15964  62.859436    445.000    442.025     9.9583     9.9593   3.833531   3.833816     0.7798     0.8972    0.00070    0.00090    88.0757     0.0803     0.0482     37.047     37.329    35.0875    35.0894    27.0364    27.0378    1497.12    1497.13         25 0.0000e+00
      15990  62.859447    446.000    443.014     9.9477     9.9491   3.832413   3.832672     0.7802     0.8975    0.00047    0.00081    88.0740     0.0817     0.0464     37.110     37.368    35.0859    35.0872    27.0370    27.0378    1497.10    1497.11         27 0.0000e+00
      16016  62.859459    447.000    444.004     9.9257     9.9270   3.830059   3.830240     0.7806     0.8978    0.00040    0.00111    88.0766     0.0814     0.0471     37.190     37.423    35.0827    35.0833    27.0382    27.0385    1497.03    1497.04         24 0.0000e+00
      16038  62.859470    448.000    444.995     9.8794     9.8796   3.825118   3.825053     0.7814     0.8988    0.00036    0.00042    88.0766     0.0816     0.0474     37.337     37.569    35.0765    35.0757    27.0413    27.0406    1496.88    1496.88         21 0.0000e+00
      16058  62.859478    449.000    445.991     9.8538     9.8534   3.822402   3.822368     0.7824     0.9002    0.00049    0.00023    88.0766     0.0815     0.0468     37.497     37.741    35.0731    35.0732    27.0429    27.0431    1496.80    1496.79         19 0.0000e+00
      16077  62.859489    450.000    446.980     9.8231     9.8233   3.819151   3.819238     0.7829     0.9014    0.00041    0.00036    88.0766     0.0826     0.0460     37.596     37.890    35.0691    35.0698    27.0450    27.0455    1496.70    1496.70         18 0.0000e+00
      16095  62.859497    451.000    447.979     9.8089     9.8079   3.817642   3.817673     0.7833     0.9022    0.00060    0.00092    88.0766     0.0820     0.0466     37.677     37.990    35.0670    35.0683    27.0458    27.0470    1496.66    1496.66         18 0.0000e+00
      16114  62.859509    452.000    448.974     9.8056     9.8054   3.817322   3.817488     0.7839     0.9029    0.00109    0.00143    88.0766     0.0799     0.0481     37.761     38.069    35.0664    35.0683    27.0459    27.0474    1496.66    1496.67         21 0.0000e+00
      16136  62.859516    453.000    449.963     9.8054     9.8052   3.817323   3.817500     0.7843     0.9031    0.00084    0.00155    88.0766     0.0776     0.0483     37.812     38.092    35.0662    35.0682    27.0458    27.0474    1496.68    1496.68         23 0.0000e+00
      16160  62.859528    454.000    450.953     9.8034     9.8033   3.817165   3.817351     0.7844     0.9036    0.00066    0.00114    88.0766     0.0767     0.0538     37.833     38.153    35.0661    35.0681    27.0461    27.0477    1496.69    1496.69         25 0.0000e+00
      16185  62.859539    455.000    451.942     9.8004     9.8003   3.816906   3.817076     0.7848     0.9036    0.00059    0.00052    88.0766     0.0752     0.0558     37.900     38.160    35.0659    35.0677    27.0464    27.0479    1496.69    1496.70         23 0.0000e+00
      16207  62.859550    456.000    452.936     9.7929     9.7932   3.816152   3.816331     0.7850     0.9036    0.00022    0.00044    88.0754     0.0682     0.0538     37.936     38.172    35.0650    35.0665    27.0470    27.0481    1496.68    1496.68         22 0.0000e+00
      16228  62.859562    457.000    453.931     9.7832     9.7837   3.815168   3.815394     0.7852     0.9036    0.00020    0.00022    88.0681     0.0810     0.0519     37.979     38.184    35.0638    35.0656    27.0478    27.0491    1496.66    1496.67         22 0.0000e+00
      16251  62.859573    458.000    454.924     9.7803     9.7797   3.814889   3.815024     0.7854     0.9044    0.00040    0.00001    88.0654     0.0674     0.0527     38.016     38.272    35.0634    35.0653    27.0479    27.0495    1496.67    1496.67         23 0.0000e+00
      16274  62.859585    459.000    455.912     9.7774     9.7773   3.814611   3.814803     0.7854     0.9048    0.00021    0.00011    88.0766     0.0728     0.0536     38.024     38.325    35.0629    35.0649    27.0481    27.0496    1496.67    1496.67         23 0.0000e+00
      16297  62.859596    460.000    456.901     9.7752     9.7750   3.814415   3.814598     0.7855     0.9048    0.00022    0.00048    88.0733     0.0733     0.0523     38.031     38.331    35.0625    35.0646    27.0481    27.0498    1496.68    1496.68         22 0.0000e+00
      16318  62.859604    461.000    457.897     9.7746     9.7744   3.814403   3.814598     0.7855     0.9048    0.00012    0.00060    88.0585     0.0770     0.0532     38.036     38.337    35.0625    35.0648    27.0482    27.0501    1496.70    1496.70         21 0.0000e+00
      16339  62.859615    462.000    458.892     9.7743     9.7732   3.814411   3.814507     0.7855     0.9048    0.00004    0.00025    88.0752     0.0830     0.0524     38.042     38.343    35.0625    35.0645    27.0483    27.0501    1496.71    1496.71         21 0.0000e+00
      16360  62.859627    463.000    459.886     9.7636     9.7647   3.813314   3.813554     0.7849     0.9042   -0.00008    0.00005    88.0765     0.0875     0.0500     37.986     38.297    35.0611    35.0625    27.0490    27.0500    1496.69    1496.69         22 0.0000e+00
      16383  62.859638    464.000    460.875     9.7329     9.7344   3.810081   3.810348     0.7850     0.9043   -0.00011   -0.00020    88.0775     0.0880     0.0485     38.024     38.328    35.0573    35.0585    27.0512    27.0519    1496.59    1496.59         25 0.0000e+00
      16410  62.859650    465.000    461.867     9.7172     9.7185   3.808462   3.808772     0.7852     0.9044   -0.00025   -0.00032    88.0775     0.0725     0.0494     38.077     38.364    35.0555    35.0573    27.0525    27.0537    1496.54    1496.55         26 0.0000e+00
      16436  62.859661    466.000    462.857     9.7080     9.7092   3.807500   3.807749     0.7852     0.9046    0.00002   -0.00004    88.0766     0.0808     0.0481     38.091     38.392    35.0540    35.0555    27.0529    27.0538    1496.53    1496.53         26 0.0000e+00
      16461  62.859673    467.000    463.852     9.6871     9.6880   3.805324   3.805473     0.7854     0.9047    0.00014    0.00012    88.0766     0.0819     0.0505     38.139     38.435    35.0515    35.0522    27.0545    27.0549    1496.46    1496.47         25 0.0000e+00
