data/cnv/dfr29002.cnv
* Sea-Bird SBE 9 Data File:
* FileName = C:\SEASOFT\PIRATA-FR29\data\fr29002.hex
* Software Version Seasave V 7.26.7.107
* Temperature SN = 6083
* Conductivity SN = 4509
* Number of Bytes Per Scan = 42
* Number of Voltage Words = 3
* Number of Scans Averaged by the Deck Unit = 1
* NMEA Latitude = 08 59.92 N
* NMEA Longitude = 020 07.05 W
* NMEA UTC (Time) = Mar 03 2019 20:26:29
** Cruise: PIRATA-FR29
** Ship: THALASSA
** Station: 002
** Bottom Depth: 3603
** Barometric pressure : 1012.2
** Temp Air: 24.1
** Operator: MG/PR
** Comments:
# nquan = 25
# nvalues = 2023                        
# units = specified
# name 0 = scan: Scan Count
# name 1 = timeJ: Julian Days
# name 2 = prDM: Pressure, Digiquartz [db]
# name 3 = depSM: Depth [salt water, m]
# name 4 = t090C: Temperature [ITS-90, deg C]
# name 5 = t190C: Temperature, 2 [ITS-90, deg C]
# name 6 = c0S/m: Conductivity [S/m]
# name 7 = c1S/m: Conductivity, 2 [S/m]
# name 8 = sbeox0V: Oxygen raw, SBE 43 [V]
# name 9 = sbeox1V: Oxygen raw, SBE 43, 2 [V]
# name 10 = sbox0dV/dT: Oxygen, SBE 43 [dov/dt]
# name 11 = sbox1dV/dT: Oxygen, SBE 43, 2 [dov/dt]
# name 12 = CStarTr0: Beam Transmission, WET Labs C-Star [%]
# name 13 = flECO-AFL: Fluorescence, WET Labs ECO-AFL/FL [mg/m^3]
# name 14 = flC: Fluorescence, Chelsea Aqua 3 Chl Con [ug/l]
# name 15 = sbox0Mm/Kg: Oxygen, SBE 43 [umol/kg], WS = 2
# name 16 = sbox1Mm/Kg: Oxygen, SBE 43, 2 [umol/kg], WS = 2
# name 17 = sal00: Salinity, Practical [PSU]
# name 18 = sal11: Salinity, Practical, 2 [PSU]
# name 19 = sigma-é00: Density [sigma-theta, kg/m^3]
# name 20 = sigma-é11: Density, 2 [sigma-theta, kg/m^3]
# name 21 = svCM: Sound Velocity [Chen-Millero, m/s]
# name 22 = svCM1: Sound Velocity, 2 [Chen-Millero, m/s]
# name 23 = nbin: number of scans per bin
# name 24 = flag: flag
# span 0 =       1318,      54737       
# span 1 =  62.852371,  62.878132       
# span 2 =      5.000,   2027.000       
# span 3 =      4.974,   2005.887       
# span 4 =     3.4585,    24.6045       
# span 5 =     3.4581,    24.6041       
# span 6 =   3.290646,   5.353358       
# span 7 =   3.290817,   5.353507       
# span 8 =     0.7713,     2.6754       
# span 9 =     0.8852,     3.3791       
# span 10 =   -0.09513,    0.01981      
# span 11 =   -0.12321,    0.02477      
# span 12 =    79.7492,    88.4064      
# span 13 =     0.0437,     3.5863      
# span 14 =     0.0155,     1.1125      
# span 15 =     35.079,    226.490      
# span 16 =     35.334,    229.022      
# span 17 =    34.7014,    35.8162      
# span 18 =    34.7037,    35.8133      
# span 19 =    23.9527,    27.8204      
# span 20 =    23.9538,    27.8223      
# span 21 =    1487.30,    1534.49      
# span 22 =    1487.30,    1534.49      
# span 23 =         13,        145      
# span 24 = 0.0000e+00, 0.0000e+00      
# interval = decibars: 1                
# start_time = Mar 03 2019 20:26:30 [System UTC, first data scan.]
# bad_flag = -9.990e-29
*END*
       1318  62.852371      5.000      4.974    24.6009    24.6008   5.352252   5.352431     2.6754     3.3786    0.00002    0.00159    85.8645     0.2605     0.0930    204.810    207.023    35.6483    35.6497    23.9527    23.9538    1534.22    1534.23        145 0.0000e+00
       3531  62.853439      6.000      5.965    24.6016    24.6021   5.352455   5.352689     2.6743     3.3738    0.00036   -0.00160    85.8554     0.2423     0.0930    204.724    206.692    35.6490    35.6504    23.9530    23.9539    1534.24    1534.25         44 0.0000e+00
       3532  62.853439      7.000      6.961    24.6020    24.6019   5.352541   5.352711     2.6734     3.3757   -0.00045   -0.00265    85.8733     0.2321     0.1075    204.662    206.857    35.6490    35.6503    23.9530    23.9540    1534.26    1534.26         54 0.0000e+00
       3582  62.853462      8.000      7.954    24.6028    24.6025   5.352666   5.352807     2.6736     3.3746   -0.00067    0.00157    85.8914     0.2275     0.0994    204.704    206.805    35.6489    35.6503    23.9527    23.9539    1534.28    1534.28         45 0.0000e+00
       3627  62.853485      9.000      8.948    24.6020    24.6026   5.352609   5.352851     2.6704     3.3700    0.00024   -0.00118    85.8919     0.2393     0.0981    204.433    206.494    35.6488    35.6502    23.9530    23.9539    1534.29    1534.30         45 0.0000e+00
       3667  62.853504     10.000      9.941    24.6005    24.6007   5.352505   5.352699     2.6715     3.3761   -0.00077   -0.00221    85.8647     0.2309     0.0985    204.568    206.970    35.6489    35.6502    23.9536    23.9545    1534.31    1534.31         34 0.0000e+00
       3699  62.853519     11.000     10.940    24.6014    24.6020   5.352643   5.352880     2.6723     3.3754   -0.00213    0.00043    85.8446     0.2333     0.0941    204.669    206.940    35.6489    35.6502    23.9534    23.9542    1534.33    1534.33         32 0.0000e+00
       3745  62.853542     12.000     11.935    24.6009    24.6006   5.352609   5.352756     2.6722     3.3723    0.00095    0.00009    85.8645     0.2281     0.0956    204.684    206.740    35.6487    35.6500    23.9535    23.9545    1534.34    1534.34         67 0.0000e+00
       3819  62.853577     13.000     12.922    24.6000    24.6003   5.352571   5.352790     2.6702     3.3758   -0.00090    0.00170    85.8925     0.2567     0.0937    204.518    207.021    35.6488    35.6502    23.9538    23.9548    1534.36    1534.36         61 0.0000e+00
       3863  62.853600     14.000     13.921    24.6022    24.6027   5.352857   5.353096     2.6713     3.3709   -0.00067    0.00003    85.8841     0.2555     0.0981    204.640    206.685    35.6489    35.6503    23.9534    23.9542    1534.38    1534.38         38 0.0000e+00
       3900  62.853615     15.000     14.916    24.6033    24.6032   5.353089   5.353259     2.6687     3.3745    0.00022   -0.00296    85.8557     0.2501     0.0981    204.418    206.966    35.6494    35.6508    23.9534    23.9545    1534.40    1534.40         37 0.0000e+00
       3944  62.853638     16.000     15.911    24.6041    24.6041   5.353217   5.353402     2.6702     3.3665   -0.00084    0.00113    85.8721     0.2593     0.1012    204.583    206.404    35.6494    35.6508    23.9533    23.9543    1534.42    1534.42         55 0.0000e+00
       4002  62.853664     17.000     16.902    24.6045    24.6041   5.353358   5.353507     2.6712     3.3726    0.00166   -0.00561    85.8357     0.2530     0.1029    204.697    206.876    35.6499    35.6513    23.9536    23.9547    1534.44    1534.44         51 0.0000e+00
       4043  62.853683     18.000     17.896    24.6040    24.6037   5.353317   5.353461     2.6695     3.3750   -0.00015    0.00396    85.8341     0.2537     0.1034    204.561    207.073    35.6496    35.6510    23.9535    23.9547    1534.45    1534.45         36 0.0000e+00
       4078  62.853703     19.000     18.894    24.6003    24.6006   5.353013   5.353203     2.6669     3.3739   -0.00085    0.00457    85.8263     0.2701     0.1038    204.351    207.033    35.6499    35.6511    23.9550    23.9558    1534.46    1534.46         37 0.0000e+00
       4126  62.853725     20.000     19.889    24.5984    24.5966   5.352860   5.352906     2.6680     3.3770   -0.00121   -0.00009    85.8096     0.2750     0.1042    204.495    207.294    35.6500    35.6517    23.9557    23.9575    1534.47    1534.47         63 0.0000e+00
       4197  62.853760     21.000     20.878    24.5997    24.5985   5.353034   5.353105     2.6675     3.3791    0.00133    0.00107    85.8518     0.2795     0.1084    204.460    207.463    35.6499    35.6514    23.9553    23.9568    1534.49    1534.49         61 0.0000e+00
       4241  62.853783     22.000     21.873    24.5644    24.5695   5.349721   5.350344     2.6641     3.3686   -0.00120    0.00067    85.8201     0.2734     0.1055    204.289    206.815    35.6528    35.6534    23.9682    23.9671    1534.43    1534.44         38 0.0000e+00
       4277  62.853798     23.000     22.870    24.4387    24.4392   5.337757   5.337365     2.6542     3.3531   -0.00179   -0.00289    85.7263     0.2825     0.1073    203.787    206.127    35.6625    35.6592    24.0134    24.0107    1534.15    1534.14         35 0.0000e+00
       4314  62.853817     24.000     23.865    23.7739    23.7664   5.274244   5.272376     2.6411     3.3342   -0.00374   -0.00768    85.3509     0.3263     0.1342    204.786    206.880    35.7135    35.7054    24.2497    24.2458    1532.58    1532.55         42 0.0000e+00
       4365  62.853840     25.000     24.857    23.0112    23.0635   5.201533   5.205090     2.6211     3.2990   -0.00860   -0.01300    84.6669     0.6688     0.2198    205.454    206.521    35.7726    35.7576    24.5179    24.4913    1530.74    1530.86         52 0.0000e+00
       4407  62.853863     26.000     25.851    22.6161    22.6070   5.163636   5.161829     2.5944     3.2720   -0.00864   -0.01762    83.4051     1.0207     0.3639    204.219    205.979    35.8010    35.7943    24.6532    24.6507    1529.78    1529.75         37 0.0000e+00
       4450  62.853882     27.000     26.850    22.2374    22.2413   5.125515   5.125619     2.5705     3.2411   -0.01423   -0.01546    82.1923     1.5213     0.5227    203.214    204.857    35.8137    35.8113    24.7706    24.7677    1528.83    1528.84         57 0.0000e+00
       4518  62.853916     28.000     27.838    21.8362    21.8332   5.083784   5.083101     2.5274     3.1891   -0.01291   -0.01807    81.4121     1.8990     0.6802    200.381    202.286    35.8162    35.8133    24.8857    24.8843    1527.80    1527.79         64 0.0000e+00
       4567  62.853939     29.000     28.833    21.6425    21.6334   5.063440   5.061679     2.4628     3.1067   -0.01569   -0.01673    80.2416     2.7938     1.0066    194.676    196.692    35.8153    35.8089    24.9391    24.9367    1527.31    1527.28         40 0.0000e+00
       4604  62.853954     30.000     29.829    20.9789    20.9415   4.993682   4.987930     2.3416     2.9335   -0.02708   -0.03121    79.7492     3.5383     1.1125    184.797    185.599    35.8111    35.7961    25.1186    25.1173    1525.55    1525.43         35 0.0000e+00
       4643  62.853973     31.000     30.826    20.2152    20.2110   4.914070   4.912740     2.1914     2.7420   -0.05726   -0.08310    80.5178     3.5863     1.0695    172.056    172.946    35.8094    35.8021    25.3235    25.3191    1523.49    1523.47         44 0.0000e+00
       4691  62.853996     32.000     31.818    20.0639    20.0778   4.898282   4.899210     2.1052     2.6378   -0.09513   -0.12321    81.4573     3.3552     0.9306    163.756    165.209    35.8083    35.8041    25.3631    25.3562    1523.09    1523.12         51 0.0000e+00
       4741  62.854023     33.000     32.812    19.7314    19.7422   4.863571   4.863533     2.0207     2.5293   -0.04029   -0.04834    82.1916     3.2051     0.8494    156.079    157.621    35.8055    35.7959    25.4486    25.4384    1522.18    1522.20         50 0.0000e+00
       4792  62.854046     34.000     33.806    19.2866    19.3004   4.817816   4.818891     1.9228     2.4019   -0.04280   -0.05542    83.1532     2.8568     0.7553    147.230    148.727    35.8069    35.8040    25.5658    25.5600    1520.96    1520.99         53 0.0000e+00
       4843  62.854073     35.000     34.798    19.1458    19.1477   4.803235   4.802952     1.8706     2.3347   -0.04620   -0.06027    83.8413     2.5463     0.6823    142.206    143.793    35.8061    35.8021    25.6016    25.5980    1520.57    1520.57         44 0.0000e+00
       4881  62.854088     36.000     35.794    18.9703    18.9667   4.785260   4.784534     1.8333     2.2840   -0.02414   -0.03085    84.4328     2.2626     0.6630    138.792    140.210    35.8066    35.8036    25.6471    25.6457    1520.09    1520.08         37 0.0000e+00
       4933  62.854115     37.000     36.790    18.8109    18.8127   4.768771   4.768896     1.7918     2.2300   -0.02356   -0.03151    84.7880     2.0626     0.5922    134.887    136.285    35.8055    35.8050    25.6870    25.6862    1519.66    1519.66         64 0.0000e+00
       4984  62.854137     38.000     37.779    18.4256    18.4156   4.728099   4.726080     1.7308     2.1462   -0.01794   -0.02285    85.1603     1.9617     0.5493    129.446    130.506    35.7958    35.7874    25.7771    25.7732    1518.56    1518.52         38 0.0000e+00
       5030  62.854160     39.000     38.781    18.1762    18.1659   4.701880   4.700500     1.6745     2.0732   -0.02889   -0.03942    85.6023     1.7193     0.4471    124.121    125.180    35.7900    35.7872    25.8351    25.8356    1517.85    1517.81         63 0.0000e+00
       5092  62.854191     40.000     39.765    18.0517    18.0511   4.688794   4.688694     1.6336     2.0216   -0.02709   -0.03461    86.0545     1.3821     0.3927    120.097    121.270    35.7867    35.7864    25.8636    25.8636    1517.50    1517.50         44 0.0000e+00
       5123  62.854206     41.000     40.764    18.0038    18.0048   4.683988   4.683908     1.6209     2.0070   -0.01570   -0.01986    86.3872     1.2744     0.3412    118.874    120.200    35.7871    35.7855    25.8759    25.8745    1517.38    1517.38         27 0.0000e+00
       5153  62.854221     42.000     41.765    17.9306    17.9387   4.676174   4.676801     1.6112     1.9932   -0.01188   -0.01471    86.6060     1.0425     0.3123    118.020    119.238    35.7839    35.7822    25.8916    25.8883    1517.18    1517.20         35 0.0000e+00
       5216  62.854252     43.000     42.756    17.8849    17.8611   4.671300   4.668684     1.5987     1.9742   -0.00787   -0.01017    86.6013     1.0773     0.3070    116.810    117.869    35.7818    35.7802    25.9013    25.9060    1517.06    1516.98        107 0.0000e+00
       5308  62.854294     44.000     43.738    17.7918    17.7899   4.661178   4.660928     1.5823     1.9512   -0.00110   -0.00574    86.6039     1.2054     0.3204    115.279    116.162    35.7762    35.7756    25.9200    25.9200    1516.79    1516.79         41 0.0000e+00
       5332  62.854305     45.000     44.741    17.6721    17.6740   4.648202   4.648072     1.5716     1.9365   -0.00367   -0.00336    86.7293     1.0149     0.2963    114.411    115.214    35.7692    35.7665    25.9441    25.9415    1516.45    1516.45         24 0.0000e+00
       5356  62.854317     46.000     45.741    17.6326    17.6342   4.643935   4.644029     1.5628     1.9263   -0.00652   -0.00716    86.7935     0.9012     0.2893    113.580    114.479    35.7667    35.7662    25.9519    25.9510    1516.35    1516.35         27 0.0000e+00
       5411  62.854343     47.000     46.732    17.6152    17.5961   4.641966   4.640041     1.5546     1.9171   -0.00725   -0.00884    86.7731     0.9477     0.2816    112.753    113.819    35.7647    35.7649    25.9546    25.9594    1516.31    1516.26         90 0.0000e+00
       5481  62.854378     48.000     47.719    17.5105    17.5108   4.630784   4.630884     1.5420     1.9027   -0.00155   -0.00225    86.7572     0.9875     0.2854    111.639    112.833    35.7600    35.7605    25.9766    25.9769    1516.01    1516.02         34 0.0000e+00
       5511  62.854393     49.000     48.724    17.5044    17.5060   4.630142   4.630462     1.5384     1.8991   -0.00463   -0.00582    86.8647     0.9053     0.2755    111.277    112.562    35.7593    35.7607    25.9776    25.9782    1516.01    1516.02         35 0.0000e+00
       5582  62.854427     50.000     49.713    17.4962    17.4904   4.629197   4.628761     1.5349     1.8935   -0.00266   -0.00269    86.8623     0.9674     0.2679    110.935    112.143    35.7581    35.7593    25.9786    25.9810    1516.00    1515.99        100 0.0000e+00
       5650  62.854462     51.000     50.698    17.4266    17.4273   4.621762   4.621507     1.5260     1.8788   -0.00088   -0.00258    86.8832     0.9833     0.2681    110.140    111.082    35.7546    35.7518    25.9930    25.9906    1515.81    1515.81         34 0.0000e+00
       5677  62.854473     52.000     51.700    17.1534    17.1544   4.592071   4.590895     1.5087     1.8543   -0.00132   -0.00273    86.9079     0.8425     0.2714    108.868    109.637    35.7377    35.7265    26.0460    26.0371    1515.00    1514.99         26 0.0000e+00
       5703  62.854485     53.000     52.702    16.9596    16.9617   4.571172   4.571079     1.4922     1.8334   -0.00541   -0.00822    87.0114     0.7911     0.2653    107.504    108.304    35.7267    35.7239    26.0840    26.0813    1514.42    1514.42         28 0.0000e+00
       5761  62.854515     54.000     53.692    16.9383    16.9123   4.568845   4.566061     1.4811     1.8173   -0.00970   -0.01404    87.0079     0.7933     0.2469    106.363    107.074    35.7248    35.7235    26.0876    26.0928    1514.37    1514.29         60 0.0000e+00
       5839  62.854553     55.000     54.679    16.8272    16.8245   4.557011   4.556347     1.4682     1.8009    0.00135   -0.00182    86.9623     0.7427     0.2441    105.204    105.901    35.7194    35.7160    26.1099    26.1079    1514.05    1514.04         28 0.0000e+00
       5864  62.854565     56.000     55.683    16.7056    16.7092   4.543884   4.544075     1.4626     1.7946   -0.00446   -0.00522    87.0199     0.7005     0.2349    104.855    105.619    35.7119    35.7103    26.1330    26.1309    1513.69    1513.70         28 0.0000e+00
       5983  62.854622     57.000     56.673    16.6827    16.6450   4.541528   4.537440     1.4558     1.7856   -0.00259   -0.00318    87.0751     0.8438     0.2277    104.174    105.001    35.7112    35.7087    26.1379    26.1449    1513.64    1513.52        107 0.0000e+00
       6085  62.854671     58.000     57.663    16.5898    16.5896   4.531504   4.531537     1.4468     1.7760   -0.00201   -0.00200    87.1373     0.8050     0.2150    103.392    104.327    35.7053    35.7057    26.1553    26.1557    1513.37    1513.37         42 0.0000e+00
       6151  62.854702     59.000     58.662    16.5280    16.5343   4.524783   4.525700     1.4423     1.7716   -0.00244   -0.00229    87.1765     0.7467     0.2063    103.037    104.078    35.7008    35.7032    26.1664    26.1667    1513.19    1513.21         70 0.0000e+00
       6304  62.854774     60.000     59.657    16.5034    16.5060   4.522111   4.522612     1.4378     1.7662   -0.00127   -0.00155    87.2296     0.6717     0.2047    102.609    103.691    35.6987    35.7008    26.1706    26.1716    1513.13    1513.14         68 0.0000e+00
       7076  62.855148     61.000     60.648    16.4953    16.4955   4.521135   4.521362     1.4335     1.7604    0.00000    0.00079    87.2664     0.6940     0.1981    102.168    103.241    35.6969    35.6987    26.1711    26.1725    1513.12    1513.12         90 0.0000e+00
