data/cnv/dfr29006.cnv
* Sea-Bird SBE 9 Data File:
* FileName = C:\SEASOFT\PIRATA-FR29\data\fr29006.hex
* Software Version Seasave V 7.26.7.107
* Temperature SN = 6083
* Conductivity SN = 4509
* Number of Bytes Per Scan = 42
* Number of Voltage Words = 3
* Number of Scans Averaged by the Deck Unit = 1
* NMEA Latitude = 00 01.06 N
* NMEA Longitude = 000 01.05 E
* NMEA UTC (Time) = Mar 10 2019 16:42:09
** Cruise: PIRATA-FR29
** Ship: THALASSA
** Station: 6
** Bottom Depth: 4904.9
** Barometric pressure : 1009.3
** Temp Air: 27.2
** Operator: PS/MG
** Comments:
# nquan = 25
# nvalues = 502                         
# units = specified
# name 0 = scan: Scan Count
# name 1 = timeJ: Julian Days
# name 2 = prDM: Pressure, Digiquartz [db]
# name 3 = depSM: Depth [salt water, m]
# name 4 = t090C: Temperature [ITS-90, deg C]
# name 5 = t190C: Temperature, 2 [ITS-90, deg C]
# name 6 = c0S/m: Conductivity [S/m]
# name 7 = c1S/m: Conductivity, 2 [S/m]
# name 8 = sbeox0V: Oxygen raw, SBE 43 [V]
# name 9 = sbeox1V: Oxygen raw, SBE 43, 2 [V]
# name 10 = sbox0dV/dT: Oxygen, SBE 43 [dov/dt]
# name 11 = sbox1dV/dT: Oxygen, SBE 43, 2 [dov/dt]
# name 12 = CStarTr0: Beam Transmission, WET Labs C-Star [%]
# name 13 = flECO-AFL: Fluorescence, WET Labs ECO-AFL/FL [mg/m^3]
# name 14 = flC: Fluorescence, Chelsea Aqua 3 Chl Con [ug/l]
# name 15 = sbox0Mm/Kg: Oxygen, SBE 43 [umol/kg], WS = 2
# name 16 = sbox1Mm/Kg: Oxygen, SBE 43, 2 [umol/kg], WS = 2
# name 17 = sal00: Salinity, Practical [PSU]
# name 18 = sal11: Salinity, Practical, 2 [PSU]
# name 19 = sigma-é00: Density [sigma-theta, kg/m^3]
# name 20 = sigma-é11: Density, 2 [sigma-theta, kg/m^3]
# name 21 = svCM: Sound Velocity [Chen-Millero, m/s]
# name 22 = svCM1: Sound Velocity, 2 [Chen-Millero, m/s]
# name 23 = nbin: number of scans per bin
# name 24 = flag: flag
# span 0 =       1100,      19025       
# span 1 =  69.696479,  69.705123       
# span 2 =      4.000,    505.000       
# span 3 =      3.978,    501.615       
# span 4 =     7.4526,    29.8647       
# span 5 =     7.4475,    29.8633       
# span 6 =   3.561101,   5.720453       
# span 7 =   3.560713,   5.720376       
# span 8 =     0.9840,     2.7071       
# span 9 =     1.1661,     3.4244       
# span 10 =   -0.06499,    0.01187      
# span 11 =   -0.09325,    0.01852      
# span 12 =    87.6144,    89.7230      
# span 13 =     0.0502,     0.9618      
# span 14 =     0.0370,     0.2964      
# span 15 =     62.813,    200.714      
# span 16 =     63.140,    203.272      
# span 17 =    34.3167,    36.6168      
# span 18 =    34.3172,    36.6107      
# span 19 =    21.2604,    27.0889      
# span 20 =    21.2613,    27.0903      
# span 21 =    1488.27,    1544.68      
# span 22 =    1488.25,    1544.68      
# span 23 =         15,        193      
# span 24 = 0.0000e+00, 0.0000e+00      
# interval = decibars: 1                
# start_time = Mar 10 2019 16:42:10 [System UTC, first data scan.]
# bad_flag = -9.990e-29
*END*
[from data line 290]
      12048  69.701759    294.000    292.173    10.2559    10.2566   3.843729   3.843906     1.0099     1.1981   -0.00342   -0.00369    89.5595     0.0659     0.0531     65.757     65.896    34.9723    34.9734    26.8923    26.8930    1495.56    1495.56         29 0.0000e+00
      12073  69.701775    295.000    293.165    10.2525    10.2522   3.843454   3.843500     1.0082     1.1968   -0.00286   -0.00310    89.5761     0.0773     0.0514     65.553     65.785    34.9723    34.9731    26.8929    26.8935    1495.56    1495.56         23 0.0000e+00
      12095  69.701782    296.000    294.160    10.2398    10.2396   3.842168   3.842205     1.0070     1.1954   -0.00228   -0.00236    89.5730     0.0791     0.0537     65.427     65.678    34.9711    34.9717    26.8941    26.8946    1495.53    1495.53         20 0.0000e+00
      12113  69.701790    297.000    295.155    10.2312    10.2312   3.841297   3.841419     1.0063     1.1942   -0.00175   -0.00179    89.5581     0.0746     0.0527     65.349     65.578    34.9701    34.9713    26.8949    26.8958    1495.52    1495.52         18 0.0000e+00
      12132  69.701797    298.000    296.151    10.2268    10.2261   3.840877   3.840915     1.0050     1.1933   -0.00152   -0.00132    89.5554     0.0745     0.0470     65.206     65.504    34.9696    34.9706    26.8952    26.8961    1495.52    1495.52         19 0.0000e+00
      12152  69.701805    299.000    297.145    10.2207    10.2202   3.840253   3.840321     1.0046     1.1925   -0.00140   -0.00139    89.5543     0.0689     0.0481     65.163     65.441    34.9686    34.9698    26.8956    26.8966    1495.51    1495.51         21 0.0000e+00
      12173  69.701820    300.000    298.137    10.2155    10.2150   3.839744   3.839827     1.0036     1.1914   -0.00125   -0.00151    89.5576     0.0739     0.0471     65.060     65.349    34.9680    34.9693    26.8960    26.8971    1495.51    1495.51         21 0.0000e+00
      12194  69.701828    301.000    299.125    10.2113    10.2110   3.839362   3.839470     1.0029     1.1902   -0.00117   -0.00132    89.5267     0.0758     0.0491     64.976     65.248    34.9677    34.9691    26.8965    26.8976    1495.51    1495.51         21 0.0000e+00
      12214  69.701836    302.000    300.124    10.2065    10.2060   3.838873   3.838940     1.0022     1.1893   -0.00091   -0.00106    89.5447     0.0588     0.0526     64.899     65.180    34.9669    34.9680    26.8968    26.8977    1495.51    1495.51         20 0.0000e+00
      12235  69.701851    303.000    301.116    10.1969    10.1965   3.837881   3.837941     1.0012     1.1879   -0.00090   -0.00120    89.5554     0.0714     0.0540     64.804     65.063    34.9657    34.9667    26.8975    26.8983    1495.49    1495.49         22 0.0000e+00
      12258  69.701859    304.000    302.109    10.1873    10.1869   3.836911   3.837024     1.0008     1.1866   -0.00086   -0.00116    89.5545     0.0797     0.0546     64.774     64.958    34.9646    34.9661    26.8983    26.8995    1495.47    1495.47         24 0.0000e+00
      12284  69.701874    305.000    303.103    10.1834    10.1834   3.836537   3.836689     0.9998     1.1853   -0.00098   -0.00133    89.5546     0.0756     0.0544     64.654     64.841    34.9641    34.9656    26.8986    26.8998    1495.47    1495.47         27 0.0000e+00
      12311  69.701889    306.000    304.093    10.1733    10.1734   3.835517   3.835654     0.9986     1.1839   -0.00061   -0.00146    89.5554     0.0687     0.0535     64.520     64.726    34.9630    34.9643    26.8995    26.9005    1495.45    1495.45         28 0.0000e+00
      12340  69.701897    307.000    305.088    10.1657    10.1656   3.834772   3.834892     0.9970     1.1820   -0.00091   -0.00131    89.5554     0.0731     0.0507     64.341     64.559    34.9622    34.9635    26.9002    26.9013    1495.44    1495.44         28 0.0000e+00
      12368  69.701912    308.000    306.079    10.1572    10.1571   3.833919   3.834036     0.9948     1.1797   -0.00101   -0.00110    89.5554     0.0809     0.0500     64.076     64.359    34.9613    34.9626    26.9010    26.9020    1495.42    1495.42         28 0.0000e+00
      12395  69.701927    309.000    307.071    10.1484    10.1483   3.833024   3.833145     0.9931     1.1775   -0.00132   -0.00163    89.5554     0.0815     0.0510     63.878     64.160    34.9602    34.9615    26.9017    26.9027    1495.41    1495.41         25 0.0000e+00
      12418  69.701935    310.000    308.063    10.1432    10.1432   3.832520   3.832664     0.9915     1.1758   -0.00177   -0.00188    89.5554     0.0674     0.0489     63.687     64.007    34.9596    34.9611    26.9021    26.9033    1495.40    1495.40         23 0.0000e+00
      12440  69.701950    311.000    309.058    10.1402    10.1399   3.832212   3.832342     0.9903     1.1744   -0.00157   -0.00191    89.5554     0.0671     0.0469     63.544     63.881    34.9590    34.9606    26.9022    26.9034    1495.41    1495.41         21 0.0000e+00
      12461  69.701958    312.000    310.051    10.1357    10.1353   3.831764   3.831868     0.9893     1.1727   -0.00169   -0.00197    89.5554     0.0656     0.0480     63.426     63.727    34.9582    34.9597    26.9024    26.9036    1495.41    1495.41         20 0.0000e+00
      12480  69.701965    313.000    311.044    10.1336    10.1334   3.831571   3.831701     0.9883     1.1708   -0.00159   -0.00176    89.5554     0.0673     0.0479     63.305     63.555    34.9578    34.9594    26.9024    26.9037    1495.42    1495.42         20 0.0000e+00
      12499  69.701973    314.000    312.034    10.1291    10.1288   3.831108   3.831214     0.9873     1.1696   -0.00133   -0.00156    89.5554     0.0745     0.0476     63.197     63.448    34.9571    34.9584    26.9027    26.9037    1495.42    1495.42         18 0.0000e+00
      12517  69.701988    315.000    313.031    10.1232    10.1231   3.830519   3.830658     0.9861     1.1680   -0.00119   -0.00182    89.5734     0.0791     0.0480     63.059     63.306    34.9563    34.9578    26.9031    26.9043    1495.41    1495.41         17 0.0000e+00
      12535  69.701996    316.000    314.027    10.1210    10.1208   3.830340   3.830474     0.9850     1.1670   -0.00122   -0.00223    89.5838     0.0805     0.0488     62.927     63.219    34.9562    34.9577    26.9034    26.9046    1495.42    1495.42         19 0.0000e+00
      12554  69.702003    317.000    315.022    10.1195    10.1193   3.830213   3.830337     0.9843     1.1661   -0.00128   -0.00196    89.5802     0.0730     0.0514     62.846     63.140    34.9558    34.9573    26.9034    26.9046    1495.43    1495.43         20 0.0000e+00
      12577  69.702011    318.000    316.015    10.1179    10.1176   3.830060   3.830196     0.9840     1.1663   -0.00148   -0.00178    89.5851     0.0884     0.0504     62.813     63.172    34.9553    34.9570    26.9033    26.9046    1495.44    1495.44         26 0.0000e+00
      12606  69.702026    319.000    317.003    10.1158    10.1155   3.829861   3.829994     0.9861     1.1694   -0.00117   -0.00130    89.6000     0.0627     0.0499     63.102     63.488    34.9549    34.9566    26.9034    26.9047    1495.45    1495.45         33 0.0000e+00
      12642  69.702042    320.000    317.994    10.1128    10.1128   3.829580   3.829741     0.9901     1.1744    0.00008    0.00066    89.5857     0.0707     0.0505     63.624     64.000    34.9545    34.9561    26.9035    26.9048    1495.45    1495.46         37 0.0000e+00
      12677  69.702065    321.000    318.989    10.1065    10.1063   3.828944   3.829072     0.9941     1.1796    0.00240    0.00313    89.5834     0.0725     0.0508     64.170     64.529    34.9536    34.9551    26.9040    26.9051    1495.45    1495.45         31 0.0000e+00
      12704  69.702072    322.000    319.977    10.0968    10.0968   3.827975   3.828110     0.9980     1.1853    0.00261    0.00337    89.5865     0.0739     0.0509     64.692     65.112    34.9527    34.9540    26.9049    26.9060    1495.43    1495.43         25 0.0000e+00
      12727  69.702087    323.000    320.966    10.0831    10.0826   3.826549   3.826570     1.0005     1.1886    0.00270    0.00350    89.5867     0.0670     0.0492     65.051     65.469    34.9509    34.9515    26.9059    26.9065    1495.39    1495.39         21 0.0000e+00
      12746  69.702095    324.000    321.967    10.0491    10.0484   3.823005   3.822882     1.0030     1.1906    0.00332    0.00435    89.5634     0.0730     0.0483     65.426     65.729    34.9471    34.9465    26.9088    26.9084    1495.28    1495.28         18 0.0000e+00
      12764  69.702103    325.000    322.960    10.0113    10.0107   3.819084   3.818937     1.0051     1.1936    0.00330    0.00483    89.5745     0.0818     0.0442     65.771     66.089    34.9431    34.9421    26.9121    26.9115    1495.16    1495.15         16 0.0000e+00
      12779  69.702110    326.000    323.950     9.9775     9.9772   3.815571   3.815466     1.0082     1.1978    0.00285    0.00412    89.5760     0.0692     0.0474     66.238     66.564    34.9393    34.9386    26.9150    26.9144    1495.05    1495.05         16 0.0000e+00
      12795  69.702118    327.000    324.947     9.9489     9.9484   3.812556   3.812495     1.0125     1.2032    0.00269    0.00309    89.5866     0.0681     0.0486     66.846     67.154    34.9357    34.9355    26.9170    26.9170    1494.96    1494.96         15 0.0000e+00
      12811  69.702126    328.000    325.946     9.9239     9.9232   3.809920   3.809834     1.0179     1.2098    0.00297    0.00299    89.5880     0.0715     0.0473     67.601     67.850    34.9324    34.9323    26.9187    26.9187    1494.88    1494.88         18 0.0000e+00
      12830  69.702133    329.000    326.939     9.9062     9.9058   3.808042   3.808088     1.0237     1.2169    0.00362    0.00457    89.5894     0.0679     0.0469     68.390     68.592    34.9299    34.9307    26.9197    26.9205    1494.83    1494.83         20 0.0000e+00
      12853  69.702148    330.000    327.929     9.8966     9.8962   3.807049   3.807153     1.0291     1.2238    0.00586    0.00758    89.5880     0.0670     0.0447     69.125     69.305    34.9285    34.9299    26.9203    26.9215    1494.81    1494.81         26 0.0000e+00
      12880  69.702164    331.000    328.920     9.8865     9.8861   3.805949   3.806014     1.0325     1.2293    0.00750    0.00922    89.5865     0.0740     0.0490     69.596     69.871    34.9266    34.9276    26.9206    26.9214    1494.79    1494.79         28 0.0000e+00
      12911  69.702171    332.000    329.913     9.8611     9.8620   3.803335   3.803540     1.0337     1.2306    0.00583    0.00747    89.5581     0.0819     0.0507     69.798     70.054    34.9239    34.9251    26.9227    26.9235    1494.71    1494.71         33 0.0000e+00
      12945  69.702194    333.000    330.904     9.8505     9.8511   3.802240   3.802447     1.0322     1.2299    0.00256    0.00393    89.6007     0.0736     0.0530     69.631     70.003    34.9224    34.9240    26.9234    26.9245    1494.69    1494.69         35 0.0000e+00
      12978  69.702209    334.000    331.894     9.8446     9.8451   3.801661   3.801847     1.0300     1.2271    0.00019    0.00028    89.5984     0.0700     0.0511     69.355     69.746    34.9218    34.9232    26.9239    26.9250    1494.68    1494.68         30 0.0000e+00
      13006  69.702217    335.000    332.885     9.8409     9.8408   3.801309   3.801446     1.0275     1.2239   -0.00125   -0.00069    89.5859     0.0784     0.0505     69.055     69.442    34.9213    34.9228    26.9242    26.9253    1494.68    1494.68         26 0.0000e+00
      13029  69.702232    336.000    333.879     9.8382     9.8381   3.801080   3.801201     1.0257     1.2213   -0.00160   -0.00191    89.5992     0.0734     0.0517     68.823     69.196    34.9211    34.9225    26.9245    26.9256    1494.69    1494.69         21 0.0000e+00
      13049  69.702240    337.000    334.870     9.8338     9.8335   3.800664   3.800767     1.0239     1.2187   -0.00179   -0.00250    89.5971     0.0740     0.0548     68.604     68.954    34.9207    34.9220    26.9249    26.9260    1494.69    1494.69         18 0.0000e+00
      13066  69.702248    338.000    335.863     9.8292     9.8290   3.800220   3.800329     1.0215     1.2160   -0.00203   -0.00275    89.5786     0.0611     0.0578     68.315     68.702    34.9200    34.9214    26.9252    26.9264    1494.69    1494.69         17 0.0000e+00
      13082  69.702255    339.000    336.864     9.8246     9.8245   3.799776   3.799895     1.0195     1.2141   -0.00210   -0.00286    89.6021     0.0590     0.0567     68.065     68.528    34.9195    34.9209    26.9256    26.9267    1494.69    1494.69         16 0.0000e+00
      13098  69.702263    340.000    337.858     9.8209     9.8206   3.799417   3.799520     1.0177     1.2114   -0.00202   -0.00271    89.5995     0.0590     0.0538     67.843     68.281    34.9189    34.9203    26.9258    26.9269    1494.69    1494.69         16 0.0000e+00
      13115  69.702271    341.000    338.852     9.8151     9.8146   3.798833   3.798918     1.0154     1.2082   -0.00248   -0.00331    89.5998     0.0664     0.0495     67.563     67.979    34.9182    34.9195    26.9262    26.9273    1494.68    1494.68         18 0.0000e+00
      13135  69.702286    342.000    339.845     9.8099     9.8094   3.798311   3.798398     1.0125     1.2037   -0.00303   -0.00344    89.6012     0.0731     0.0503     67.194     67.543    34.9174    34.9187    26.9265    26.9276    1494.68    1494.68         21 0.0000e+00
      13157  69.702293    343.000    340.834     9.8031     9.8026   3.797626   3.797694     1.0088     1.1988   -0.00298   -0.00354    89.5922     0.0737     0.0500     66.726     67.080    34.9164    34.9177    26.9269    26.9280    1494.67    1494.67         23 0.0000e+00
      13182  69.702309    344.000    341.829     9.7969     9.7966   3.796997   3.797108     1.0049     1.1943   -0.00321   -0.00481    89.5817     0.0722     0.0486     66.234     66.647    34.9155    34.9170    26.9273    26.9285    1494.67    1494.67         27 0.0000e+00
      13211  69.702316    345.000    342.821     9.7942     9.7943   3.796751   3.796921     1.0017     1.1906   -0.00390   -0.00530    89.5890     0.0691     0.0474     65.840     66.287    34.9151    34.9168    26.9274    26.9287    1494.67    1494.67         32 0.0000e+00
      13245  69.702339    346.000    343.811     9.7936     9.7937   3.796720   3.796895     0.9999     1.1874   -0.00359   -0.00425    89.5569     0.0651     0.0486     65.607     65.976    34.9149    34.9166    26.9274    26.9287    1494.69    1494.69         35 0.0000e+00
      13278  69.702354    347.000    344.801     9.7935     9.7933   3.796740   3.796890     0.9986     1.1858   -0.00212   -0.00267    89.5826     0.0748     0.0488     65.442     65.827    34.9148    34.9165    26.9274    26.9287    1494.70    1494.70         29 0.0000e+00
      13305  69.702362    348.000    345.796     9.7906     9.7906   3.796471   3.796608     0.9980     1.1850   -0.00112   -0.00219    89.5780     0.0688     0.0527     65.373     65.759    34.9144    34.9158    26.9276    26.9286    1494.71    1494.71         26 0.0000e+00
      13329  69.702377    349.000    346.788     9.7865     9.7861   3.796055   3.796157     0.9978     1.1852   -0.00100   -0.00124    89.5896     0.0708     0.0542     65.372     65.797    34.9137    34.9151    26.9277    26.9289    1494.71    1494.71         24 0.0000e+00
      13352  69.702385    350.000    347.781     9.7767     9.7758   3.795030   3.795036     0.9984     1.1859   -0.00075   -0.00083    89.5912     0.0743     0.0522     65.469     65.891    34.9122    34.9131    26.9282    26.9290    1494.69    1494.68         21 0.0000e+00
