data/cnv/dfr29001.cnv
* Sea-Bird SBE 9 Data File:
* FileName = C:\SEASOFT\PIRATA-FR29\data\fr29001.hex
* Software Version Seasave V 7.26.7.107
* Temperature SN = 6083
* Conductivity SN = 4509
* Number of Bytes Per Scan = 42
* Number of Voltage Words = 3
* Number of Scans Averaged by the Deck Unit = 1
* NMEA Latitude = 12 29.57 N
* NMEA Longitude = 023 20.56 W
* NMEA UTC (Time) = Mar 02 2019 15:20:02
** Cruise: PIRATA-FR29
** Ship: THALASSA
** Station: 001
** Bottom Depth: 4894
** Barometric pressure : 1013.5
** Temp Air: 23.8
** Operator: JG
** Comments:
# nquan = 25
# nvalues = 4073                        
# units = specified
# name 0 = scan: Scan Count
# name 1 = timeJ: Julian Days
# name 2 = prDM: Pressure, Digiquartz [db]
# name 3 = depSM: Depth [salt water, m]
# name 4 = t090C: Temperature [ITS-90, deg C]
# name 5 = t190C: Temperature, 2 [ITS-90, deg C]
# name 6 = c0S/m: Conductivity [S/m]
# name 7 = c1S/m: Conductivity, 2 [S/m]
# name 8 = sbeox0V: Oxygen raw, SBE 43 [V]
# name 9 = sbeox1V: Oxygen raw, SBE 43, 2 [V]
# name 10 = sbox0dV/dT: Oxygen, SBE 43 [dov/dt]
# name 11 = sbox1dV/dT: Oxygen, SBE 43, 2 [dov/dt]
# name 12 = CStarTr0: Beam Transmission, WET Labs C-Star [%]
# name 13 = flECO-AFL: Fluorescence, WET Labs ECO-AFL/FL [mg/m^3]
# name 14 = flC: Fluorescence, Chelsea Aqua 3 Chl Con [ug/l]
# name 15 = sbox0Mm/Kg: Oxygen, SBE 43 [umol/kg], WS = 2
# name 16 = sbox1Mm/Kg: Oxygen, SBE 43, 2 [umol/kg], WS = 2
# name 17 = sal00: Salinity, Practical [PSU]
# name 18 = sal11: Salinity, Practical, 2 [PSU]
# name 19 = sigma-é00: Density [sigma-theta, kg/m^3]
# name 20 = sigma-é11: Density, 2 [sigma-theta, kg/m^3]
# name 21 = svCM: Sound Velocity [Chen-Millero, m/s]
# name 22 = svCM1: Sound Velocity, 2 [Chen-Millero, m/s]
# name 23 = nbin: number of scans per bin
# name 24 = flag: flag
# span 0 =        -33,     106738       
# span 1 =  61.638907,  61.690399       
# span 2 =      3.000,   4075.000       
# span 3 =      2.972,   4013.095       
# span 4 =     2.3598,    24.0121       
# span 5 =     2.3594,    24.0112       
# span 6 =   3.258928,   5.330835       
# span 7 =   3.259070,   5.330918       
# span 8 =     0.8283,     2.6619       
# span 9 =     0.9608,     3.3525       
# span 10 =   -0.11106,    0.01273      
# span 11 =   -0.15532,    0.01593      
# span 12 =    86.4791,    90.0254      
# span 13 =     0.0323,     1.4173      
# span 14 =     0.0026,     0.4341      
# span 15 =     41.890,    233.010      
# span 16 =     42.182,    235.784      
# span 17 =    34.8167,    35.9561      
# span 18 =    34.8185,    35.9572      
# span 19 =    24.3620,    27.8863      
# span 20 =    24.3631,    27.8881      
# span 21 =    1489.21,    1533.85      
# span 22 =    1489.21,    1533.85      
# span 23 =         10,         96      
# span 24 = 0.0000e+00, 0.0000e+00      
# interval = decibars: 1                
# start_time = Mar 02 2019 15:20:03 [System UTC, first data scan.]
# bad_flag = -9.990e-29
*END*
[from data line 870]
      24201  61.650593    873.000    866.159     6.1956     6.1951   3.477422   3.477499     1.1590     1.3993    0.00157    0.00236    89.8752     0.0563     0.0355    100.974    101.571    34.8206    34.8220    27.3961    27.3973    1489.67    1489.67         22 0.0000e+00
      24220  61.650604    874.000    867.151     6.1873     6.1870   3.476834   3.476944     1.1597     1.4005    0.00137    0.00242    89.8842     0.0631     0.0356    101.111    101.741    34.8220    34.8235    27.3983    27.3995    1489.65    1489.65         18 0.0000e+00
      24236  61.650612    875.000    868.150     6.1808     6.1805   3.476269   3.476390     1.1608     1.4017    0.00145    0.00214    89.8841     0.0724     0.0318    101.316    101.908    34.8218    34.8235    27.3990    27.4004    1489.64    1489.64         16 0.0000e+00
      24254  61.650620    876.000    869.147     6.1747     6.1747   3.475725   3.475848     1.1620     1.4032    0.00132    0.00153    89.8841     0.0703     0.0326    101.523    102.113    34.8214    34.8229    27.3995    27.4006    1489.63    1489.64         20 0.0000e+00
      24277  61.650631    877.000    870.128     6.1674     6.1671   3.475106   3.475223     1.1640     1.4051    0.00096    0.00143    89.8841     0.0659     0.0332    101.857    102.367    34.8215    34.8231    27.4005    27.4018    1489.62    1489.62         25 0.0000e+00
      24300  61.650642    878.000    871.108     6.1598     6.1595   3.474485   3.474588     1.1656     1.4077    0.00156    0.00175    89.8841     0.0587     0.0328    102.137    102.706    34.8218    34.8233    27.4017    27.4029    1489.61    1489.61         21 0.0000e+00
      24319  61.650650    879.000    872.099     6.1549     6.1545   3.474068   3.474156     1.1667     1.4092    0.00172    0.00189    89.8841     0.0566     0.0338    102.335    102.909    34.8216    34.8230    27.4022    27.4034    1489.61    1489.61         16 0.0000e+00
      24334  61.650658    880.000    873.095     6.1352     6.1352   3.472224   3.472225     1.1679     1.4112    0.00189    0.00208    89.8841     0.0633     0.0349    102.580    103.199    34.8206    34.8206    27.4040    27.4039    1489.54    1489.54         15 0.0000e+00
      24348  61.650665    881.000    874.090     6.1224     6.1224   3.471001   3.471118     1.1691     1.4131    0.00189    0.00239    89.8841     0.0629     0.0369    102.816    103.468    34.8194    34.8208    27.4046    27.4058    1489.51    1489.51         14 0.0000e+00
      24363  61.650673    882.000    875.086     6.1228     6.1225   3.471127   3.471314     1.1703     1.4148    0.00171    0.00251    89.8841     0.0627     0.0371    103.007    103.688    34.8200    34.8224    27.4051    27.4070    1489.53    1489.53         16 0.0000e+00
      24381  61.650681    883.000    876.078     6.1269     6.1266   3.471704   3.471862     1.1719     1.4165    0.00161    0.00233    89.8841     0.0621     0.0363    103.252    103.887    34.8217    34.8239    27.4060    27.4077    1489.56    1489.56         20 0.0000e+00
      24406  61.650692    884.000    877.058     6.1261     6.1252   3.471705   3.471767     1.1739     1.4188    0.00183    0.00298    89.8841     0.0582     0.0349    103.575    104.166    34.8221    34.8237    27.4063    27.4078    1489.57    1489.57         29 0.0000e+00
      24431  61.650703    885.000    878.039     6.1131     6.1126   3.470496   3.470551     1.1751     1.4204    0.00202    0.00273    89.8841     0.0505     0.0359    103.817    104.409    34.8213    34.8225    27.4074    27.4084    1489.54    1489.54         21 0.0000e+00
      24450  61.650715    886.000    879.032     6.0986     6.0985   3.469158   3.469224     1.1761     1.4215    0.00226    0.00235    89.8841     0.0469     0.0371    104.016    104.584    34.8207    34.8215    27.4088    27.4095    1489.50    1489.50         16 0.0000e+00
      24465  61.650723    887.000    880.026     6.0887     6.0885   3.468241   3.468360     1.1768     1.4233    0.00179    0.00204    89.8841     0.0646     0.0372    104.169    104.831    34.8200    34.8216    27.4095    27.4108    1489.47    1489.47         15 0.0000e+00
      24480  61.650730    888.000    881.023     6.0849     6.0846   3.467911   3.468018     1.1780     1.4247    0.00131    0.00174    89.8841     0.0617     0.0345    104.373    105.022    34.8197    34.8212    27.4097    27.4109    1489.47    1489.47         16 0.0000e+00
      24498  61.650738    889.000    882.017     6.0790     6.0789   3.467385   3.467499     1.1793     1.4265    0.00130    0.00161    89.8841     0.0557     0.0336    104.597    105.265    34.8193    34.8207    27.4102    27.4113    1489.47    1489.47         20 0.0000e+00
      24522  61.650749    890.000    883.003     6.0774     6.0775   3.467276   3.467476     1.1809     1.4289    0.00123    0.00199    89.8833     0.0687     0.0348    104.872    105.562    34.8193    34.8214    27.4104    27.4120    1489.48    1489.48         29 0.0000e+00
      24555  61.650764    891.000    883.986     6.0794     6.0791   3.467551   3.467708     1.1832     1.4315    0.00176    0.00248    89.8693     0.0589     0.0318    105.222    105.869    34.8198    34.8219    27.4106    27.4122    1489.50    1489.50         34 0.0000e+00
      24584  61.650780    892.000    884.970     6.0797     6.0793   3.467622   3.467773     1.1841     1.4320    0.00163    0.00241    89.8634     0.0625     0.0305    105.380    105.948    34.8199    34.8219    27.4106    27.4123    1489.52    1489.52         24 0.0000e+00
      24605  61.650787    893.000    885.964     6.0839     6.0831   3.468206   3.468385     1.1844     1.4320    0.00167    0.00205    89.8789     0.0649     0.0287    105.434    105.947    34.8216    34.8244    27.4114    27.4137    1489.56    1489.56         18 0.0000e+00
      24622  61.650799    894.000    886.957     6.0905     6.0900   3.469074   3.469223     1.1839     1.4320    0.00150    0.00118    89.8868     0.0708     0.0268    105.346    105.942    34.8241    34.8263    27.4126    27.4144    1489.60    1489.60         17 0.0000e+00
      24640  61.650806    895.000    887.957     6.0921     6.0915   3.469391   3.469563     1.1838     1.4320    0.00081    0.00065    89.8914     0.0709     0.0308    105.340    105.950    34.8256    34.8280    27.4136    27.4156    1489.63    1489.63         19 0.0000e+00
      24665  61.650818    896.000    888.945     6.0913     6.0908   3.469453   3.469582     1.1848     1.4333    0.00020    0.00016    89.8921     0.0658     0.0371    105.509    106.109    34.8265    34.8285    27.4144    27.4160    1489.64    1489.64         32 0.0000e+00
      24697  61.650833    897.000    889.919     6.0865     6.0856   3.469043   3.469120     1.1861     1.4349   -0.00030    0.00010    89.8845     0.0584     0.0353    105.726    106.332    34.8264    34.8282    27.4149    27.4164    1489.64    1489.64         28 0.0000e+00
      24719  61.650845    898.000    890.907     6.0815     6.0811   3.468696   3.468840     1.1863     1.4366    0.00071    0.00077    89.8840     0.0601     0.0351    105.791    106.547    34.8271    34.8291    27.4162    27.4178    1489.64    1489.64         18 0.0000e+00
      24736  61.650852    899.000    891.898     6.0801     6.0797   3.468638   3.468781     1.1868     1.4371    0.00111    0.00117    89.8857     0.0642     0.0363    105.879    106.624    34.8274    34.8294    27.4166    27.4182    1489.65    1489.65         15 0.0000e+00
      24749  61.650860    900.000    892.898     6.0760     6.0757   3.468354   3.468471     1.1870     1.4371    0.00100    0.00120    89.8608     0.0568     0.0339    105.935    106.657    34.8279    34.8295    27.4175    27.4188    1489.65    1489.65         14 0.0000e+00
      24762  61.650864    901.000    893.884     6.0696     6.0692   3.467864   3.467952     1.1873     1.4382    0.00072    0.00142    89.8743     0.0553     0.0321    106.020    106.812    34.8284    34.8299    27.4187    27.4200    1489.64    1489.64         12 0.0000e+00
      24776  61.650871    902.000    894.890     6.0474     6.0466   3.465883   3.465801     1.1881     1.4385    0.00038    0.00154    89.8825     0.0634     0.0332    106.221    106.927    34.8284    34.8284    27.4216    27.4216    1489.57    1489.56         15 0.0000e+00
      24792  61.650879    903.000    895.881     6.0319     6.0319   3.464362   3.464484     1.1900     1.4409    0.00045    0.00117    89.8840     0.0632     0.0311    106.571    107.259    34.8267    34.8281    27.4222    27.4233    1489.52    1489.52         19 0.0000e+00
      24815  61.650890    904.000    896.856     6.0256     6.0253   3.463802   3.463904     1.1927     1.4442    0.00054    0.00079    89.8841     0.0619     0.0308    107.021    107.683    34.8264    34.8278    27.4227    27.4239    1489.51    1489.51         26 0.0000e+00
      24839  61.650902    905.000    897.845     6.0154     6.0148   3.462868   3.462916     1.1953     1.4475    0.00147    0.00160    89.8841     0.0569     0.0311    107.463    108.103    34.8258    34.8270    27.4236    27.4246    1489.49    1489.49         21 0.0000e+00
      24859  61.650913    906.000    898.831     6.0004     6.0002   3.461474   3.461558     1.1965     1.4490    0.00266    0.00301    89.8841     0.0652     0.0351    107.697    108.333    34.8250    34.8262    27.4249    27.4258    1489.44    1489.44         18 0.0000e+00
      24876  61.650921    907.000    899.829     5.9921     5.9919   3.460728   3.460807     1.1974     1.4504    0.00280    0.00349    89.8841     0.0643     0.0344    107.881    108.534    34.8246    34.8257    27.4256    27.4265    1489.43    1489.43         17 0.0000e+00
      24893  61.650928    908.000    900.826     5.9798     5.9797   3.459566   3.459655     1.1984     1.4522    0.00253    0.00323    89.8841     0.0633     0.0331    108.075    108.798    34.8237    34.8247    27.4264    27.4273    1489.39    1489.39         18 0.0000e+00
      24915  61.650940    909.000    901.816     5.9791     5.9790   3.459572   3.459737     1.1989     1.4532    0.00191    0.00242    89.8841     0.0639     0.0318    108.167    108.927    34.8240    34.8259    27.4267    27.4283    1489.41    1489.41         27 0.0000e+00
      24947  61.650955    910.000    902.796     5.9811     5.9810   3.459866   3.460025     1.1999     1.4546    0.00119    0.00209    89.8841     0.0579     0.0314    108.334    109.103    34.8247    34.8266    27.4271    27.4286    1489.43    1489.43         33 0.0000e+00
      24976  61.650967    911.000    903.782     5.9824     5.9821   3.460068   3.460229     1.2003     1.4555    0.00075    0.00133    89.8841     0.0601     0.0319    108.410    109.217    34.8252    34.8273    27.4273    27.4290    1489.45    1489.46         25 0.0000e+00
      24998  61.650978    912.000    904.766     5.9829     5.9825   3.460181   3.460333     1.2001     1.4554    0.00081    0.00103    89.8841     0.0551     0.0333    108.389    109.226    34.8254    34.8275    27.4275    27.4292    1489.47    1489.47         20 0.0000e+00
      25017  61.650986    913.000    905.775     5.9871     5.9867   3.460722   3.460914     1.2000     1.4554    0.00059    0.00085    89.8841     0.0631     0.0342    108.368    109.228    34.8267    34.8293    27.4279    27.4300    1489.51    1489.51         18 0.0000e+00
      25036  61.650997    914.000    906.763     5.9925     5.9920   3.461386   3.461541     1.1997     1.4554    0.00030    0.00059    89.8841     0.0633     0.0328    108.323    109.226    34.8282    34.8304    27.4285    27.4303    1489.55    1489.55         21 0.0000e+00
      25061  61.651009    915.000    907.752     5.9913     5.9910   3.461388   3.461527     1.1999     1.4554   -0.00016    0.00022    89.8841     0.0625     0.0334    108.366    109.243    34.8289    34.8309    27.4292    27.4308    1489.56    1489.56         31 0.0000e+00
      25092  61.651024    916.000    908.731     5.9892     5.9885   3.461260   3.461365     1.2008     1.4559   -0.00026   -0.00003    89.8841     0.0561     0.0353    108.530    109.313    34.8291    34.8310    27.4297    27.4312    1489.57    1489.57         27 0.0000e+00
      25115  61.651035    917.000    909.720     5.9768     5.9765   3.460148   3.460246     1.2022     1.4570   -0.00003   -0.00009    89.8841     0.0624     0.0286    108.793    109.494    34.8289    34.8303    27.4310    27.4322    1489.54    1489.54         21 0.0000e+00
      25134  61.651043    918.000    910.715     5.9669     5.9665   3.459230   3.459302     1.2039     1.4588    0.00059    0.00012    89.8841     0.0675     0.0287    109.096    109.748    34.8282    34.8294    27.4318    27.4327    1489.51    1489.51         18 0.0000e+00
      25152  61.651054    919.000    911.706     5.9560     5.9557   3.458199   3.458293     1.2052     1.4610    0.00079    0.00045    89.8841     0.0708     0.0286    109.345    110.049    34.8273    34.8286    27.4324    27.4335    1489.48    1489.49         17 0.0000e+00
      25169  61.651062    920.000    912.699     5.9475     5.9473   3.457406   3.457524     1.2066     1.4627    0.00107    0.00098    89.8841     0.0561     0.0293    109.609    110.286    34.8265    34.8281    27.4329    27.4341    1489.47    1489.47         17 0.0000e+00
      25186  61.651070    921.000    913.685     5.9425     5.9424   3.456964   3.457098     1.2080     1.4643    0.00184    0.00170    89.8841     0.0627     0.0301    109.856    110.512    34.8262    34.8278    27.4332    27.4345    1489.46    1489.46         18 0.0000e+00
      25205  61.651077    922.000    914.677     5.9417     5.9415   3.456920   3.457061     1.2090     1.4660    0.00201    0.00259    89.8841     0.0722     0.0331    110.023    110.725    34.8260    34.8278    27.4332    27.4347    1489.48    1489.48         18 0.0000e+00
      25223  61.651089    923.000    915.666     5.9411     5.9407   3.456894   3.457031     1.2101     1.4675    0.00194    0.00268    89.8841     0.0630     0.0314    110.203    110.918    34.8259    34.8278    27.4332    27.4347    1489.49    1489.49         19 0.0000e+00
      25241  61.651096    924.000    916.657     5.9387     5.9384   3.456701   3.456826     1.2107     1.4678    0.00194    0.00231    89.8841     0.0626     0.0327    110.323    110.977    34.8257    34.8274    27.4334    27.4347    1489.50    1489.50         18 0.0000e+00
      25259  61.651104    925.000    917.642     5.9336     5.9335   3.456233   3.456370     1.2114     1.4687    0.00157    0.00223    89.8841     0.0647     0.0332    110.455    111.110    34.8251    34.8268    27.4336    27.4349    1489.49    1489.49         17 0.0000e+00
      25277  61.651112    926.000    918.638     5.9316     5.9314   3.456086   3.456220     1.2124     1.4700    0.00137    0.00211    89.8841     0.0697     0.0318    110.630    111.287    34.8250    34.8268    27.4337    27.4352    1489.50    1489.50         18 0.0000e+00
      25295  61.651123    927.000    919.633     5.9285     5.9283   3.455796   3.455925     1.2133     1.4715    0.00111    0.00116    89.8876     0.0593     0.0299    110.796    111.483    34.8245    34.8261    27.4337    27.4350    1489.50    1489.51         20 0.0000e+00
      25318  61.651134    928.000    920.622     5.9230     5.9231   3.455304   3.455485     1.2143     1.4733    0.00092    0.00106    89.9025     0.0558     0.0254    110.987    111.723    34.8240    34.8260    27.4341    27.4356    1489.50    1489.50         26 0.0000e+00
      25349  61.651150    929.000    921.606     5.9380     5.9393   3.457331   3.457736     1.2158     1.4752    0.00119    0.00178    89.8945     0.0646     0.0247    111.177    111.911    34.8311    34.8342    27.4378    27.4401    1489.58    1489.59         36 0.0000e+00
