data/cnv/dfr29001.cnv
* Sea-Bird SBE 9 Data File:
* FileName = C:\SEASOFT\PIRATA-FR29\data\fr29001.hex
* Software Version Seasave V 7.26.7.107
* Temperature SN = 6083
* Conductivity SN = 4509
* Number of Bytes Per Scan = 42
* Number of Voltage Words = 3
* Number of Scans Averaged by the Deck Unit = 1
* NMEA Latitude = 12 29.57 N
* NMEA Longitude = 023 20.56 W
* NMEA UTC (Time) = Mar 02 2019 15:20:02
** Cruise: PIRATA-FR29
** Ship: THALASSA
** Station: 001
** Bottom Depth: 4894
** Barometric pressure : 1013.5
** Temp Air: 23.8
** Operator: JG
** Comments:
# nquan = 25
# nvalues = 4073                        
# units = specified
# name 0 = scan: Scan Count
# name 1 = timeJ: Julian Days
# name 2 = prDM: Pressure, Digiquartz [db]
# name 3 = depSM: Depth [salt water, m]
# name 4 = t090C: Temperature [ITS-90, deg C]
# name 5 = t190C: Temperature, 2 [ITS-90, deg C]
# name 6 = c0S/m: Conductivity [S/m]
# name 7 = c1S/m: Conductivity, 2 [S/m]
# name 8 = sbeox0V: Oxygen raw, SBE 43 [V]
# name 9 = sbeox1V: Oxygen raw, SBE 43, 2 [V]
# name 10 = sbox0dV/dT: Oxygen, SBE 43 [dov/dt]
# name 11 = sbox1dV/dT: Oxygen, SBE 43, 2 [dov/dt]
# name 12 = CStarTr0: Beam Transmission, WET Labs C-Star [%]
# name 13 = flECO-AFL: Fluorescence, WET Labs ECO-AFL/FL [mg/m^3]
# name 14 = flC: Fluorescence, Chelsea Aqua 3 Chl Con [ug/l]
# name 15 = sbox0Mm/Kg: Oxygen, SBE 43 [umol/kg], WS = 2
# name 16 = sbox1Mm/Kg: Oxygen, SBE 43, 2 [umol/kg], WS = 2
# name 17 = sal00: Salinity, Practical [PSU]
# name 18 = sal11: Salinity, Practical, 2 [PSU]
# name 19 = sigma-é00: Density [sigma-theta, kg/m^3]
# name 20 = sigma-é11: Density, 2 [sigma-theta, kg/m^3]
# name 21 = svCM: Sound Velocity [Chen-Millero, m/s]
# name 22 = svCM1: Sound Velocity, 2 [Chen-Millero, m/s]
# name 23 = nbin: number of scans per bin
# name 24 = flag: flag
# span 0 =        -33,     106738       
# span 1 =  61.638907,  61.690399       
# span 2 =      3.000,   4075.000       
# span 3 =      2.972,   4013.095       
# span 4 =     2.3598,    24.0121       
# span 5 =     2.3594,    24.0112       
# span 6 =   3.258928,   5.330835       
# span 7 =   3.259070,   5.330918       
# span 8 =     0.8283,     2.6619       
# span 9 =     0.9608,     3.3525       
# span 10 =   -0.11106,    0.01273      
# span 11 =   -0.15532,    0.01593      
# span 12 =    86.4791,    90.0254      
# span 13 =     0.0323,     1.4173      
# span 14 =     0.0026,     0.4341      
# span 15 =     41.890,    233.010      
# span 16 =     42.182,    235.784      
# span 17 =    34.8167,    35.9561      
# span 18 =    34.8185,    35.9572      
# span 19 =    24.3620,    27.8863      
# span 20 =    24.3631,    27.8881      
# span 21 =    1489.21,    1533.85      
# span 22 =    1489.21,    1533.85      
# span 23 =         10,         96      
# span 24 = 0.0000e+00, 0.0000e+00      
# interval = decibars: 1                
# start_time = Mar 02 2019 15:20:03 [System UTC, first data scan.]
# bad_flag = -9.990e-29
*END*
[from data line 1914]
      47407  61.661785   1917.000   1897.287     3.7283     3.7277   3.312327   3.312444     1.7221     2.1516   -0.00057   -0.00061    89.9926     0.0464     0.0221    228.619    230.790    34.9774    34.9794    27.8120    27.8136    1497.20    1497.20         36 0.0000e+00
      47433  61.661797   1918.000   1898.277     3.7265     3.7260   3.312211   3.312331     1.7221     2.1515   -0.00013   -0.00064    89.9914     0.0533     0.0231    228.661    230.819    34.9775    34.9794    27.8122    27.8138    1497.21    1497.21         21 0.0000e+00
      47453  61.661808   1919.000   1899.268     3.7236     3.7232   3.311998   3.312113     1.7221     2.1514    0.00001   -0.00056    90.0002     0.0459     0.0236    228.712    230.848    34.9775    34.9793    27.8125    27.8140    1497.22    1497.22         19 0.0000e+00
      47473  61.661816   1920.000   1900.256     3.7225     3.7221   3.311931   3.312068     1.7221     2.1514    0.00001   -0.00018    89.9951     0.0451     0.0269    228.748    230.883    34.9774    34.9794    27.8125    27.8142    1497.23    1497.23         22 0.0000e+00
      47498  61.661831   1921.000   1901.243     3.7222     3.7218   3.311933   3.312076     1.7225     2.1509    0.00000   -0.00022    89.9956     0.0506     0.0258    228.846    230.845    34.9773    34.9793    27.8125    27.8142    1497.24    1497.25         28 0.0000e+00
      47532  61.661846   1922.000   1902.225     3.7217     3.7213   3.311924   3.312068     1.7231     2.1508    0.00007   -0.00013    89.9975     0.0530     0.0198    228.989    230.870    34.9772    34.9793    27.8125    27.8142    1497.26    1497.26         42 0.0000e+00
      47573  61.661865   1923.000   1903.203     3.7207     3.7203   3.311877   3.312016     1.7234     2.1517    0.00044   -0.00040    89.9890     0.0490     0.0213    229.090    231.029    34.9772    34.9792    27.8126    27.8143    1497.27    1497.27         33 0.0000e+00
      47598  61.661877   1924.000   1904.183     3.7193     3.7188   3.311791   3.311922     1.7234     2.1522    0.00034    0.00017    89.9790     0.0497     0.0202    229.126    231.138    34.9772    34.9792    27.8128    27.8144    1497.28    1497.28         21 0.0000e+00
      47617  61.661888   1925.000   1905.172     3.7175     3.7171   3.311669   3.311785     1.7234     2.1526    0.00018    0.00037    89.9794     0.0438     0.0171    229.170    231.237    34.9772    34.9790    27.8130    27.8144    1497.29    1497.29         17 0.0000e+00
      47632  61.661892   1926.000   1906.157     3.7154     3.7150   3.311502   3.311640     1.7234     2.1526    0.00019    0.00073    89.9830     0.0438     0.0145    229.213    231.283    34.9769    34.9790    27.8129    27.8147    1497.30    1497.30         14 0.0000e+00
      47646  61.661900   1927.000   1907.147     3.7148     3.7144   3.311492   3.311625     1.7234     2.1523    0.00010    0.00074    89.9847     0.0446     0.0173    229.242    231.268    34.9770    34.9789    27.8131    27.8146    1497.31    1497.31         14 0.0000e+00
      47660  61.661907   1928.000   1908.135     3.7142     3.7138   3.311464   3.311597     1.7222     2.1517    0.00004    0.00043    89.9940     0.0466     0.0246    229.059    231.216    34.9768    34.9788    27.8130    27.8146    1497.33    1497.33         13 0.0000e+00
      47673  61.661915   1929.000   1909.125     3.7133     3.7129   3.311433   3.311561     1.7222     2.1511    0.00005    0.00039    89.9924     0.0445     0.0264    229.086    231.169    34.9768    34.9788    27.8131    27.8147    1497.34    1497.34         13 0.0000e+00
      47687  61.661919   1930.000   1910.117     3.7125     3.7121   3.311398   3.311533     1.7222     2.1503   -0.00007    0.00033    89.9779     0.0514     0.0223    229.121    231.087    34.9768    34.9788    27.8132    27.8148    1497.35    1497.35         15 0.0000e+00
      47706  61.661930   1931.000   1911.104     3.7118     3.7114   3.311384   3.311522     1.7222     2.1500   -0.00044   -0.00040    89.9780     0.0505     0.0216    229.157    231.086    34.9770    34.9790    27.8134    27.8150    1497.37    1497.37         24 0.0000e+00
      47741  61.661945   1932.000   1912.074     3.7112     3.7106   3.311367   3.311489     1.7226     2.1510   -0.00043   -0.00104    89.9946     0.0452     0.0214    229.267    231.264    34.9769    34.9789    27.8134    27.8151    1497.38    1497.38         44 0.0000e+00
      47776  61.661964   1933.000   1913.050     3.7084     3.7078   3.311155   3.311254     1.7237     2.1520    0.00008   -0.00007    89.9858     0.0464     0.0207    229.513    231.451    34.9769    34.9787    27.8137    27.8152    1497.39    1497.39         23 0.0000e+00
      47795  61.661972   1934.000   1914.042     3.7041     3.7038   3.310807   3.310928     1.7240     2.1528    0.00046    0.00063    89.9892     0.0455     0.0214    229.632    231.620    34.9767    34.9785    27.8140    27.8155    1497.39    1497.39         19 0.0000e+00
      47814  61.661980   1935.000   1915.038     3.7017     3.7014   3.310617   3.310760     1.7246     2.1530    0.00072    0.00088    89.9841     0.0440     0.0230    229.788    231.702    34.9766    34.9786    27.8141    27.8158    1497.39    1497.39         19 0.0000e+00
      47836  61.661991   1936.000   1916.021     3.7007     3.7004   3.310579   3.310711     1.7246     2.1532    0.00046    0.00073    89.9966     0.0490     0.0239    229.830    231.761    34.9767    34.9786    27.8143    27.8158    1497.40    1497.41         25 0.0000e+00
      47863  61.662006   1937.000   1917.001     3.6996     3.6992   3.310500   3.310635     1.7247     2.1533    0.00053    0.00065    89.9956     0.0502     0.0250    229.888    231.810    34.9765    34.9785    27.8143    27.8159    1497.42    1497.42         28 0.0000e+00
      47890  61.662018   1938.000   1917.985     3.6969     3.6965   3.310282   3.310401     1.7240     2.1530    0.00033    0.00024    89.9815     0.0452     0.0248    229.802    231.822    34.9763    34.9781    27.8144    27.8159    1497.42    1497.42         26 0.0000e+00
      47914  61.662029   1939.000   1918.971     3.6941     3.6938   3.310060   3.310199     1.7228     2.1519    0.00008    0.00011    89.9906     0.0453     0.0228    229.619    231.717    34.9761    34.9781    27.8145    27.8161    1497.43    1497.43         24 0.0000e+00
      47938  61.662041   1940.000   1919.955     3.6927     3.6924   3.309974   3.310122     1.7214     2.1502   -0.00030   -0.00010    89.9839     0.0441     0.0236    229.397    231.514    34.9761    34.9782    27.8147    27.8164    1497.44    1497.44         24 0.0000e+00
      47962  61.662052   1941.000   1920.943     3.6923     3.6918   3.309987   3.310117     1.7206     2.1493   -0.00104   -0.00058    89.9972     0.0472     0.0202    229.292    231.409    34.9762    34.9783    27.8148    27.8165    1497.45    1497.45         23 0.0000e+00
      47984  61.662064   1942.000   1921.928     3.6922     3.6916   3.310019   3.310147     1.7202     2.1493   -0.00131   -0.00143    89.9823     0.0539     0.0176    229.234    231.447    34.9762    34.9784    27.8148    27.8166    1497.47    1497.47         22 0.0000e+00
      48008  61.662075   1943.000   1922.915     3.6883     3.6881   3.309700   3.309833     1.7208     2.1493   -0.00109   -0.00148    89.9929     0.0458     0.0165    229.411    231.495    34.9761    34.9778    27.8151    27.8165    1497.47    1497.47         25 0.0000e+00
      48033  61.662086   1944.000   1923.894     3.6839     3.6836   3.309325   3.309474     1.7214     2.1504   -0.00069   -0.00048    89.9936     0.0443     0.0179    229.578    231.711    34.9758    34.9778    27.8153    27.8170    1497.47    1497.47         24 0.0000e+00
      48056  61.662098   1945.000   1924.876     3.6823     3.6819   3.309207   3.309350     1.7219     2.1506    0.00008    0.00002    89.9982     0.0458     0.0186    229.708    231.790    34.9756    34.9778    27.8154    27.8171    1497.48    1497.48         21 0.0000e+00
      48074  61.662106   1946.000   1925.858     3.6813     3.6810   3.309171   3.309307     1.7217     2.1506    0.00061    0.00034    89.9955     0.0455     0.0160    229.718    231.826    34.9757    34.9777    27.8155    27.8172    1497.49    1497.49         16 0.0000e+00
      48089  61.662113   1947.000   1926.848     3.6811     3.6807   3.309180   3.309320     1.7218     2.1507    0.00063    0.00078    89.9920     0.0455     0.0166    229.760    231.871    34.9756    34.9777    27.8155    27.8172    1497.51    1497.51         15 0.0000e+00
      48103  61.662121   1948.000   1927.837     3.6803     3.6800   3.309158   3.309289     1.7211     2.1505    0.00059    0.00075    89.9870     0.0454     0.0168    229.674    231.868    34.9757    34.9776    27.8156    27.8171    1497.52    1497.52         13 0.0000e+00
      48117  61.662128   1949.000   1928.833     3.6792     3.6788   3.309068   3.309214     1.7213     2.1506    0.00041    0.00034    89.9914     0.0469     0.0171    229.744    231.921    34.9753    34.9775    27.8154    27.8172    1497.53    1497.53         14 0.0000e+00
      48134  61.662136   1950.000   1929.828     3.6775     3.6773   3.308977   3.309114     1.7210     2.1494    0.00003    0.00011    89.9898     0.0454     0.0183    229.729    231.795    34.9756    34.9774    27.8158    27.8173    1497.54    1497.54         24 0.0000e+00
      48198  61.662167   1951.000   1930.784     3.6794     3.6783   3.309172   3.309248     1.7201     2.1471   -0.00033   -0.00092    89.9793     0.0454     0.0178    229.579    231.490    34.9754    34.9774    27.8155    27.8172    1497.57    1497.56         60 0.0000e+00
      48233  61.662182   1952.000   1931.769     3.6752     3.6744   3.308836   3.308927     1.7198     2.1469   -0.00046   -0.00095    89.9779     0.0487     0.0231    229.579    231.514    34.9754    34.9773    27.8159    27.8175    1497.56    1497.56         18 0.0000e+00
      48249  61.662189   1953.000   1932.758     3.6739     3.6735   3.308753   3.308887     1.7198     2.1463   -0.00050   -0.00070    89.9780     0.0533     0.0290    229.620    231.463    34.9753    34.9773    27.8160    27.8176    1497.58    1497.58         16 0.0000e+00
      48264  61.662197   1954.000   1933.751     3.6733     3.6729   3.308751   3.308886     1.7198     2.1463   -0.00031   -0.00038    89.9780     0.0527     0.0287    229.656    231.503    34.9754    34.9774    27.8161    27.8178    1497.59    1497.59         15 0.0000e+00
      48279  61.662205   1955.000   1934.737     3.6716     3.6713   3.308644   3.308774     1.7199     2.1458   -0.00019   -0.00016    89.9780     0.0511     0.0278    229.700    231.465    34.9755    34.9774    27.8164    27.8179    1497.60    1497.60         16 0.0000e+00
      48296  61.662212   1956.000   1935.721     3.6696     3.6693   3.308497   3.308630     1.7199     2.1462   -0.00009   -0.00036    89.9780     0.0472     0.0246    229.740    231.569    34.9753    34.9772    27.8165    27.8180    1497.61    1497.61         17 0.0000e+00
      48313  61.662224   1957.000   1936.704     3.6687     3.6683   3.308447   3.308583     1.7199     2.1464   -0.00026   -0.00050    89.9962     0.0533     0.0219    229.777    231.633    34.9752    34.9773    27.8164    27.8182    1497.62    1497.62         18 0.0000e+00
      48331  61.662231   1958.000   1937.691     3.6681     3.6677   3.308450   3.308578     1.7199     2.1470   -0.00024   -0.00046    89.9946     0.0518     0.0195    229.811    231.755    34.9754    34.9773    27.8167    27.8182    1497.64    1497.64         17 0.0000e+00
      48349  61.662239   1959.000   1938.682     3.6662     3.6658   3.308311   3.308437     1.7199     2.1470    0.00017   -0.00009    89.9958     0.0463     0.0211    229.854    231.791    34.9753    34.9772    27.8168    27.8183    1497.64    1497.65         21 0.0000e+00
      48381  61.662254   1960.000   1939.666     3.6643     3.6641   3.308168   3.308310     1.7198     2.1472    0.00013    0.00039    89.9899     0.0483     0.0242    229.890    231.865    34.9751    34.9770    27.8168    27.8184    1497.65    1497.65         48 0.0000e+00
      48429  61.662277   1961.000   1940.633     3.6631     3.6634   3.308086   3.308288     1.7190     2.1463   -0.00000    0.00021    89.9937     0.0537     0.0249    229.774    231.779    34.9750    34.9770    27.8169    27.8184    1497.66    1497.67         35 0.0000e+00
      48454  61.662289   1962.000   1941.621     3.6603     3.6600   3.307884   3.308001     1.7179     2.1458   -0.00010   -0.00008    89.9968     0.0442     0.0228    229.611    231.755    34.9750    34.9768    27.8172    27.8186    1497.67    1497.67         20 0.0000e+00
      48472  61.662300   1963.000   1942.611     3.6586     3.6583   3.307768   3.307896     1.7171     2.1447   -0.00037   -0.00044    89.9833     0.0524     0.0237    229.504    231.639    34.9750    34.9769    27.8173    27.8189    1497.68    1497.68         17 0.0000e+00
      48489  61.662308   1964.000   1943.598     3.6572     3.6568   3.307669   3.307805     1.7158     2.1432   -0.00066   -0.00066    89.9779     0.0526     0.0211    229.291    231.468    34.9748    34.9768    27.8174    27.8189    1497.69    1497.69         16 0.0000e+00
      48505  61.662315   1965.000   1944.587     3.6558     3.6554   3.307592   3.307715     1.7147     2.1418   -0.00090   -0.00063    89.9835     0.0546     0.0200    229.120    231.305    34.9749    34.9768    27.8176    27.8191    1497.70    1497.70         17 0.0000e+00
      48522  61.662323   1966.000   1945.573     3.6547     3.6543   3.307525   3.307660     1.7139     2.1407   -0.00100   -0.00071    89.9903     0.0531     0.0186    229.008    231.178    34.9748    34.9768    27.8176    27.8192    1497.71    1497.71         17 0.0000e+00
      48541  61.662331   1967.000   1946.561     3.6533     3.6530   3.307444   3.307575     1.7137     2.1403   -0.00142   -0.00169    89.9881     0.0511     0.0166    229.007    231.171    34.9748    34.9767    27.8178    27.8193    1497.72    1497.72         21 0.0000e+00
      48567  61.662346   1968.000   1947.548     3.6521     3.6519   3.307371   3.307523     1.7139     2.1403   -0.00155   -0.00192    89.9819     0.0453     0.0165    229.081    231.201    34.9747    34.9768    27.8178    27.8195    1497.74    1497.74         34 0.0000e+00
      48607  61.662365   1969.000   1948.516     3.6514     3.6513   3.307335   3.307497     1.7147     2.1405   -0.00025   -0.00047    89.9817     0.0451     0.0236    229.270    231.267    34.9746    34.9767    27.8178    27.8194    1497.75    1497.75         38 0.0000e+00
      48634  61.662376   1970.000   1949.501     3.6497     3.6492   3.307226   3.307352     1.7141     2.1404    0.00024   -0.00003    89.9802     0.0539     0.0256    229.201    231.289    34.9746    34.9766    27.8180    27.8196    1497.76    1497.76         21 0.0000e+00
      48653  61.662388   1971.000   1950.489     3.6460     3.6457   3.306938   3.307055     1.7133     2.1391    0.00049    0.00012    89.9821     0.0485     0.0243    229.108    231.160    34.9747    34.9764    27.8183    27.8197    1497.76    1497.76         17 0.0000e+00
      48669  61.662392   1972.000   1951.474     3.6433     3.6430   3.306723   3.306851     1.7126     2.1377    0.00049    0.00013    89.9857     0.0450     0.0251    229.022    231.010    34.9745    34.9763    27.8185    27.8200    1497.77    1497.77         15 0.0000e+00
      48683  61.662399   1973.000   1952.472     3.6403     3.6399   3.306503   3.306615     1.7116     2.1365   -0.00007    0.00014    89.9864     0.0457     0.0233    228.888    230.885    34.9745    34.9763    27.8188    27.8203    1497.77    1497.77         14 0.0000e+00
