data/cnv/dfr29006.cnv
* Sea-Bird SBE 9 Data File:
* FileName = C:\SEASOFT\PIRATA-FR29\data\fr29006.hex
* Software Version Seasave V 7.26.7.107
* Temperature SN = 6083
* Conductivity SN = 4509
* Number of Bytes Per Scan = 42
* Number of Voltage Words = 3
* Number of Scans Averaged by the Deck Unit = 1
* NMEA Latitude = 00 01.06 N
* NMEA Longitude = 000 01.05 E
* NMEA UTC (Time) = Mar 10 2019 16:42:09
** Cruise: PIRATA-FR29
** Ship: THALASSA
** Station: 6
** Bottom Depth: 4904.9
** Barometric pressure : 1009.3
** Temp Air: 27.2
** Operator: PS/MG
** Comments:
# nquan = 25
# nvalues = 502                         
# units = specified
# name 0 = scan: Scan Count
# name 1 = timeJ: Julian Days
# name 2 = prDM: Pressure, Digiquartz [db]
# name 3 = depSM: Depth [salt water, m]
# name 4 = t090C: Temperature [ITS-90, deg C]
# name 5 = t190C: Temperature, 2 [ITS-90, deg C]
# name 6 = c0S/m: Conductivity [S/m]
# name 7 = c1S/m: Conductivity, 2 [S/m]
# name 8 = sbeox0V: Oxygen raw, SBE 43 [V]
# name 9 = sbeox1V: Oxygen raw, SBE 43, 2 [V]
# name 10 = sbox0dV/dT: Oxygen, SBE 43 [dov/dt]
# name 11 = sbox1dV/dT: Oxygen, SBE 43, 2 [dov/dt]
# name 12 = CStarTr0: Beam Transmission, WET Labs C-Star [%]
# name 13 = flECO-AFL: Fluorescence, WET Labs ECO-AFL/FL [mg/m^3]
# name 14 = flC: Fluorescence, Chelsea Aqua 3 Chl Con [ug/l]
# name 15 = sbox0Mm/Kg: Oxygen, SBE 43 [umol/kg], WS = 2
# name 16 = sbox1Mm/Kg: Oxygen, SBE 43, 2 [umol/kg], WS = 2
# name 17 = sal00: Salinity, Practical [PSU]
# name 18 = sal11: Salinity, Practical, 2 [PSU]
# name 19 = sigma-é00: Density [sigma-theta, kg/m^3]
# name 20 = sigma-é11: Density, 2 [sigma-theta, kg/m^3]
# name 21 = svCM: Sound Velocity [Chen-Millero, m/s]
# name 22 = svCM1: Sound Velocity, 2 [Chen-Millero, m/s]
# name 23 = nbin: number of scans per bin
# name 24 = flag: flag
# span 0 =       1100,      19025       
# span 1 =  69.696479,  69.705123       
# span 2 =      4.000,    505.000       
# span 3 =      3.978,    501.615       
# span 4 =     7.4526,    29.8647       
# span 5 =     7.4475,    29.8633       
# span 6 =   3.561101,   5.720453       
# span 7 =   3.560713,   5.720376       
# span 8 =     0.9840,     2.7071       
# span 9 =     1.1661,     3.4244       
# span 10 =   -0.06499,    0.01187      
# span 11 =   -0.09325,    0.01852      
# span 12 =    87.6144,    89.7230      
# span 13 =     0.0502,     0.9618      
# span 14 =     0.0370,     0.2964      
# span 15 =     62.813,    200.714      
# span 16 =     63.140,    203.272      
# span 17 =    34.3167,    36.6168      
# span 18 =    34.3172,    36.6107      
# span 19 =    21.2604,    27.0889      
# span 20 =    21.2613,    27.0903      
# span 21 =    1488.27,    1544.68      
# span 22 =    1488.25,    1544.68      
# span 23 =         15,        193      
# span 24 = 0.0000e+00, 0.0000e+00      
# interval = decibars: 1                
# start_time = Mar 10 2019 16:42:10 [System UTC, first data scan.]
# bad_flag = -9.990e-29
*END*
[from data line 116]
       7980  69.699799    120.000    119.307    15.7405    15.7392   4.447422   4.447193     1.9136     2.3938   -0.00171   -0.00161    89.4685     0.2880     0.0820    158.086    159.563    35.6945    35.6935    26.3457    26.3453    1511.78    1511.78         27 0.0000e+00
       8007  69.699806    121.000    120.299    15.7159    15.7148   4.444554   4.444439     1.9108     2.3884   -0.00152   -0.00305    89.4361     0.2852     0.0788    157.870    159.200    35.6905    35.6905    26.3483    26.3485    1511.72    1511.72         26 0.0000e+00
       8032  69.699821    122.000    121.294    15.6978    15.6967   4.442375   4.442265     1.9066     2.3820   -0.00131   -0.00250    89.4742     0.2953     0.0833    157.486    158.727    35.6868    35.6869    26.3496    26.3499    1511.68    1511.67         25 0.0000e+00
       8057  69.699837    123.000    122.289    15.6780    15.6770   4.440027   4.439903     1.9010     2.3775   -0.00209   -0.00425    89.4661     0.2935     0.0861    156.945    158.423    35.6832    35.6830    26.3513    26.3514    1511.63    1511.62         25 0.0000e+00
       8083  69.699844    124.000    123.281    15.6530    15.6518   4.437055   4.436918     1.8944     2.3703   -0.00338   -0.00566    89.4533     0.2667     0.0819    156.304    157.908    35.6787    35.6785    26.3536    26.3537    1511.56    1511.56         26 0.0000e+00
       8108  69.699860    125.000    124.274    15.6327    15.6317   4.434697   4.434589     1.8876     2.3609   -0.00484   -0.00511    89.4655     0.2614     0.0767    155.625    157.187    35.6754    35.6753    26.3556    26.3558    1511.51    1511.51         24 0.0000e+00
       8131  69.699867    126.000    125.268    15.6028    15.6019   4.431299   4.431096     1.8810     2.3506   -0.00592   -0.00520    89.4883     0.2749     0.0767    154.994    156.412    35.6714    35.6704    26.3594    26.3589    1511.43    1511.43         22 0.0000e+00
       8152  69.699883    127.000    126.263    15.5673    15.5670   4.427238   4.427056     1.8746     2.3413   -0.00636   -0.00803    89.5041     0.2575     0.0765    154.410    155.746    35.6665    35.6651    26.3637    26.3627    1511.33    1511.33         21 0.0000e+00
       8173  69.699890    128.000    127.256    15.5299    15.5298   4.422998   4.422842     1.8689     2.3329   -0.00669   -0.00942    89.4740     0.2528     0.0770    153.908    155.154    35.6617    35.6604    26.3685    26.3675    1511.23    1511.22         21 0.0000e+00
       8194  69.699898    129.000    128.256    15.4998    15.4995   4.419522   4.419430     1.8634     2.3267   -0.00692   -0.01052    89.4827     0.2535     0.0784    153.409    154.735    35.6572    35.6566    26.3718    26.3714    1511.14    1511.14         21 0.0000e+00
       8216  69.699913    130.000    129.246    15.4893    15.4891   4.418290   4.418335     1.8585     2.3220   -0.00708   -0.01038    89.4782     0.2524     0.0775    152.903    154.378    35.6552    35.6557    26.3726    26.3731    1511.13    1511.13         24 0.0000e+00
       8242  69.699921    131.000    130.241    15.4845    15.4842   4.417716   4.417763     1.8532     2.3157   -0.00642   -0.00881    89.4849     0.2610     0.0733    152.346    153.872    35.6539    35.6546    26.3727    26.3734    1511.13    1511.13         27 0.0000e+00
       8270  69.699936    132.000    131.233    15.4806    15.4808   4.417262   4.417391     1.8476     2.3090   -0.00567   -0.00574    89.4757     0.2676     0.0772    151.744    153.322    35.6529    35.6539    26.3729    26.3736    1511.13    1511.13         28 0.0000e+00
       8297  69.699951    133.000    132.223    15.4773    15.4770   4.416888   4.416977     1.8434     2.3033   -0.00501   -0.00569    89.4832     0.2610     0.0770    151.303    152.870    35.6522    35.6532    26.3731    26.3740    1511.13    1511.13         26 0.0000e+00
       8321  69.699959    134.000    133.218    15.4759    15.4756   4.416775   4.416873     1.8405     2.2982   -0.00493   -0.00598    89.4850     0.2423     0.0765    151.001    152.454    35.6520    35.6531    26.3734    26.3743    1511.15    1511.15         22 0.0000e+00
       8342  69.699974    135.000    134.210    15.4677    15.4673   4.415836   4.415802     1.8365     2.2938   -0.00425   -0.00510    89.4850     0.2251     0.0717    150.596    152.122    35.6505    35.6506    26.3741    26.3742    1511.14    1511.13         20 0.0000e+00
       8361  69.699982    136.000    135.212    15.4479    15.4479   4.413573   4.413567     1.8313     2.2884   -0.00342   -0.00507    89.4850     0.2358     0.0787    150.093    151.729    35.6476    35.6476    26.3763    26.3763    1511.09    1511.09         19 0.0000e+00
       8381  69.699989    137.000    136.204    15.4379    15.4380   4.412396   4.412486     1.8265     2.2827   -0.00314   -0.00516    89.4850     0.2298     0.0877    149.596    151.285    35.6456    35.6464    26.3771    26.3776    1511.07    1511.07         21 0.0000e+00
       8403  69.700005    138.000    137.200    15.4324    15.4322   4.411772   4.411842     1.8226     2.2761   -0.00463   -0.00546    89.4754     0.2263     0.0782    149.191    150.754    35.6445    35.6453    26.3775    26.3782    1511.07    1511.07         24 0.0000e+00
       8428  69.700012    139.000    138.190    15.4282    15.4279   4.411283   4.411375     1.8192     2.2716   -0.00611   -0.00646    89.4822     0.2332     0.0779    148.840    150.404    35.6436    35.6446    26.3777    26.3786    1511.07    1511.07         26 0.0000e+00
       8455  69.700027    140.000    139.186    15.4240    15.4237   4.410804   4.410865     1.8166     2.2685   -0.00491   -0.00704    89.4677     0.2411     0.0776    148.577    150.165    35.6426    35.6434    26.3780    26.3787    1511.07    1511.07         27 0.0000e+00
       8483  69.700043    141.000    140.178    15.4177    15.4174   4.410063   4.410140     1.8141     2.2664   -0.00347   -0.00502    89.4721     0.2397     0.0748    148.332    150.025    35.6412    35.6422    26.3783    26.3792    1511.07    1511.07         29 0.0000e+00
       8512  69.700050    142.000    141.170    15.4137    15.4136   4.409628   4.409746     1.8112     2.2615   -0.00240   -0.00286    89.4792     0.2383     0.0734    148.042    149.626    35.6405    35.6417    26.3787    26.3796    1511.07    1511.07         28 0.0000e+00
       8537  69.700066    143.000    142.162    15.4119    15.4116   4.409460   4.409548     1.8090     2.2585   -0.00216   -0.00183    89.4841     0.2456     0.0727    147.819    149.394    35.6401    35.6413    26.3789    26.3798    1511.08    1511.08         23 0.0000e+00
       8559  69.700073    144.000    143.153    15.4072    15.4068   4.408938   4.408973     1.8069     2.2568   -0.00232   -0.00308    89.4862     0.2352     0.0723    147.616    149.281    35.6393    35.6400    26.3793    26.3800    1511.08    1511.08         21 0.0000e+00
       8578  69.700089    145.000    144.152    15.4008    15.4008   4.408212   4.408307     1.8040     2.2547   -0.00232   -0.00431    89.4656     0.2083     0.0675    147.326    149.138    35.6382    35.6390    26.3799    26.3805    1511.08    1511.08         18 0.0000e+00
       8596  69.700096    146.000    145.146    15.3971    15.3971   4.407802   4.407937     1.8025     2.2528   -0.00207   -0.00289    89.4848     0.2093     0.0669    147.178    149.003    35.6374    35.6386    26.3802    26.3811    1511.08    1511.08         18 0.0000e+00
       8615  69.700104    147.000    146.145    15.3962    15.3960   4.407732   4.407840     1.8010     2.2495   -0.00226   -0.00195    89.4996     0.2027     0.0674    147.038    148.738    35.6371    35.6383    26.3802    26.3811    1511.10    1511.10         19 0.0000e+00
       8635  69.700111    148.000    147.139    15.3949    15.3948   4.407604   4.407725     1.7991     2.2465   -0.00306   -0.00231    89.4884     0.1960     0.0669    146.841    148.500    35.6368    35.6379    26.3803    26.3812    1511.11    1511.11         23 0.0000e+00
       8660  69.700127    149.000    148.131    15.3920    15.3914   4.407274   4.407322     1.7973     2.2441   -0.00238   -0.00301    89.4939     0.2040     0.0668    146.660    148.323    35.6360    35.6370    26.3804    26.3812    1511.11    1511.11         26 0.0000e+00
       8687  69.700134    150.000    149.120    15.3866    15.3863   4.406650   4.406756     1.7952     2.2414   -0.00204   -0.00391    89.4928     0.2114     0.0649    146.464    148.123    35.6349    35.6361    26.3807    26.3817    1511.11    1511.11         27 0.0000e+00
       8714  69.700150    151.000    150.116    15.3805    15.3801   4.405956   4.406018     1.7926     2.2371   -0.00193   -0.00261    89.5087     0.1996     0.0622    146.206    147.793    35.6337    35.6346    26.3812    26.3821    1511.11    1511.11         27 0.0000e+00
       8741  69.700165    152.000    151.110    15.3766    15.3764   4.405524   4.405637     1.7899     2.2324   -0.00174   -0.00222    89.5085     0.2132     0.0618    145.927    147.416    35.6329    35.6341    26.3815    26.3825    1511.11    1511.11         27 0.0000e+00
       8768  69.700180    153.000    152.103    15.3732    15.3730   4.405142   4.405219     1.7871     2.2294   -0.00235   -0.00366    89.5085     0.2056     0.0642    145.641    147.188    35.6321    35.6330    26.3817    26.3825    1511.12    1511.12         28 0.0000e+00
       8795  69.700188    154.000    153.094    15.3606    15.3602   4.403665   4.403698     1.7835     2.2251   -0.00223   -0.00404    89.5074     0.2019     0.0630    145.296    146.870    35.6298    35.6304    26.3828    26.3834    1511.09    1511.09         25 0.0000e+00
       8819  69.700203    155.000    154.088    15.3497    15.3493   4.402422   4.402473     1.7791     2.2189   -0.00260   -0.00330    89.5074     0.1900     0.0579    144.841    146.384    35.6280    35.6288    26.3838    26.3846    1511.07    1511.07         22 0.0000e+00
       8840  69.700211    156.000    155.080    15.3419    15.3419   4.401523   4.401568     1.7751     2.2132   -0.00254   -0.00259    89.4905     0.1787     0.0584    144.431    145.928    35.6265    35.6269    26.3845    26.3848    1511.06    1511.06         20 0.0000e+00
       8860  69.700218    157.000    156.078    15.3315    15.3311   4.400322   4.400362     1.7710     2.2084   -0.00372   -0.00466    89.5074     0.1635     0.0587    144.024    145.568    35.6247    35.6254    26.3855    26.3861    1511.04    1511.04         20 0.0000e+00
       8879  69.700233    158.000    157.072    15.3247    15.3248   4.399563   4.399656     1.7680     2.2051   -0.00440   -0.00623    89.5073     0.1569     0.0549    143.719    145.317    35.6235    35.6243    26.3861    26.3867    1511.04    1511.04         19 0.0000e+00
       8898  69.700241    159.000    158.068    15.3137    15.3141   4.398304   4.398408     1.7654     2.2001   -0.00455   -0.00640    89.5060     0.1480     0.0558    143.474    144.930    35.6217    35.6222    26.3872    26.3875    1511.02    1511.02         19 0.0000e+00
       8919  69.700249    160.000    159.066    15.3074    15.3069   4.397570   4.397597     1.7622     2.1957   -0.00472   -0.00573    89.5064     0.1369     0.0534    143.154    144.593    35.6204    35.6210    26.3876    26.3882    1511.01    1511.01         23 0.0000e+00
       8945  69.700264    161.000    160.053    15.3014    15.3004   4.396902   4.396881     1.7580     2.1923   -0.00376   -0.00508    89.5219     0.1496     0.0537    142.714    144.335    35.6193    35.6200    26.3882    26.3889    1511.01    1511.01         29 0.0000e+00
       8976  69.700279    162.000    161.049    15.2882    15.2872   4.395407   4.395396     1.7535     2.1852   -0.00360   -0.00518    89.5163     0.1484     0.0549    142.254    143.772    35.6174    35.6182    26.3897    26.3905    1510.98    1510.98         33 0.0000e+00
       9008  69.700294    163.000    162.038    15.2789    15.2769   4.394401   4.394299     1.7487     2.1781   -0.00377   -0.00354    89.5299     0.1468     0.0514    141.751    143.205    35.6163    35.6171    26.3909    26.3920    1510.97    1510.96         29 0.0000e+00
       9033  69.700302    164.000    163.030    15.2735    15.2732   4.393844   4.393927     1.7439     2.1738   -0.00343   -0.00544    89.5381     0.1406     0.0512    141.240    142.859    35.6157    35.6167    26.3917    26.3925    1510.97    1510.97         23 0.0000e+00
       9054  69.700317    165.000    164.025    15.2718    15.2716   4.393715   4.393818     1.7413     2.1710   -0.00355   -0.00579    89.5529     0.1226     0.0499    140.974    142.638    35.6156    35.6167    26.3921    26.3930    1510.98    1510.98         20 0.0000e+00
       9074  69.700325    166.000    165.022    15.2723    15.2717   4.393799   4.393867     1.7403     2.1685   -0.00397   -0.00472    89.5554     0.1034     0.0518    140.870    142.445    35.6155    35.6167    26.3919    26.3930    1511.00    1511.00         18 0.0000e+00
       9092  69.700333    167.000    166.016    15.2726    15.2724   4.393883   4.393999     1.7389     2.1670   -0.00442   -0.00417    89.5517     0.1045     0.0510    140.735    142.328    35.6156    35.6168    26.3919    26.3929    1511.02    1511.02         19 0.0000e+00
       9111  69.700340    168.000    167.008    15.2729    15.2726   4.393949   4.394058     1.7381     2.1659   -0.00330   -0.00349    89.5554     0.1031     0.0531    140.654    142.247    35.6156    35.6168    26.3919    26.3929    1511.03    1511.03         20 0.0000e+00
       9132  69.700356    169.000    168.005    15.2725    15.2722   4.393937   4.394041     1.7372     2.1637   -0.00176   -0.00285    89.5554     0.1002     0.0518    140.577    142.080    35.6154    35.6166    26.3919    26.3929    1511.05    1511.05         21 0.0000e+00
       9154  69.700363    170.000    169.000    15.2708    15.2706   4.393803   4.393906     1.7368     2.1632   -0.00150   -0.00209    89.5554     0.1133     0.0478    140.551    142.059    35.6153    35.6164    26.3922    26.3931    1511.06    1511.06         24 0.0000e+00
       9180  69.700378    171.000    169.993    15.2696    15.2699   4.393699   4.393851     1.7360     2.1623   -0.00107   -0.00195    89.5554     0.1119     0.0499    140.484    141.995    35.6150    35.6162    26.3923    26.3932    1511.07    1511.07         28 0.0000e+00
       9211  69.700394    172.000    170.985    15.2627    15.2622   4.392939   4.393000     1.7334     2.1601   -0.00062   -0.00110    89.5463     0.1031     0.0513    140.222    141.850    35.6140    35.6151    26.3931    26.3940    1511.07    1511.07         32 0.0000e+00
       9242  69.700409    173.000    171.974    15.2603    15.2600   4.392720   4.392826     1.7302     2.1571   -0.00086   -0.00103    89.5548     0.1039     0.0513    139.887    141.610    35.6138    35.6151    26.3935    26.3946    1511.07    1511.07         30 0.0000e+00
       9269  69.700417    174.000    172.968    15.2571    15.2565   4.392395   4.392444     1.7269     2.1535   -0.00208   -0.00170    89.5700     0.1090     0.0470    139.540    141.324    35.6133    35.6143    26.3939    26.3948    1511.08    1511.08         23 0.0000e+00
       9290  69.700432    175.000    173.962    15.2516    15.2534   4.391801   4.392115     1.7245     2.1498   -0.00247   -0.00182    89.5597     0.1052     0.0472    139.300    141.034    35.6125    35.6138    26.3945    26.3951    1511.08    1511.09         21 0.0000e+00
       9310  69.700439    176.000    174.958    15.2448    15.2441   4.391079   4.391053     1.7210     2.1460   -0.00258   -0.00306    89.5636     0.1052     0.0449    138.938    140.740    35.6117    35.6122    26.3954    26.3960    1511.07    1511.07         20 0.0000e+00
