data/cnv/dfr29001.cnv
* Sea-Bird SBE 9 Data File:
* FileName = C:\SEASOFT\PIRATA-FR29\data\fr29001.hex
* Software Version Seasave V 7.26.7.107
* Temperature SN = 6083
* Conductivity SN = 4509
* Number of Bytes Per Scan = 42
* Number of Voltage Words = 3
* Number of Scans Averaged by the Deck Unit = 1
* NMEA Latitude = 12 29.57 N
* NMEA Longitude = 023 20.56 W
* NMEA UTC (Time) = Mar 02 2019 15:20:02
** Cruise: PIRATA-FR29
** Ship: THALASSA
** Station: 001
** Bottom Depth: 4894
** Barometric pressure : 1013.5
** Temp Air: 23.8
** Operator: JG
** Comments:
# nquan = 25
# nvalues = 4073                        
# units = specified
# name 0 = scan: Scan Count
# name 1 = timeJ: Julian Days
# name 2 = prDM: Pressure, Digiquartz [db]
# name 3 = depSM: Depth [salt water, m]
# name 4 = t090C: Temperature [ITS-90, deg C]
# name 5 = t190C: Temperature, 2 [ITS-90, deg C]
# name 6 = c0S/m: Conductivity [S/m]
# name 7 = c1S/m: Conductivity, 2 [S/m]
# name 8 = sbeox0V: Oxygen raw, SBE 43 [V]
# name 9 = sbeox1V: Oxygen raw, SBE 43, 2 [V]
# name 10 = sbox0dV/dT: Oxygen, SBE 43 [dov/dt]
# name 11 = sbox1dV/dT: Oxygen, SBE 43, 2 [dov/dt]
# name 12 = CStarTr0: Beam Transmission, WET Labs C-Star [%]
# name 13 = flECO-AFL: Fluorescence, WET Labs ECO-AFL/FL [mg/m^3]
# name 14 = flC: Fluorescence, Chelsea Aqua 3 Chl Con [ug/l]
# name 15 = sbox0Mm/Kg: Oxygen, SBE 43 [umol/kg], WS = 2
# name 16 = sbox1Mm/Kg: Oxygen, SBE 43, 2 [umol/kg], WS = 2
# name 17 = sal00: Salinity, Practical [PSU]
# name 18 = sal11: Salinity, Practical, 2 [PSU]
# name 19 = sigma-é00: Density [sigma-theta, kg/m^3]
# name 20 = sigma-é11: Density, 2 [sigma-theta, kg/m^3]
# name 21 = svCM: Sound Velocity [Chen-Millero, m/s]
# name 22 = svCM1: Sound Velocity, 2 [Chen-Millero, m/s]
# name 23 = nbin: number of scans per bin
# name 24 = flag: flag
# span 0 =        -33,     106738       
# span 1 =  61.638907,  61.690399       
# span 2 =      3.000,   4075.000       
# span 3 =      2.972,   4013.095       
# span 4 =     2.3598,    24.0121       
# span 5 =     2.3594,    24.0112       
# span 6 =   3.258928,   5.330835       
# span 7 =   3.259070,   5.330918       
# span 8 =     0.8283,     2.6619       
# span 9 =     0.9608,     3.3525       
# span 10 =   -0.11106,    0.01273      
# span 11 =   -0.15532,    0.01593      
# span 12 =    86.4791,    90.0254      
# span 13 =     0.0323,     1.4173      
# span 14 =     0.0026,     0.4341      
# span 15 =     41.890,    233.010      
# span 16 =     42.182,    235.784      
# span 17 =    34.8167,    35.9561      
# span 18 =    34.8185,    35.9572      
# span 19 =    24.3620,    27.8863      
# span 20 =    24.3631,    27.8881      
# span 21 =    1489.21,    1533.85      
# span 22 =    1489.21,    1533.85      
# span 23 =         10,         96      
# span 24 = 0.0000e+00, 0.0000e+00      
# interval = decibars: 1                
# start_time = Mar 02 2019 15:20:03 [System UTC, first data scan.]
# bad_flag = -9.990e-29
*END*
[from data line 3073]
      73859  61.674541   3076.000   3036.193     2.6704     2.6701   3.259226   3.259375     1.5378     1.9104   -0.00030   -0.00014    90.0091     0.0438     0.0155    232.894    235.717    34.9259    34.9281    27.8777    27.8795    1512.25    1512.26         37 0.0000e+00
      73895  61.674561   3077.000   3037.171     2.6703     2.6699   3.259252   3.259401     1.5378     1.9105   -0.00017    0.00005    90.0179     0.0445     0.0174    232.921    235.752    34.9260    34.9281    27.8778    27.8795    1512.27    1512.27         34 0.0000e+00
      73927  61.674576   3078.000   3038.149     2.6703     2.6700   3.259295   3.259447     1.5378     1.9105    0.00004    0.00014    90.0250     0.0438     0.0210    232.954    235.784    34.9260    34.9282    27.8778    27.8796    1512.29    1512.29         30 0.0000e+00
      73956  61.674587   3079.000   3039.130     2.6704     2.6700   3.259336   3.259486     1.5377     1.9101   -0.00004    0.00002    90.0249     0.0463     0.0178    232.953    235.758    34.9259    34.9282    27.8778    27.8796    1512.31    1512.31         28 0.0000e+00
      73982  61.674603   3080.000   3040.105     2.6704     2.6699   3.259371   3.259518     1.5372     1.9097    0.00000   -0.00009    90.0249     0.0591     0.0170    232.866    235.718    34.9260    34.9282    27.8778    27.8796    1512.32    1512.32         24 0.0000e+00
      74004  61.674610   3081.000   3041.091     2.6703     2.6699   3.259409   3.259562     1.5371     1.9096   -0.00032   -0.00027    90.0225     0.0430     0.0198    232.883    235.735    34.9260    34.9283    27.8778    27.8797    1512.34    1512.34         20 0.0000e+00
      74023  61.674622   3082.000   3042.065     2.6703     2.6699   3.259444   3.259589     1.5367     1.9093   -0.00016   -0.00032    90.0207     0.0506     0.0143    232.833    235.702    34.9260    34.9282    27.8779    27.8796    1512.36    1512.36         17 0.0000e+00
      74039  61.674629   3083.000   3043.048     2.6700     2.6696   3.259451   3.259605     1.5366     1.9091   -0.00024   -0.00023    90.0027     0.0511     0.0156    232.836    235.711    34.9260    34.9282    27.8779    27.8797    1512.37    1512.37         16 0.0000e+00
      74054  61.674637   3084.000   3044.034     2.6695     2.6691   3.259435   3.259593     1.5367     1.9085   -0.00026   -0.00015    90.0154     0.0422     0.0170    232.891    235.633    34.9259    34.9281    27.8778    27.8797    1512.39    1512.39         15 0.0000e+00
      74069  61.674644   3085.000   3045.014     2.6689     2.6685   3.259427   3.259566     1.5360     1.9081   -0.00020   -0.00014    90.0175     0.0436     0.0188    232.770    235.611    34.9259    34.9280    27.8779    27.8796    1512.40    1512.40         16 0.0000e+00
      74086  61.674652   3086.000   3046.001     2.6684     2.6680   3.259424   3.259565     1.5361     1.9081   -0.00034   -0.00030    90.0184     0.0435     0.0227    232.818    235.644    34.9260    34.9281    27.8781    27.8797    1512.42    1512.42         18 0.0000e+00
      74106  61.674660   3087.000   3046.977     2.6681     2.6677   3.259430   3.259585     1.5356     1.9079   -0.00019   -0.00062    90.0216     0.0452     0.0211    232.750    235.639    34.9260    34.9282    27.8781    27.8799    1512.43    1512.43         22 0.0000e+00
      74130  61.674671   3088.000   3047.955     2.6679     2.6676   3.259447   3.259606     1.5355     1.9077   -0.00040   -0.00050    90.0114     0.0500     0.0197    232.741    235.631    34.9259    34.9281    27.8780    27.8798    1512.45    1512.45         27 0.0000e+00
      74159  61.674686   3089.000   3048.931     2.6675     2.6672   3.259452   3.259600     1.5353     1.9074   -0.00031   -0.00022    90.0168     0.0461     0.0189    232.746    235.612    34.9259    34.9281    27.8781    27.8798    1512.46    1512.46         29 0.0000e+00
      74186  61.674698   3090.000   3049.907     2.6670     2.6666   3.259430   3.259583     1.5353     1.9072   -0.00029   -0.00027    90.0230     0.0435     0.0146    232.765    235.616    34.9258    34.9281    27.8780    27.8799    1512.48    1512.48         23 0.0000e+00
      74207  61.674709   3091.000   3050.887     2.6662     2.6658   3.259402   3.259551     1.5353     1.9069   -0.00011   -0.00019    90.0189     0.0447     0.0150    232.812    235.608    34.9258    34.9280    27.8781    27.8799    1512.49    1512.49         20 0.0000e+00
      74226  61.674717   3092.000   3051.871     2.6657     2.6654   3.259388   3.259546     1.5350     1.9069   -0.00009   -0.00030    90.0076     0.0436     0.0145    232.771    235.645    34.9257    34.9280    27.8781    27.8799    1512.51    1512.51         19 0.0000e+00
      74245  61.674728   3093.000   3052.855     2.6652     2.6649   3.259380   3.259536     1.5347     1.9066   -0.00008   -0.00021    90.0209     0.0453     0.0153    232.749    235.626    34.9257    34.9279    27.8781    27.8799    1512.52    1512.52         19 0.0000e+00
      74267  61.674740   3094.000   3053.842     2.6648     2.6644   3.259382   3.259536     1.5342     1.9064   -0.00005   -0.00013    90.0213     0.0437     0.0149    232.672    235.617    34.9257    34.9280    27.8782    27.8800    1512.54    1512.54         26 0.0000e+00
      74313  61.674759   3095.000   3054.813     2.6647     2.6644   3.259411   3.259552     1.5342     1.9060   -0.00028   -0.00025    90.0166     0.0460     0.0162    232.699    235.584    34.9257    34.9278    27.8782    27.8799    1512.55    1512.55         67 0.0000e+00
      74363  61.674786   3096.000   3055.781     2.6644     2.6639   3.259406   3.259560     1.5342     1.9058   -0.00009   -0.00026    90.0016     0.0535     0.0115    232.737    235.580    34.9256    34.9279    27.8781    27.8800    1512.57    1512.57         27 0.0000e+00
      74383  61.674793   3097.000   3056.758     2.6645     2.6640   3.259453   3.259593     1.5342     1.9057   -0.00001   -0.00008    90.0028     0.0506     0.0136    232.768    235.598    34.9256    34.9278    27.8782    27.8800    1512.59    1512.59         17 0.0000e+00
      74399  61.674801   3098.000   3057.737     2.6641     2.6638   3.259460   3.259610     1.5343     1.9053   -0.00008   -0.00006    90.0204     0.0442     0.0125    232.802    235.569    34.9256    34.9277    27.8782    27.8799    1512.60    1512.60         14 0.0000e+00
      74413  61.674809   3099.000   3058.740     2.6629     2.6626   3.259386   3.259519     1.5343     1.9052    0.00000   -0.00010    90.0080     0.0499     0.0111    232.841    235.580    34.9255    34.9275    27.8782    27.8798    1512.61    1512.61         14 0.0000e+00
      74426  61.674816   3100.000   3059.716     2.6605     2.6602   3.259191   3.259327     1.5343     1.9048   -0.00000   -0.00014    90.0032     0.0534     0.0095    232.888    235.570    34.9254    34.9273    27.8783    27.8799    1512.62    1512.62         14 0.0000e+00
      74441  61.674824   3101.000   3060.703     2.6589     2.6586   3.259080   3.259223     1.5343     1.9045   -0.00000   -0.00013    90.0215     0.0487     0.0091    232.933    235.552    34.9252    34.9273    27.8783    27.8800    1512.63    1512.63         16 0.0000e+00
      74460  61.674831   3102.000   3061.681     2.6581     2.6578   3.259038   3.259191     1.5336     1.9041    0.00001   -0.00031    90.0205     0.0482     0.0089    232.814    235.529    34.9251    34.9273    27.8783    27.8801    1512.64    1512.65         21 0.0000e+00
      74485  61.674843   3103.000   3062.655     2.6576     2.6572   3.259030   3.259175     1.5334     1.9037   -0.00021   -0.00050    90.0204     0.0501     0.0090    232.809    235.482    34.9251    34.9272    27.8784    27.8801    1512.66    1512.66         31 0.0000e+00
      74516  61.674858   3104.000   3063.626     2.6572     2.6569   3.259032   3.259180     1.5332     1.9037   -0.00038   -0.00047    90.0121     0.0492     0.0119    232.790    235.524    34.9251    34.9272    27.8784    27.8801    1512.67    1512.68         28 0.0000e+00
      74540  61.674870   3105.000   3064.604     2.6575     2.6571   3.259083   3.259238     1.5333     1.9035   -0.00014   -0.00048    90.0084     0.0494     0.0118    232.849    235.510    34.9249    34.9273    27.8783    27.8802    1512.69    1512.69         20 0.0000e+00
      74558  61.674877   3106.000   3065.587     2.6572     2.6568   3.259093   3.259238     1.5330     1.9033   -0.00005   -0.00031    90.0167     0.0449     0.0102    232.809    235.513    34.9249    34.9271    27.8783    27.8801    1512.71    1512.71         17 0.0000e+00
      74574  61.674889   3107.000   3066.572     2.6568     2.6565   3.259105   3.259253     1.5327     1.9033   -0.00013    0.00004    90.0176     0.0528     0.0092    232.773    235.548    34.9251    34.9272    27.8784    27.8802    1512.72    1512.72         16 0.0000e+00
      74591  61.674896   3108.000   3067.555     2.6561     2.6557   3.259077   3.259212     1.5326     1.9033 -3.698e-07    0.00001    90.0207     0.0507     0.0127    232.781    235.587    34.9250    34.9270    27.8785    27.8801    1512.74    1512.74         17 0.0000e+00
      74609  61.674904   3109.000   3068.541     2.6553     2.6550   3.259054   3.259186     1.5320     1.9033   -0.00019   -0.00015    90.0215     0.0450     0.0121    232.696    235.623    34.9251    34.9271    27.8786    27.8802    1512.75    1512.75         21 0.0000e+00
      74635  61.674915   3110.000   3069.517     2.6547     2.6544   3.259026   3.259171     1.5319     1.9033   -0.00035   -0.00009    90.0190     0.0457     0.0155    232.699    235.661    34.9250    34.9271    27.8786    27.8803    1512.77    1512.77         31 0.0000e+00
      74670  61.674934   3111.000   3070.490     2.6545     2.6542   3.259031   3.259187     1.5319     1.9030   -0.00043   -0.00007    90.0086     0.0553     0.0109    232.732    235.636    34.9248    34.9270    27.8785    27.8803    1512.78    1512.78         36 0.0000e+00
      74704  61.674950   3112.000   3071.468     2.6543     2.6540   3.259054   3.259205     1.5319     1.9025   -0.00007   -0.00005    90.0077     0.0556     0.0109    232.759    235.587    34.9248    34.9270    27.8785    27.8803    1512.80    1512.80         34 0.0000e+00
      74738  61.674965   3113.000   3072.452     2.6542     2.6538   3.259070   3.259231     1.5319     1.9023   -0.00000   -0.00028    90.0022     0.0476     0.0081    232.794    235.578    34.9248    34.9271    27.8785    27.8804    1512.81    1512.82         32 0.0000e+00
      74766  61.674980   3114.000   3073.423     2.6541     2.6536   3.259110   3.259258     1.5318     1.9022   -0.00006   -0.00029    90.0154     0.0531     0.0133    232.803    235.594    34.9249    34.9272    27.8786    27.8804    1512.83    1512.83         24 0.0000e+00
      74787  61.674988   3115.000   3074.404     2.6542     2.6537   3.259152   3.259306     1.5317     1.9023   -0.00002   -0.00025    90.0062     0.0440     0.0199    232.814    235.641    34.9249    34.9272    27.8786    27.8805    1512.85    1512.85         19 0.0000e+00
      74805  61.674999   3116.000   3075.391     2.6541     2.6536   3.259173   3.259329     1.5315     1.9020    0.00003   -0.00011    90.0254     0.0437     0.0224    232.791    235.624    34.9248    34.9271    27.8785    27.8804    1512.86    1512.87         17 0.0000e+00
      74823  61.675007   3117.000   3076.373     2.6536     2.6533   3.259186   3.259332     1.5311     1.9019   -0.00002   -0.00003    90.0249     0.0446     0.0289    232.753    235.638    34.9249    34.9271    27.8787    27.8804    1512.88    1512.88         18 0.0000e+00
      74841  61.675014   3118.000   3077.357     2.6533     2.6529   3.259181   3.259333     1.5307     1.9015   -0.00015   -0.00001    90.0249     0.0532     0.0274    232.694    235.600    34.9248    34.9270    27.8786    27.8804    1512.90    1512.90         21 0.0000e+00
      74864  61.675026   3119.000   3078.333     2.6523     2.6521   3.259130   3.259283     1.5306     1.9010   -0.00026   -0.00015    90.0249     0.0452     0.0285    232.707    235.555    34.9248    34.9269    27.8787    27.8804    1512.91    1512.91         25 0.0000e+00
      74890  61.675037   3120.000   3079.307     2.6513     2.6510   3.259073   3.259227     1.5306     1.9007   -0.00046   -0.00041    90.0223     0.0440     0.0282    232.746    235.542    34.9247    34.9268    27.8787    27.8805    1512.92    1512.92         25 0.0000e+00
      74913  61.675049   3121.000   3080.285     2.6512     2.6508   3.259098   3.259241     1.5302     1.9002   -0.00029   -0.00042    90.0081     0.0454     0.0290    232.682    235.496    34.9246    34.9268    27.8787    27.8805    1512.94    1512.94         21 0.0000e+00
      74933  61.675060   3122.000   3081.267     2.6510     2.6506   3.259107   3.259257     1.5302     1.9000   -0.00012   -0.00040    90.0106     0.0447     0.0249    232.714    235.486    34.9245    34.9267    27.8786    27.8804    1512.95    1512.95         18 0.0000e+00
      74951  61.675068   3123.000   3082.250     2.6505     2.6501   3.259097   3.259240     1.5297     1.8998   -0.00009   -0.00037    90.0197     0.0460     0.0234    232.642    235.486    34.9245    34.9266    27.8787    27.8804    1512.97    1512.97         18 0.0000e+00
      74968  61.675076   3124.000   3083.230     2.6501     2.6497   3.259098   3.259243     1.5295     1.8997   -0.00020   -0.00044    90.0081     0.0519     0.0225    232.615    235.498    34.9245    34.9267    27.8787    27.8805    1512.98    1512.98         18 0.0000e+00
      74986  61.675087   3125.000   3084.209     2.6501     2.6497   3.259129   3.259276     1.5295     1.8996   -0.00016   -0.00036    90.0207     0.0501     0.0197    232.643    235.517    34.9244    34.9266    27.8786    27.8804    1513.00    1513.00         17 0.0000e+00
      75003  61.675095   3126.000   3085.187     2.6500     2.6497   3.259162   3.259316     1.5295     1.8995   -0.00027   -0.00025    90.0068     0.0446     0.0217    232.676    235.537    34.9244    34.9267    27.8787    27.8805    1513.02    1513.02         17 0.0000e+00
      75020  61.675102   3127.000   3086.174     2.6499     2.6496   3.259185   3.259346     1.5295     1.8993   -0.00038   -0.00020    90.0000     0.0516     0.0218    232.709    235.531    34.9244    34.9266    27.8787    27.8805    1513.03    1513.04         17 0.0000e+00
      75040  61.675110   3128.000   3087.162     2.6497     2.6494   3.259206   3.259356     1.5295     1.8992   -0.00023   -0.00018    90.0089     0.0493     0.0222    232.742    235.544    34.9245    34.9266    27.8787    27.8805    1513.05    1513.05         24 0.0000e+00
      75097  61.675140   3129.000   3088.122     2.6499     2.6493   3.259258   3.259386     1.5292     1.8991   -0.00007   -0.00023    90.0116     0.0498     0.0189    232.699    235.555    34.9244    34.9266    27.8787    27.8805    1513.07    1513.07         57 0.0000e+00
      75140  61.675159   3130.000   3089.094     2.6496     2.6491   3.259269   3.259407     1.5293     1.8991   -0.00026    0.00018    90.0078     0.0447     0.0192    232.750    235.583    34.9244    34.9266    27.8788    27.8805    1513.08    1513.08         18 0.0000e+00
      75155  61.675167   3131.000   3090.084     2.6495     2.6492   3.259307   3.259450     1.5292     1.8988   -0.00005    0.00019    90.0157     0.0435     0.0163    232.769    235.573    34.9245    34.9265    27.8788    27.8805    1513.10    1513.10         15 0.0000e+00
      75170  61.675175   3132.000   3091.072     2.6489     2.6487   3.259277   3.259426     1.5291     1.8987    0.00016   -0.00004    90.0015     0.0440     0.0149    232.787    235.582    34.9244    34.9264    27.8788    27.8804    1513.11    1513.12         15 0.0000e+00
