data/sbe35/FR29001.asc
* Sea-Bird SBE35 Data File:
* FileName = C:\SEASOFT\PIRATA-FR29\data\sbe35\FR29001.asc
* Software Version 1.59
* Temperature SN = 0102
* Conductivity SN = 0102
* System UpLoad Time = Mar 02 2019 19:02:53
** Cruise: PIRATA-FR28
** Ship: THALASSA
** Station:1
** Date (DD/MM/YYYY):02/03/2019
** Heure (HH:MM:SS):19:00:00
** Latitude (DD MM.CCC S):12°29.51 N
** Longitude (DD MM.CCC S):23°21.68 W
** Nombre de bouteilles claquées:20
** Operator:JG
** Commentaires:
*END*
dd1,20
  1 02 Mar 2019  16:28:53 bn =  1 diff =    18 val = 582921.4 t90 =  2.361664
  2 02 Mar 2019  16:29:22 bn =  2 diff =    34 val = 582914.1 t90 =  2.361947
  3 02 Mar 2019  16:29:57 bn =  3 diff =    17 val = 582921.7 t90 =  2.361652
  4 02 Mar 2019  16:30:17 bn =  4 diff =    19 val = 582923.3 t90 =  2.361592
  5 02 Mar 2019  16:30:30 bn =  5 diff =    40 val = 582922.7 t90 =  2.361613
  6 02 Mar 2019  16:30:45 bn =  6 diff =    29 val = 582926.3 t90 =  2.361473
  7 02 Mar 2019  16:31:00 bn =  7 diff =    43 val = 582928.1 t90 =  2.361403
  8 02 Mar 2019  16:31:41 bn =  8 diff =    21 val = 582939.6 t90 =  2.360962
  9 02 Mar 2019  16:32:00 bn =  9 diff =    23 val = 582933.8 t90 =  2.361184
 10 02 Mar 2019  16:32:16 bn = 10 diff =    26 val = 582945.1 t90 =  2.360749
 11 02 Mar 2019  16:32:31 bn = 11 diff =    17 val = 582948.9 t90 =  2.360602
 12 02 Mar 2019  16:32:46 bn = 12 diff =    19 val = 582948.3 t90 =  2.360626
 13 02 Mar 2019  16:33:00 bn = 13 diff =    33 val = 582935.8 t90 =  2.361109
 14 02 Mar 2019  16:33:16 bn = 14 diff =    20 val = 582949.6 t90 =  2.360575
 15 02 Mar 2019  16:33:30 bn = 15 diff =    21 val = 582954.0 t90 =  2.360404
 16 02 Mar 2019  16:34:00 bn = 16 diff =    17 val = 582955.1 t90 =  2.360361
 17 02 Mar 2019  16:34:25 bn = 17 diff =    29 val = 582943.9 t90 =  2.360793
 18 02 Mar 2019  16:34:45 bn = 18 diff =    15 val = 582954.3 t90 =  2.360394
 19 02 Mar 2019  16:35:01 bn = 19 diff =    16 val = 582951.3 t90 =  2.360508
 20 02 Mar 2019  16:35:19 bn = 20 diff =    16 val = 582951.4 t90 =  2.360505
