data/CTD/sbe35/FR29005.asc
* Sea-Bird SBE35 Data File:
* FileName = C:\SEASOFT\PIRATA-FR29\data\sbe35\FR29005.asc
* Software Version 1.59
* Temperature SN = 0102
* Conductivity SN = 0102
* System UpLoad Time = Mar 08 2019 20:58:20
** Cruise: PIRATA-FR29
** Ship: THALASSA
** Station:5
** Date (DD/MM/YYYY):08/03/2019
** Heure (HH:MM:SS):17:09
** Latitude (DD MM.CCC S):0 0.038 N
** Longitude (DD MM.CCC S):6 0.042 W
** Nombre de bouteilles claquées:20
** Operator:JG/LD
** Commentaires:
*END*
dd1,20
  1 08 Mar 2019  18:24:25 bn =  1 diff =    21 val = 583859.4 t90 =  2.325467
  2 08 Mar 2019  18:44:29 bn =  2 diff =    15 val = 576446.6 t90 =  2.613292
  3 08 Mar 2019  18:54:43 bn =  3 diff =    17 val = 568579.3 t90 =  2.923317
  4 08 Mar 2019  19:05:25 bn =  4 diff =    54 val = 554175.6 t90 =  3.503519
  5 08 Mar 2019  19:15:25 bn =  5 diff =    16 val = 537211.7 t90 =  4.208841
  6 08 Mar 2019  19:25:12 bn =  6 diff =    17 val = 529241.2 t90 =  4.548879
  7 08 Mar 2019  19:32:12 bn =  7 diff =   337 val = 508824.7 t90 =  5.446683
  8 08 Mar 2019  19:37:05 bn =  8 diff =    77 val = 474843.8 t90 =  7.034267
  9 08 Mar 2019  19:41:42 bn =  9 diff =   121 val = 412058.3 t90 = 10.333887
 10 08 Mar 2019  19:42:09 bn = 10 diff =   116 val = 412059.7 t90 = 10.333807
 11 08 Mar 2019  19:45:19 bn = 11 diff =    68 val = 340137.0 t90 = 14.890980
 12 08 Mar 2019  19:48:22 bn = 12 diff =  2996 val = 314040.7 t90 = 16.820885
 13 08 Mar 2019  19:50:32 bn = 13 diff =  1982 val = 281545.7 t90 = 19.494774
 14 08 Mar 2019  19:52:27 bn = 14 diff =  2462 val = 257504.9 t90 = 21.709018
 15 08 Mar 2019  19:52:47 bn = 15 diff =   563 val = 255395.7 t90 = 21.914403
 16 08 Mar 2019  19:55:02 bn = 16 diff =   752 val = 232403.3 t90 = 24.286904
 17 08 Mar 2019  19:57:01 bn = 17 diff =  4926 val = 194388.8 t90 = 28.864851
 18 08 Mar 2019  19:58:44 bn = 18 diff =    62 val = 187687.6 t90 = 29.777625
 19 08 Mar 2019  20:00:18 bn = 19 diff =    48 val = 187720.2 t90 = 29.773096
 20 08 Mar 2019  20:00:43 bn = 20 diff =    66 val = 187768.3 t90 = 29.766412
