data/CTD/sbe35/FR29007.asc
* Sea-Bird SBE35 Data File:
* FileName = C:\SEASOFT\PIRATA-FR29\data\sbe35\FR29007.asc
* Software Version 1.59
* Temperature SN = 0102
* Conductivity SN = 0102
* System UpLoad Time = Mar 11 2019 09:07:24
** Cruise: PIRATA-FR29
** Ship: THALASSA
** Station:7
** Date (DD/MM/YYYY):11/03/2019
** Heure (HH:MM:SS):00:54
** Latitude (DD MM.CCC S):1 0.076 N
** Longitude (DD MM.CCC S):0 0.006 E
** Nombre de bouteilles claquées:20
** Operator:AT/FN
** Commentaires:
*END*
dd1,20
  1 11 Mar 2019  01:36:24 bn =  1 diff =    50 val = 553483.3 t90 =  3.531832
  2 11 Mar 2019  01:44:07 bn =  2 diff =    17 val = 542817.2 t90 =  3.973057
  3 11 Mar 2019  01:51:35 bn =  3 diff =    37 val = 536481.1 t90 =  4.239775
  4 11 Mar 2019  01:52:06 bn =  4 diff =    30 val = 536483.6 t90 =  4.239667
  5 11 Mar 2019  02:00:04 bn =  5 diff =    38 val = 530701.8 t90 =  4.486142
  6 11 Mar 2019  02:07:32 bn =  6 diff =    71 val = 529074.8 t90 =  4.556038
  7 11 Mar 2019  02:15:05 bn =  7 diff =   163 val = 507412.8 t90 =  5.510253
  8 11 Mar 2019  02:21:06 bn =  8 diff =   266 val = 469112.2 t90 =  7.314572
  9 11 Mar 2019  02:26:47 bn =  9 diff =   129 val = 409293.1 t90 = 10.491987
 10 11 Mar 2019  02:27:28 bn = 10 diff =   591 val = 409745.1 t90 = 10.466062
 11 11 Mar 2019  02:31:42 bn = 11 diff =   518 val = 351332.2 t90 = 14.113757
 12 11 Mar 2019  02:36:09 bn = 12 diff =    32 val = 328623.2 t90 = 15.721066
 13 11 Mar 2019  02:39:10 bn = 13 diff =   447 val = 312559.1 t90 = 16.935848
 14 11 Mar 2019  02:41:35 bn = 14 diff =  5295 val = 266461.6 t90 = 20.857640
 15 11 Mar 2019  02:43:28 bn = 15 diff =   456 val = 216846.4 t90 = 26.049128
 16 11 Mar 2019  02:44:06 bn = 16 diff =   317 val = 217335.4 t90 = 25.991565
 17 11 Mar 2019  02:46:23 bn = 17 diff =   109 val = 189525.8 t90 = 29.523579
 18 11 Mar 2019  02:47:37 bn = 18 diff =    92 val = 188664.7 t90 = 29.642237
 19 11 Mar 2019  02:49:43 bn = 19 diff =    23 val = 188464.2 t90 = 29.669954
 20 11 Mar 2019  02:50:22 bn = 20 diff =    96 val = 188545.8 t90 = 29.658664
