data/CTD/sbe35/FR29003.asc
* Sea-Bird SBE35 Data File:
* FileName = C:\SEASOFT\PIRATA-FR29\data\sbe35\FR29003.asc
* Software Version 1.59
* Temperature SN = 0102
* Conductivity SN = 0102
* System UpLoad Time = Mar 07 2019 00:29:23
** Cruise: PIRATA-FR29
** Ship: THALASSA
** Station:3
** Date (DD/MM/YYYY):06/03/19
** Heure (HH:MM:SS):22:00
** Latitude (DD MM.CCC S):00 00.632 N
** Longitude (DD MM.CCC S):9 50.990 N
** Nombre de bouteilles claquées:20
** Operator:JG JL
** Commentaires:
*END*
dd1,20
  1 06 Mar 2019  22:43:11 bn =  1 diff =    43 val = 551998.9 t90 =  3.592662
  2 06 Mar 2019  22:51:42 bn =  2 diff =    26 val = 542818.0 t90 =  3.973023
  3 06 Mar 2019  22:52:13 bn =  3 diff =    22 val = 542814.0 t90 =  3.973191
  4 06 Mar 2019  22:59:38 bn =  4 diff =    16 val = 537160.6 t90 =  4.211004
  5 06 Mar 2019  23:07:30 bn =  5 diff =    22 val = 530088.1 t90 =  4.512479
  6 06 Mar 2019  23:14:23 bn =  6 diff =    22 val = 528535.5 t90 =  4.579261
  7 06 Mar 2019  23:22:06 bn =  7 diff =    60 val = 508149.8 t90 =  5.477043
  8 06 Mar 2019  23:27:52 bn =  8 diff =   191 val = 474713.5 t90 =  7.040599
  9 06 Mar 2019  23:33:41 bn =  9 diff =    37 val = 395224.9 t90 = 11.315399
 10 06 Mar 2019  23:34:17 bn = 10 diff =    29 val = 395242.2 t90 = 11.314366
 11 06 Mar 2019  23:38:19 bn = 11 diff =    47 val = 345608.2 t90 = 14.507592
 12 06 Mar 2019  23:43:00 bn = 12 diff =   448 val = 322269.9 t90 = 16.193308
 13 06 Mar 2019  23:45:35 bn = 13 diff =    21 val = 282928.2 t90 = 19.374026
 14 06 Mar 2019  23:48:03 bn = 14 diff =   379 val = 251124.8 t90 = 22.336254
 15 06 Mar 2019  23:48:42 bn = 15 diff =   586 val = 250922.0 t90 = 22.356494
 16 06 Mar 2019  23:50:52 bn = 16 diff =   856 val = 227267.6 t90 = 24.853407
 17 06 Mar 2019  23:52:58 bn = 17 diff =   934 val = 200369.4 t90 = 28.080078
 18 06 Mar 2019  23:55:03 bn = 18 diff =  1010 val = 194275.2 t90 = 28.880031
 19 06 Mar 2019  23:57:03 bn = 19 diff =   142 val = 191666.2 t90 = 29.231301
 20 06 Mar 2019  23:57:26 bn = 20 diff =    80 val = 191664.2 t90 = 29.231568
