data/CTD/sbe35/FR29009.asc
* Sea-Bird SBE35 Data File:
* FileName = C:\SEASOFT\PIRATA-FR29\data\sbe35\FR29009.asc
* Software Version 1.59
* Temperature SN = 0102
* Conductivity SN = 0102
* System UpLoad Time = Mar 11 2019 16:04:43
** Cruise: PIRATA-FR29
** Ship: THALASSA
** Station:9
** Date (DD/MM/YYYY):11/03/2019
** Heure (HH:MM:SS):11:17
** Latitude (DD MM.CCC S):0 0.054 S
** Longitude (DD MM.CCC S):0 0.145 W
** Nombre de bouteilles claquées:20
** Operator:JG
** Commentaires:
*END*
dd1,20
  1 11 Mar 2019  12:00:08 bn =  1 diff =    27 val = 551519.1 t90 =  3.612368
  2 11 Mar 2019  12:07:34 bn =  2 diff =    14 val = 543465.6 t90 =  3.945960
  3 11 Mar 2019  12:14:28 bn =  3 diff =    34 val = 536095.3 t90 =  4.256130
  4 11 Mar 2019  12:22:05 bn =  4 diff =    78 val = 531271.5 t90 =  4.461721
  5 11 Mar 2019  12:28:16 bn =  5 diff =    20 val = 528379.9 t90 =  4.585967
  6 11 Mar 2019  12:29:02 bn =  6 diff =    15 val = 528378.6 t90 =  4.586021
  7 11 Mar 2019  12:37:56 bn =  7 diff =    68 val = 508557.5 t90 =  5.458695
  8 11 Mar 2019  12:44:07 bn =  8 diff =   126 val = 468467.0 t90 =  7.346367
  9 11 Mar 2019  12:49:07 bn =  9 diff =   282 val = 414205.7 t90 = 10.211933
 10 11 Mar 2019  12:49:39 bn = 10 diff =    87 val = 414495.9 t90 = 10.195502
 11 11 Mar 2019  12:53:46 bn = 11 diff =   902 val = 351752.6 t90 = 14.085120
 12 11 Mar 2019  12:57:33 bn = 12 diff =    69 val = 322672.5 t90 = 16.163074
 13 11 Mar 2019  12:59:51 bn = 13 diff =  1422 val = 307821.2 t90 = 17.307671
 14 11 Mar 2019  13:02:11 bn = 14 diff =  1647 val = 268315.3 t90 = 20.685500
 15 11 Mar 2019  13:05:01 bn = 15 diff =  2459 val = 238608.7 t90 = 23.621119
 16 11 Mar 2019  13:05:26 bn = 16 diff =  3827 val = 238400.6 t90 = 23.643135
 17 11 Mar 2019  13:07:13 bn = 17 diff =  3607 val = 202768.4 t90 = 27.772753
 18 11 Mar 2019  13:08:46 bn = 18 diff =   277 val = 189945.5 t90 = 29.465972
 19 11 Mar 2019  13:11:17 bn = 19 diff =   309 val = 189067.8 t90 = 29.586611
 20 11 Mar 2019  13:11:50 bn = 20 diff =   486 val = 189284.2 t90 = 29.556804
