data/CTD/sbe35/FR29002.asc
* Sea-Bird SBE35 Data File:
* FileName = C:\SEASOFT\PIRATA-FR29\data\sbe35\FR29002.asc
* Software Version 1.59
* Temperature SN = 0102
* Conductivity SN = 0102
* System UpLoad Time = Mar 04 2019 00:00:58
** Cruise: PIRATA-FR29
** Ship: THALASSA
** Station:002
** Date (DD/MM/YYYY):03/03/2019
** Heure (HH:MM:SS):19:26:30
** Latitude (DD MM.CCC S):8°59.9 N
** Longitude (DD MM.CCC S):20°07.05 W
** Nombre de bouteilles claquées:20
** Operator:JG/JL
** Commentaires:
*END*
dd1,20
  1 03 Mar 2019  21:04:38 bn =  1 diff =    28 val = 555264.6 t90 =  3.459067
  2 03 Mar 2019  21:05:05 bn =  2 diff =    29 val = 555275.4 t90 =  3.458626
  3 03 Mar 2019  21:10:42 bn =  3 diff =    18 val = 547383.8 t90 =  3.782974
  4 03 Mar 2019  21:17:11 bn =  4 diff =    24 val = 537550.1 t90 =  4.194530
  5 03 Mar 2019  21:23:13 bn =  5 diff =    69 val = 525108.4 t90 =  4.727454
  6 03 Mar 2019  21:30:02 bn =  6 diff =    34 val = 511030.6 t90 =  5.347753
  7 03 Mar 2019  21:35:03 bn =  7 diff =   306 val = 494018.5 t90 =  6.123370
  8 03 Mar 2019  21:40:35 bn =  8 diff =   822 val = 454391.9 t90 =  8.052437
  9 03 Mar 2019  21:46:05 bn =  9 diff =    74 val = 405629.2 t90 = 10.703336
 10 03 Mar 2019  21:46:48 bn = 10 diff =   218 val = 405436.6 t90 = 10.714501
 11 03 Mar 2019  21:52:21 bn = 11 diff =   113 val = 367784.8 t90 = 13.020871
 12 03 Mar 2019  21:55:34 bn = 12 diff =    92 val = 335762.9 t90 = 15.202536
 13 03 Mar 2019  21:57:24 bn = 13 diff =   970 val = 329533.6 t90 = 15.654244
 14 03 Mar 2019  21:59:17 bn = 14 diff =  1362 val = 317948.8 t90 = 16.520552
 15 03 Mar 2019  21:59:39 bn = 15 diff =   612 val = 318657.4 t90 = 16.466543
 16 03 Mar 2019  22:01:44 bn = 16 diff =   770 val = 300420.6 t90 = 17.901625
 17 03 Mar 2019  22:03:40 bn = 17 diff =   154 val = 230354.1 t90 = 24.511223
 18 03 Mar 2019  22:05:25 bn = 18 diff =    82 val = 230064.5 t90 = 24.543110
 19 03 Mar 2019  22:07:26 bn = 19 diff =    58 val = 230105.0 t90 = 24.538649
 20 03 Mar 2019  22:07:52 bn = 20 diff =    53 val = 230129.0 t90 = 24.536000
