data/CTD/sbe35/FR29010.asc
* Sea-Bird SBE35 Data File:
* FileName = C:\SEASOFT\PIRATA-FR29\data\sbe35\FR29010.asc
* Software Version 1.59
* Temperature SN = 0102
* Conductivity SN = 0102
* System UpLoad Time = Mar 11 2019 19:35:30
** Cruise: PIRATA-FR29
** Ship: THALASSA
** Station:10
** Date (DD/MM/YYYY):11/03/1960
** Heure (HH:MM:SS):16:54
** Latitude (DD MM.CCC S):0 29.908 S
** Longitude (DD MM.CCC S):0 0.090 W
** Nombre de bouteilles claquées:20
** Operator:PS/MG
** Commentaires:
*END*
dd1,20
  1 11 Mar 2019  17:36:45 bn =  1 diff =    25 val = 552184.8 t90 =  3.585037
  2 11 Mar 2019  17:43:26 bn =  2 diff =    24 val = 543249.0 t90 =  3.955007
  3 11 Mar 2019  17:49:58 bn =  3 diff =    25 val = 536380.0 t90 =  4.244058
  4 11 Mar 2019  17:56:07 bn =  4 diff =    15 val = 530385.8 t90 =  4.499699
  5 11 Mar 2019  18:02:11 bn =  5 diff =    28 val = 529658.2 t90 =  4.530948
  6 11 Mar 2019  18:07:13 bn =  6 diff =    55 val = 523259.0 t90 =  4.807873
  7 11 Mar 2019  18:07:46 bn =  7 diff =    19 val = 523242.8 t90 =  4.808578
  8 11 Mar 2019  18:14:45 bn =  8 diff =   104 val = 469680.7 t90 =  7.286601
  9 11 Mar 2019  18:19:34 bn =  9 diff =    27 val = 416827.3 t90 = 10.064001
 10 11 Mar 2019  18:20:06 bn = 10 diff =    42 val = 416833.2 t90 = 10.063670
 11 11 Mar 2019  18:23:21 bn = 11 diff =   913 val = 360533.3 t90 = 13.495618
 12 11 Mar 2019  18:26:44 bn = 12 diff =   757 val = 315803.5 t90 = 16.684893
 13 11 Mar 2019  18:28:45 bn = 13 diff =    48 val = 287359.1 t90 = 18.991491
 14 11 Mar 2019  18:31:11 bn = 14 diff =  1634 val = 271277.8 t90 = 20.413172
 15 11 Mar 2019  18:33:32 bn = 15 diff =  3986 val = 226682.5 t90 = 24.918870
 16 11 Mar 2019  18:33:57 bn = 16 diff =  8325 val = 227571.2 t90 = 24.819514
 17 11 Mar 2019  18:36:34 bn = 17 diff =  1104 val = 190602.4 t90 = 29.376093
 18 11 Mar 2019  18:38:29 bn = 18 diff =    39 val = 188935.7 t90 = 29.604822
 19 11 Mar 2019  18:40:16 bn = 19 diff =  1696 val = 186920.0 t90 = 29.884546
 20 11 Mar 2019  18:40:50 bn = 20 diff =  2162 val = 185695.5 t90 = 30.056169
