data/CTD/cnv/dfr29007.cnv
* Sea-Bird SBE 9 Data File:
* FileName = C:\SEASOFT\PIRATA-FR29\data\fr29007.hex
* Software Version Seasave V 7.26.7.107
* Temperature SN = 6083
* Conductivity SN = 4509
* Number of Bytes Per Scan = 42
* Number of Voltage Words = 3
* Number of Scans Averaged by the Deck Unit = 1
* NMEA Latitude = 01 00.07 N
* NMEA Longitude = 000 00.01 E
* NMEA UTC (Time) = Mar 11 2019 00:52:12
** Cruise: PIRATA-FR29
** Ship: THALASSA
** Station: 7
** Bottom Depth: 4893.7
** Barometric pressure : 1010.3
** Temp Air: 28.7
** Operator: AT/FN
** Comments:
# nquan = 25
# nvalues = 2023                        
# units = specified
# name 0 = scan: Scan Count
# name 1 = timeJ: Julian Days
# name 2 = prDM: Pressure, Digiquartz [db]
# name 3 = depSM: Depth [salt water, m]
# name 4 = t090C: Temperature [ITS-90, deg C]
# name 5 = t190C: Temperature, 2 [ITS-90, deg C]
# name 6 = c0S/m: Conductivity [S/m]
# name 7 = c1S/m: Conductivity, 2 [S/m]
# name 8 = sbeox0V: Oxygen raw, SBE 43 [V]
# name 9 = sbeox1V: Oxygen raw, SBE 43, 2 [V]
# name 10 = sbox0dV/dT: Oxygen, SBE 43 [dov/dt]
# name 11 = sbox1dV/dT: Oxygen, SBE 43, 2 [dov/dt]
# name 12 = CStarTr0: Beam Transmission, WET Labs C-Star [%]
# name 13 = flECO-AFL: Fluorescence, WET Labs ECO-AFL/FL [mg/m^3]
# name 14 = flC: Fluorescence, Chelsea Aqua 3 Chl Con [ug/l]
# name 15 = sbox0Mm/Kg: Oxygen, SBE 43 [umol/kg], WS = 2
# name 16 = sbox1Mm/Kg: Oxygen, SBE 43, 2 [umol/kg], WS = 2
# name 17 = sal00: Salinity, Practical [PSU]
# name 18 = sal11: Salinity, Practical, 2 [PSU]
# name 19 = sigma-é00: Density [sigma-theta, kg/m^3]
# name 20 = sigma-é11: Density, 2 [sigma-theta, kg/m^3]
# name 21 = svCM: Sound Velocity [Chen-Millero, m/s]
# name 22 = svCM1: Sound Velocity, 2 [Chen-Millero, m/s]
# name 23 = nbin: number of scans per bin
# name 24 = flag: flag
# span 0 =        861,      56146       
# span 1 =  70.036676,  70.063338       
# span 2 =      4.000,   2026.000       
# span 3 =      3.978,   2005.159       
# span 4 =     3.5293,    29.6423       
# span 5 =     3.5290,    29.6443       
# span 6 =   3.297693,   5.731041       
# span 7 =   3.297795,   5.730974       
# span 8 =     1.0240,     2.6564       
# span 9 =     1.2186,     3.3422       
# span 10 =   -0.04284,    0.00916      
# span 11 =   -0.05820,    0.01074      
# span 12 =    87.5587,    89.9312      
# span 13 =    11.9944,    13.4281      
# span 14 =     0.0123,     0.3243      
# span 15 =     66.889,    234.088      
# span 16 =     67.039,    236.953      
# span 17 =    34.4879,    36.2017      
# span 18 =    34.4885,    36.1980      
# span 19 =    21.4643,    27.8201      
# span 20 =    21.4640,    27.8214      
# span 21 =    1483.62,    1544.78      
# span 22 =    1483.62,    1544.78      
# span 23 =         14,        189      
# span 24 = 0.0000e+00, 0.0000e+00      
# interval = decibars: 1                
# start_time = Mar 11 2019 00:52:13 [System UTC, first data scan.]
# bad_flag = -9.990e-29
*END*
[from data line 348]
      16981  70.044449    352.000    349.761    10.0229    10.0222   3.821275   3.821195     1.0289     1.2264   -0.00028   -0.00062    89.5554    12.5547     0.0502     69.080     69.554    34.9420    34.9418    26.9098    26.9098    1495.64    1495.64         18 0.0000e+00
      16998  70.044456    353.000    350.761    10.0035    10.0030   3.819240   3.819239     1.0307     1.2285   -0.00046   -0.00059    89.5610    12.5542     0.0524     69.362     69.798    34.9395    34.9400    26.9112    26.9116    1495.59    1495.59         17 0.0000e+00
      17015  70.044464    354.000    351.752     9.9922     9.9920   3.818047   3.818110     1.0335     1.2313   -0.00031   -0.00048    89.5651    12.5763     0.0490     69.753     70.108    34.9378    34.9386    26.9118    26.9125    1495.56    1495.56         17 0.0000e+00
      17032  70.044472    355.000    352.750     9.9815     9.9809   3.816948   3.816967     1.0362     1.2352    0.00054    0.00059    89.5528    12.5724     0.0467     70.133     70.525    34.9364    34.9371    26.9126    26.9132    1495.54    1495.54         17 0.0000e+00
      17049  70.044479    356.000    353.742     9.9718     9.9712   3.815953   3.815957     1.0400     1.2400    0.00165    0.00211    89.5671    12.5750     0.0496     70.653     71.020    34.9352    34.9357    26.9133    26.9138    1495.52    1495.52         18 0.0000e+00
      17069  70.044495    357.000    354.734     9.9636     9.9631   3.815106   3.815178     1.0436     1.2453    0.00312    0.00343    89.5613    12.5737     0.0521     71.152     71.570    34.9340    34.9352    26.9138    26.9148    1495.50    1495.50         20 0.0000e+00
      17091  70.044502    358.000    355.726     9.9597     9.9594   3.814732   3.814831     1.0474     1.2507    0.00407    0.00514    89.5741    12.5740     0.0500     71.665     72.123    34.9335    34.9347    26.9140    26.9151    1495.50    1495.51         25 0.0000e+00
      17119  70.044518    359.000    356.722     9.9543     9.9538   3.814185   3.814264     1.0516     1.2563    0.00470    0.00636    89.5716    12.5694     0.0488     72.223     72.697    34.9327    34.9339    26.9144    26.9154    1495.50    1495.50         32 0.0000e+00
      17151  70.044533    360.000    357.707     9.9462     9.9460   3.813378   3.813467     1.0559     1.2626    0.00414    0.00591    89.5607    12.5746     0.0516     72.813     73.352    34.9317    34.9328    26.9150    26.9159    1495.49    1495.49         30 0.0000e+00
      17178  70.044548    361.000    358.700     9.9349     9.9347   3.812249   3.812321     1.0607     1.2687    0.00349    0.00476    89.5783    12.5740     0.0535     73.472     73.990    34.9307    34.9315    26.9161    26.9168    1495.46    1495.46         24 0.0000e+00
      17200  70.044556    362.000    359.692     9.9242     9.9237   3.811177   3.811225     1.0651     1.2752    0.00322    0.00464    89.5777    12.5737     0.0508     74.068     74.658    34.9296    34.9305    26.9172    26.9179    1495.44    1495.44         21 0.0000e+00
      17221  70.044563    363.000    360.688     9.9170     9.9167   3.810466   3.810558     1.0695     1.2807    0.00360    0.00498    89.5789    12.5702     0.0498     74.676     75.227    34.9288    34.9301    26.9178    26.9188    1495.43    1495.43         20 0.0000e+00
      17241  70.044579    364.000    361.684     9.9087     9.9080   3.809618   3.809651     1.0725     1.2848    0.00438    0.00569    89.5789    12.5746     0.0476     75.093     75.665    34.9277    34.9287    26.9183    26.9192    1495.41    1495.41         21 0.0000e+00
      17263  70.044586    365.000    362.676     9.8969     9.8959   3.808421   3.808417     1.0759     1.2889    0.00484    0.00674    89.5789    12.5806     0.0445     75.559     76.106    34.9264    34.9273    26.9193    26.9201    1495.39    1495.38         23 0.0000e+00
      17287  70.044601    366.000    363.666     9.8817     9.8810   3.806882   3.806895     1.0785     1.2922    0.00466    0.00622    89.5789    12.5740     0.0474     75.939     76.468    34.9248    34.9257    26.9207    26.9215    1495.35    1495.34         24 0.0000e+00
      17311  70.044609    367.000    364.659     9.8606     9.8602   3.804687   3.804638     1.0807     1.2945    0.00372    0.00473    89.5691    12.5819     0.0472     76.272     76.749    34.9223    34.9222    26.9223    26.9223    1495.28    1495.28         23 0.0000e+00
      17333  70.044617    368.000    365.651     9.8385     9.8381   3.802447   3.802481     1.0823     1.2968    0.00329    0.00404    89.5820    12.5806     0.0507     76.532     77.027    34.9203    34.9210    26.9244    26.9251    1495.22    1495.22         23 0.0000e+00
      17355  70.044632    369.000    366.646     9.8313     9.8310   3.801721   3.801796     1.0835     1.2987    0.00237    0.00298    89.5821    12.5736     0.0506     76.720     77.240    34.9193    34.9204    26.9250    26.9259    1495.21    1495.21         22 0.0000e+00
      17378  70.044640    370.000    367.639     9.8251     9.8248   3.801101   3.801169     1.0840     1.2999    0.00201    0.00225    89.5915    12.5749     0.0502     76.803     77.380    34.9185    34.9195    26.9253    26.9262    1495.20    1495.20         24 0.0000e+00
      17402  70.044655    371.000    368.629     9.8085     9.8084   3.799367   3.799422     1.0846     1.3007    0.00167    0.00239    89.5780    12.5842     0.0490     76.917     77.492    34.9163    34.9170    26.9265    26.9271    1495.15    1495.15         24 0.0000e+00
      17425  70.044662    372.000    369.620     9.7879     9.7871   3.797263   3.797221     1.0862     1.3025    0.00088    0.00170    89.5789    12.5896     0.0504     77.185     77.729    34.9142    34.9145    26.9283    26.9287    1495.09    1495.09         21 0.0000e+00
      17445  70.044678    373.000    370.611     9.7705     9.7696   3.795440   3.795375     1.0886     1.3060    0.00049    0.00118    89.5851    12.5851     0.0507     77.543     78.112    34.9119    34.9121    26.9295    26.9298    1495.04    1495.04         19 0.0000e+00
      17463  70.044685    374.000    371.607     9.7528     9.7527   3.793555   3.793612     1.0920     1.3104    0.00073    0.00084    89.5954    12.5807     0.0494     78.023     78.602    34.9092    34.9099    26.9303    26.9309    1494.99    1494.99         17 0.0000e+00
      17480  70.044693    375.000    372.606     9.7376     9.7378   3.791973   3.792051     1.0952     1.3149    0.00141    0.00145    89.5946    12.5865     0.0480     78.494     79.091    34.9072    34.9078    26.9313    26.9318    1494.95    1494.95         18 0.0000e+00
      17499  70.044701    376.000    373.597     9.7265     9.7263   3.790815   3.790898     1.0988     1.3190    0.00251    0.00339    89.5814    12.5873     0.0460     78.995     79.534    34.9056    34.9067    26.9320    26.9328    1494.93    1494.93         20 0.0000e+00
      17523  70.044708    377.000    374.595     9.7188     9.7182   3.790029   3.790088     1.1017     1.3228    0.00397    0.00555    89.5896    12.5879     0.0446     79.400     79.933    34.9046    34.9057    26.9325    26.9335    1494.91    1494.91         28 0.0000e+00
      17555  70.044724    378.000    375.580     9.7119     9.7119   3.789338   3.789465     1.1041     1.3264    0.00443    0.00546    89.5963    12.5826     0.0441     79.734     80.314    34.9037    34.9050    26.9330    26.9340    1494.90    1494.91         35 0.0000e+00
      17590  70.044746    379.000    376.570     9.7040     9.7055   3.788552   3.788815     1.1049     1.3277    0.00267    0.00368    89.5880    12.5797     0.0495     79.873     80.474    34.9027    34.9040    26.9335    26.9343    1494.89    1494.90         33 0.0000e+00
      17618  70.044754    380.000    377.560     9.6941     9.6942   3.787572   3.787677     1.1055     1.3287    0.00151    0.00227    89.6014    12.5954     0.0509     79.976     80.600    34.9018    34.9028    26.9345    26.9353    1494.87    1494.87         25 0.0000e+00
      17641  70.044769    381.000    378.553     9.6865     9.6857   3.786835   3.786847     1.1056     1.3290    0.00065    0.00101    89.5991    12.5894     0.0514     80.015     80.660    34.9011    34.9020    26.9353    26.9361    1494.86    1494.86         21 0.0000e+00
      17661  70.044777    382.000    379.547     9.6795     9.6789   3.786135   3.786181     1.1060     1.3291    0.00055    0.00068    89.5912    12.5845     0.0518     80.091     80.692    34.9003    34.9014    26.9358    26.9367    1494.85    1494.85         19 0.0000e+00
      17680  70.044785    383.000    380.544     9.6699     9.6695   3.785142   3.785177     1.1064     1.3296    0.00033    0.00076    89.5812    12.5821     0.0505     80.171     80.773    34.8989    34.8997    26.9363    26.9370    1494.83    1494.83         19 0.0000e+00
      17699  70.044800    384.000    381.533     9.6586     9.6582   3.783965   3.784015     1.1074     1.3303    0.00019    0.00045    89.6014    12.5885     0.0483     80.337     80.872    34.8972    34.8982    26.9369    26.9377    1494.80    1494.80         18 0.0000e+00
      17717  70.044807    385.000    382.528     9.6518     9.6515   3.783258   3.783319     1.1089     1.3321    0.00034    0.00019    89.6024    12.5954     0.0489     80.556     81.078    34.8961    34.8970    26.9372    26.9380    1494.79    1494.79         18 0.0000e+00
      17734  70.044815    386.000    383.522     9.6385     9.6377   3.781867   3.781817     1.1106     1.3350    0.00053    0.00041    89.6024    12.5949     0.0454     80.824     81.406    34.8942    34.8945    26.9379    26.9383    1494.76    1494.76         17 0.0000e+00
      17751  70.044823    387.000    384.518     9.6026     9.6023   3.778173   3.778105     1.1134     1.3386    0.00082    0.00072    89.6024    12.5881     0.0450     81.272     81.848    34.8905    34.8902    26.9411    26.9408    1494.64    1494.64         18 0.0000e+00
      17771  70.044830    388.000    385.509     9.5813     9.5805   3.775981   3.775953     1.1164     1.3427    0.00167    0.00175    89.6024    12.5948     0.0441     81.713     82.308    34.8881    34.8886    26.9427    26.9432    1494.58    1494.57         21 0.0000e+00
      17793  70.044846    389.000    386.502     9.5671     9.5662   3.774482   3.774510     1.1198     1.3470    0.00255    0.00357    89.6024    12.5970     0.0473     82.203     82.776    34.8860    34.8871    26.9435    26.9444    1494.54    1494.54         25 0.0000e+00
      17820  70.044853    390.000    387.494     9.5606     9.5607   3.773833   3.773984     1.1228     1.3510    0.00350    0.00489    89.6016    12.5966     0.0449     82.626     83.208    34.8851    34.8866    26.9439    26.9450    1494.53    1494.53         29 0.0000e+00
      17851  70.044868    391.000    388.484     9.5550     9.5556   3.773281   3.773473     1.1247     1.3537    0.00357    0.00463    89.6151    12.5910     0.0439     82.900     83.494    34.8845    34.8858    26.9443    26.9452    1494.53    1494.53         31 0.0000e+00
      17882  70.044884    392.000    389.476     9.5508     9.5509   3.772898   3.773045     1.1257     1.3545    0.00258    0.00342    89.6181    12.5893     0.0476     83.057     83.601    34.8841    34.8855    26.9447    26.9458    1494.53    1494.53         30 0.0000e+00
      17911  70.044899    393.000    390.466     9.5465     9.5467   3.772479   3.772630     1.1260     1.3545    0.00140    0.00190    89.6048    12.6031     0.0499     83.114     83.618    34.8835    34.8848    26.9450    26.9460    1494.53    1494.53         28 0.0000e+00
      17936  70.044914    394.000    391.459     9.5408     9.5401   3.771921   3.771953     1.1254     1.3545    0.00086    0.00081    89.6034    12.5949     0.0510     83.048     83.639    34.8828    34.8838    26.9454    26.9463    1494.52    1494.52         22 0.0000e+00
      17957  70.044922    395.000    392.451     9.5290     9.5280   3.770686   3.770665     1.1256     1.3554    0.00051    0.00011    89.6171    12.5953     0.0452     83.109     83.768    34.8810    34.8818    26.9460    26.9468    1494.49    1494.49         21 0.0000e+00
      17976  70.044930    396.000    393.443     9.5162     9.5159   3.769385   3.769416     1.1261     1.3562   -0.00010    0.00004    89.6231    12.5968     0.0442     83.215     83.882    34.8796    34.8801    26.9470    26.9475    1494.46    1494.46         18 0.0000e+00
      17994  70.044937    397.000    394.434     9.4988     9.4985   3.767625   3.767638     1.1268     1.3570   -0.00041    0.00039    89.6245    12.5982     0.0473     83.353     84.009    34.8778    34.8783    26.9485    26.9489    1494.41    1494.41         17 0.0000e+00
      18010  70.044945    398.000    395.438     9.4842     9.4829   3.766100   3.766025     1.1276     1.3583   -0.00018    0.00056    89.6259    12.6035     0.0477     83.500     84.184    34.8758    34.8763    26.9493    26.9499    1494.37    1494.37         16 0.0000e+00
      18028  70.044952    399.000    396.431     9.4722     9.4719   3.764865   3.764932     1.1288     1.3598    0.00038    0.00066    89.6259    12.5975     0.0434     83.697     84.363    34.8742    34.8752    26.9501    26.9509    1494.34    1494.34         19 0.0000e+00
      18048  70.044968    400.000    397.422     9.4602     9.4598   3.763617   3.763652     1.1303     1.3619    0.00083    0.00111    89.6259    12.5959     0.0403     83.923     84.615    34.8725    34.8732    26.9507    26.9514    1494.32    1494.31         21 0.0000e+00
      18070  70.044975    401.000    398.410     9.4416     9.4402   3.761659   3.761564     1.1318     1.3634    0.00118    0.00152    89.6259    12.5956     0.0388     84.178     84.809    34.8699    34.8703    26.9518    26.9523    1494.26    1494.26         23 0.0000e+00
      18094  70.044991    402.000    399.404     9.4005     9.3995   3.757446   3.757368     1.1337     1.3654    0.00154    0.00229    89.6259    12.5963     0.0410     84.524     85.104    34.8657    34.8659    26.9553    26.9556    1494.12    1494.12         24 0.0000e+00
      18118  70.044998    403.000    400.397     9.3754     9.3748   3.754914   3.754937     1.1371     1.3691    0.00178    0.00207    89.6277    12.5980     0.0433     85.041     85.545    34.8634    34.8642    26.9576    26.9583    1494.04    1494.04         26 0.0000e+00
      18145  70.045013    404.000    401.389     9.3617     9.3611   3.753517   3.753550     1.1403     1.3734    0.00175    0.00175    89.6490    12.5905     0.0425     85.497     86.018    34.8618    34.8627    26.9586    26.9594    1494.01    1494.01         27 0.0000e+00
      18172  70.045021    405.000    402.378     9.3454     9.3449   3.751849   3.751884     1.1432     1.3781    0.00296    0.00327    89.6459    12.6104     0.0475     85.933     86.540    34.8599    34.8608    26.9598    26.9606    1493.96    1493.96         27 0.0000e+00
      18198  70.045036    406.000    403.372     9.3309     9.3303   3.750346   3.750369     1.1458     1.3819    0.00297    0.00388    89.6466    12.6030     0.0489     86.322     86.959    34.8580    34.8588    26.9607    26.9614    1493.92    1493.92         26 0.0000e+00
      18224  70.045052    407.000    404.363     9.3076     9.3063   3.747903   3.747778     1.1484     1.3850    0.00269    0.00410    89.6494    12.6035     0.0468     86.724     87.344    34.8549    34.8548    26.9621    26.9623    1493.85    1493.85         24 0.0000e+00
      18247  70.045059    408.000    405.356     9.2650     9.2641   3.743554   3.743442     1.1492     1.3865    0.00234    0.00379    89.6493    12.6022     0.0445     86.935     87.586    34.8507    34.8504    26.9658    26.9657    1493.71    1493.70         23 0.0000e+00
