data/CTD/cnv/dfr29005.cnv
* Sea-Bird SBE 9 Data File:
* FileName = C:\SEASOFT\PIRATA-FR29\data\fr29005.hex
* Software Version Seasave V 7.26.7.107
* Temperature SN = 6083
* Conductivity SN = 4509
* Number of Bytes Per Scan = 42
* Number of Voltage Words = 3
* Number of Scans Averaged by the Deck Unit = 1
* NMEA Latitude = 00 00.04 N
* NMEA Longitude = 006 00.04 W
* NMEA UTC (Time) = Mar 08 2019 17:09:40
** Cruise: PIRATA-FR29
** Ship: THALASSA
** Station: 5
** Bottom Depth: 5012
** Barometric pressure : 1006.6
** Temp Air: 29.2
** Operator: PS/MG
** Comments:
# nquan = 25
# nvalues = 4059                        
# units = specified
# name 0 = scan: Scan Count
# name 1 = timeJ: Julian Days
# name 2 = prDM: Pressure, Digiquartz [db]
# name 3 = depSM: Depth [salt water, m]
# name 4 = t090C: Temperature [ITS-90, deg C]
# name 5 = t190C: Temperature, 2 [ITS-90, deg C]
# name 6 = c0S/m: Conductivity [S/m]
# name 7 = c1S/m: Conductivity, 2 [S/m]
# name 8 = sbeox0V: Oxygen raw, SBE 43 [V]
# name 9 = sbeox1V: Oxygen raw, SBE 43, 2 [V]
# name 10 = sbox0dV/dT: Oxygen, SBE 43 [dov/dt]
# name 11 = sbox1dV/dT: Oxygen, SBE 43, 2 [dov/dt]
# name 12 = CStarTr0: Beam Transmission, WET Labs C-Star [%]
# name 13 = flECO-AFL: Fluorescence, WET Labs ECO-AFL/FL [mg/m^3]
# name 14 = flC: Fluorescence, Chelsea Aqua 3 Chl Con [ug/l]
# name 15 = sbox0Mm/Kg: Oxygen, SBE 43 [umol/kg], WS = 2
# name 16 = sbox1Mm/Kg: Oxygen, SBE 43, 2 [umol/kg], WS = 2
# name 17 = sal00: Salinity, Practical [PSU]
# name 18 = sal11: Salinity, Practical, 2 [PSU]
# name 19 = sigma-é00: Density [sigma-theta, kg/m^3]
# name 20 = sigma-é11: Density, 2 [sigma-theta, kg/m^3]
# name 21 = svCM: Sound Velocity [Chen-Millero, m/s]
# name 22 = svCM1: Sound Velocity, 2 [Chen-Millero, m/s]
# name 23 = nbin: number of scans per bin
# name 24 = flag: flag
# span 0 =        705,     103422       
# span 1 =  67.715386,  67.764921       
# span 2 =      4.000,   4062.000       
# span 3 =      3.982,   4001.410       
# span 4 =     2.3243,    29.8968       
# span 5 =     2.3243,    29.8963       
# span 6 =   3.245636,   5.802946       
# span 7 =   3.245787,   5.803026       
# span 8 =     1.1215,     2.6672       
# span 9 =     1.3421,     3.3726       
# span 10 =   -0.02921,    0.01248      
# span 11 =   -0.03854,    0.01630      
# span 12 =    87.0048,    90.0502      
# span 13 =     0.0367,     1.4205      
# span 14 =     0.0033,     0.4118      
# span 15 =     77.199,    235.126      
# span 16 =     77.161,    238.267      
# span 17 =    34.4956,    36.5537      
# span 18 =    34.4968,    36.5526      
# span 19 =    21.6506,    27.8792      
# span 20 =    21.6515,    27.8808      
# span 21 =    1483.13,    1545.33      
# span 22 =    1483.13,    1545.33      
# span 23 =         15,        148      
# span 24 = 0.0000e+00, 0.0000e+00      
# interval = decibars: 1                
# start_time = Mar 08 2019 17:09:40 [System UTC, first data scan.]
# bad_flag = -9.990e-29
*END*
[from data line 1508]
      41567  67.735092   1512.000   1498.257     4.2158     4.2157   3.338403   3.338509     1.7570     2.2039    0.00005   -0.00066    89.9780     0.0513     0.0264    220.099    222.992    34.9669    34.9682    27.7502    27.7513    1492.45    1492.45         25 0.0000e+00
      41591  67.735100   1513.000   1499.245     4.2157     4.2155   3.338429   3.338547     1.7568     2.2033   -0.00014   -0.00101    89.9780     0.0452     0.0281    220.104    222.947    34.9668    34.9684    27.7502    27.7514    1492.46    1492.46         23 0.0000e+00
      41613  67.735115   1514.000   1500.231     4.2139     4.2138   3.338325   3.338425     1.7559     2.2026   -0.00060   -0.00114    89.9780     0.0526     0.0288    219.987    222.896    34.9670    34.9682    27.7505    27.7515    1492.47    1492.47         22 0.0000e+00
      41635  67.735123   1515.000   1501.219     4.2112     4.2112   3.338137   3.338241     1.7558     2.2023   -0.00049   -0.00064    89.9780     0.0589     0.0278    220.014    222.896    34.9671    34.9683    27.7509    27.7518    1492.48    1492.48         21 0.0000e+00
      41655  67.735130   1516.000   1502.208     4.2078     4.2078   3.337938   3.338052     1.7562     2.2025   -0.00044   -0.00070    89.9780     0.0505     0.0251    220.118    222.968    34.9678    34.9692    27.7518    27.7529    1492.48    1492.48         20 0.0000e+00
      41677  67.735146   1517.000   1503.199     4.2080     4.2080   3.338054   3.338173     1.7567     2.2031   -0.00072   -0.00063    89.9780     0.0415     0.0225    220.237    223.082    34.9685    34.9700    27.7524    27.7535    1492.50    1492.50         23 0.0000e+00
      41702  67.735153   1518.000   1504.185     4.2081     4.2080   3.338106   3.338221     1.7578     2.2043    0.00001   -0.00018    89.9846     0.0401     0.0211    220.462    223.262    34.9686    34.9700    27.7524    27.7535    1492.52    1492.52         27 0.0000e+00
      41729  67.735168   1519.000   1505.165     4.2081     4.2080   3.338144   3.338261     1.7591     2.2055    0.00053    0.00048    89.9847     0.0493     0.0235    220.717    223.460    34.9686    34.9700    27.7524    27.7536    1492.53    1492.54         28 0.0000e+00
      41756  67.735184   1520.000   1506.159     4.2080     4.2080   3.338189   3.338308     1.7597     2.2063    0.00094    0.00102    89.9817     0.0501     0.0209    220.847    223.592    34.9687    34.9701    27.7525    27.7536    1492.55    1492.55         25 0.0000e+00
      41780  67.735191   1521.000   1507.141     4.2081     4.2080   3.338249   3.338367     1.7602     2.2073    0.00116    0.00114    89.9865     0.0459     0.0168    220.973    223.750    34.9688    34.9702    27.7526    27.7537    1492.57    1492.57         22 0.0000e+00
      41801  67.735207   1522.000   1508.132     4.2083     4.2082   3.338317   3.338441     1.7601     2.2077    0.00087    0.00098    89.9898     0.0458     0.0192    220.984    223.834    34.9688    34.9704    27.7526    27.7538    1492.59    1492.59         20 0.0000e+00
      41821  67.735214   1523.000   1509.120     4.2086     4.2085   3.338393   3.338520     1.7605     2.2084    0.00047    0.00072    89.9679     0.0458     0.0180    221.067    223.954    34.9690    34.9706    27.7527    27.7540    1492.60    1492.60         21 0.0000e+00
      41843  67.735222   1524.000   1510.109     4.2081     4.2080   3.338417   3.338531     1.7606     2.2087    0.00042    0.00083    89.9688     0.0452     0.0199    221.119    224.025    34.9693    34.9707    27.7530    27.7542    1492.62    1492.62         23 0.0000e+00
      41868  67.735237   1525.000   1511.095     4.2046     4.2045   3.338174   3.338276     1.7614     2.2090    0.00011    0.00069    89.9791     0.0572     0.0266    221.306    224.122    34.9696    34.9709    27.7536    27.7547    1492.62    1492.62         26 0.0000e+00
      41893  67.735252   1526.000   1512.077     4.1993     4.1996   3.337771   3.337895     1.7622     2.2104    0.00022    0.00053    89.9839     0.0557     0.0263    221.505    224.360    34.9700    34.9712    27.7545    27.7554    1492.62    1492.62         24 0.0000e+00
      41915  67.735260   1527.000   1513.066     4.1978     4.1977   3.337661   3.337770     1.7628     2.2114    0.00040    0.00020    89.9948     0.0489     0.0269    221.653    224.539    34.9698    34.9711    27.7545    27.7556    1492.63    1492.63         21 0.0000e+00
      41936  67.735268   1528.000   1514.058     4.1929     4.1929   3.337266   3.337348     1.7631     2.2115    0.00080    0.00077    89.9845     0.0439     0.0280    221.762    224.612    34.9697    34.9708    27.7550    27.7559    1492.62    1492.62         22 0.0000e+00
      41959  67.735283   1529.000   1515.048     4.1776     4.1778   3.336001   3.336082     1.7634     2.2123    0.00072    0.00125    89.9982     0.0454     0.0269    221.944    224.831    34.9706    34.9713    27.7573    27.7578    1492.58    1492.58         25 0.0000e+00
      41986  67.735291   1530.000   1516.029     4.1577     4.1589   3.334363   3.334531     1.7653     2.2141    0.00059    0.00070    90.0015     0.0479     0.0261    222.431    225.226    34.9717    34.9725    27.7603    27.7607    1492.51    1492.52         27 0.0000e+00
      42012  67.735306   1531.000   1517.015     4.1498     4.1505   3.333728   3.333848     1.7679     2.2174    0.00023    0.00038    90.0014     0.0510     0.0267    222.963    225.747    34.9722    34.9728    27.7615    27.7619    1492.50    1492.50         25 0.0000e+00
      42037  67.735321   1532.000   1518.005     4.1410     4.1416   3.333065   3.333203     1.7704     2.2212    0.00136    0.00139    90.0014     0.0460     0.0243    223.480    226.336    34.9731    34.9741    27.7631    27.7638    1492.48    1492.48         25 0.0000e+00
      42063  67.735329   1533.000   1518.994     4.1404     4.1404   3.333048   3.333158     1.7734     2.2251    0.00214    0.00267    90.0014     0.0510     0.0287    224.044    226.890    34.9731    34.9744    27.7632    27.7642    1492.49    1492.49         27 0.0000e+00
      42090  67.735344   1534.000   1519.978     4.1395     4.1395   3.333018   3.333139     1.7761     2.2284    0.00249    0.00356    90.0014     0.0474     0.0318    224.556    227.356    34.9731    34.9746    27.7633    27.7645    1492.51    1492.51         27 0.0000e+00
      42116  67.735359   1535.000   1520.964     4.1394     4.1393   3.333050   3.333166     1.7776     2.2307    0.00270    0.00358    90.0014     0.0530     0.0255    224.843    227.700    34.9732    34.9746    27.7634    27.7646    1492.52    1492.52         24 0.0000e+00
      42138  67.735367   1536.000   1521.949     4.1390     4.1389   3.333066   3.333176     1.7782     2.2320    0.00253    0.00318    90.0014     0.0529     0.0226    224.977    227.911    34.9733    34.9747    27.7635    27.7646    1492.54    1492.54         21 0.0000e+00
      42158  67.735374   1537.000   1522.941     4.1380     4.1378   3.333026   3.333133     1.7793     2.2329    0.00203    0.00260    90.0014     0.0541     0.0191    225.201    228.065    34.9734    34.9748    27.7638    27.7649    1492.55    1492.55         19 0.0000e+00
      42177  67.735382   1538.000   1523.925     4.1367     4.1367   3.332974   3.333081     1.7792     2.2335    0.00141    0.00218    90.0014     0.0541     0.0200    225.224    228.180    34.9736    34.9749    27.7641    27.7651    1492.56    1492.56         18 0.0000e+00
      42194  67.735397   1539.000   1524.916     4.1360     4.1359   3.332937   3.333052     1.7797     2.2340    0.00086    0.00157    90.0014     0.0512     0.0243    225.344    228.278    34.9734    34.9749    27.7640    27.7652    1492.57    1492.58         18 0.0000e+00
      42212  67.735405   1540.000   1525.907     4.1330     4.1330   3.332726   3.332831     1.7801     2.2345    0.00088    0.00114    90.0014     0.0448     0.0261    225.464    228.400    34.9737    34.9749    27.7645    27.7655    1492.58    1492.58         18 0.0000e+00
      42232  67.735413   1541.000   1526.896     4.1315     4.1315   3.332646   3.332755     1.7804     2.2349    0.00057    0.00091    90.0014     0.0452     0.0240    225.563    228.481    34.9738    34.9751    27.7648    27.7658    1492.59    1492.59         22 0.0000e+00
      42258  67.735428   1542.000   1527.882     4.1312     4.1312   3.332666   3.332783     1.7807     2.2361    0.00044    0.00069    90.0014     0.0511     0.0255    225.644    228.674    34.9739    34.9752    27.7649    27.7659    1492.61    1492.61         31 0.0000e+00
      42292  67.735443   1543.000   1528.863     4.1313     4.1312   3.332706   3.332827     1.7816     2.2372    0.00046    0.00060    90.0014     0.0467     0.0236    225.828    228.849    34.9738    34.9752    27.7648    27.7659    1492.62    1492.62         34 0.0000e+00
      42322  67.735458   1544.000   1529.848     4.1315     4.1313   3.332766   3.332886     1.7818     2.2374    0.00029    0.00108    90.0014     0.0525     0.0237    225.898    228.909    34.9738    34.9753    27.7648    27.7660    1492.64    1492.64         27 0.0000e+00
      42348  67.735466   1545.000   1530.839     4.1316     4.1314   3.332821   3.332938     1.7821     2.2375    0.00066    0.00080    90.0014     0.0471     0.0276    225.976    228.956    34.9738    34.9754    27.7648    27.7661    1492.66    1492.66         24 0.0000e+00
      42372  67.735481   1546.000   1531.826     4.1317     4.1316   3.332877   3.332990     1.7822     2.2381    0.00028    0.00026    90.0014     0.0467     0.0270    226.015    229.062    34.9739    34.9753    27.7649    27.7660    1492.67    1492.68         24 0.0000e+00
      42395  67.735489   1547.000   1532.811     4.1317     4.1316   3.332925   3.333035     1.7820     2.2382    0.00025    0.00000    90.0014     0.0449     0.0223    226.012    229.109    34.9740    34.9754    27.7649    27.7661    1492.69    1492.69         22 0.0000e+00
      42417  67.735504   1548.000   1533.803     4.1315     4.1314   3.332949   3.333068     1.7820     2.2380    0.00011    0.00039    90.0004     0.0449     0.0227    226.042    229.107    34.9740    34.9755    27.7650    27.7662    1492.71    1492.71         23 0.0000e+00
      42440  67.735512   1549.000   1534.790     4.1305     4.1305   3.332902   3.333021     1.7818     2.2374    0.00005    0.00041    89.9976     0.0452     0.0263    226.040    229.064    34.9739    34.9754    27.7650    27.7662    1492.72    1492.72         24 0.0000e+00
      42466  67.735527   1550.000   1535.773     4.1282     4.1281   3.332741   3.332854     1.7817     2.2373   -0.00012   -0.00004    89.9860     0.0504     0.0275    226.076    229.095    34.9740    34.9754    27.7654    27.7665    1492.73    1492.73         26 0.0000e+00
      42489  67.735535   1551.000   1536.757     4.1254     4.1254   3.332560   3.332668     1.7817     2.2375   -0.00020   -0.00043    90.0085     0.0542     0.0251    226.122    229.174    34.9743    34.9756    27.7659    27.7669    1492.73    1492.73         21 0.0000e+00
      42509  67.735542   1552.000   1537.745     4.1246     4.1246   3.332530   3.332633     1.7817     2.2383   -0.00015   -0.00046    89.9964     0.0546     0.0253    226.157    229.310    34.9743    34.9756    27.7660    27.7670    1492.75    1492.75         19 0.0000e+00
      42527  67.735558   1553.000   1538.739     4.1227     4.1226   3.332410   3.332503     1.7817     2.2385   -0.00010   -0.00013    89.9848     0.0552     0.0256    226.199    229.387    34.9745    34.9756    27.7663    27.7672    1492.75    1492.76         17 0.0000e+00
      42545  67.735565   1554.000   1539.728     4.1195     4.1194   3.332183   3.332284     1.7818     2.2385    0.00005    0.00024    89.9990     0.0474     0.0251    226.262    229.429    34.9747    34.9760    27.7668    27.7679    1492.76    1492.76         20 0.0000e+00
      42566  67.735573   1555.000   1540.716     4.1177     4.1176   3.332073   3.332185     1.7828     2.2387    0.00011    0.00069    89.9984     0.0460     0.0228    226.483    229.492    34.9747    34.9761    27.7671    27.7682    1492.77    1492.77         23 0.0000e+00
      42591  67.735588   1556.000   1541.699     4.1169     4.1169   3.332042   3.332164     1.7832     2.2394    0.00005    0.00032    90.0014     0.0484     0.0221    226.587    229.625    34.9747    34.9762    27.7672    27.7683    1492.78    1492.78         25 0.0000e+00
      42617  67.735596   1557.000   1542.686     4.1164     4.1164   3.332048   3.332164     1.7837     2.2399    0.00062    0.00009    90.0014     0.0508     0.0225    226.696    229.720    34.9749    34.9763    27.7674    27.7684    1492.80    1492.80         26 0.0000e+00
      42644  67.735611   1558.000   1543.673     4.1161     4.1160   3.332055   3.332172     1.7843     2.2404    0.00053    0.00055    90.0014     0.0454     0.0248    226.836    229.829    34.9748    34.9763    27.7673    27.7685    1492.81    1492.81         28 0.0000e+00
      42673  67.735626   1559.000   1544.659     4.1149     4.1149   3.331998   3.332127     1.7848     2.2409    0.00044    0.00051    90.0014     0.0463     0.0205    226.961    229.933    34.9749    34.9764    27.7676    27.7687    1492.82    1492.82         30 0.0000e+00
      42702  67.735641   1560.000   1545.645     4.1142     4.1142   3.331986   3.332107     1.7854     2.2412    0.00052    0.00045    90.0014     0.0441     0.0201    227.105    229.997    34.9750    34.9764    27.7677    27.7688    1492.84    1492.84         28 0.0000e+00
      42728  67.735649   1561.000   1546.632     4.1133     4.1132   3.331957   3.332071     1.7855     2.2416    0.00036    0.00049    90.0014     0.0566     0.0218    227.155    230.092    34.9751    34.9765    27.7679    27.7690    1492.85    1492.85         24 0.0000e+00
      42751  67.735664   1562.000   1547.618     4.1129     4.1128   3.331969   3.332087     1.7858     2.2423    0.00056    0.00024    90.0014     0.0536     0.0224    227.240    230.214    34.9752    34.9766    27.7680    27.7692    1492.86    1492.87         22 0.0000e+00
      42773  67.735672   1563.000   1548.610     4.1121     4.1122   3.331941   3.332073     1.7855     2.2427    0.00031    0.00018    90.0014     0.0476     0.0209    227.223    230.301    34.9752    34.9767    27.7681    27.7693    1492.88    1492.88         22 0.0000e+00
      42795  67.735687   1564.000   1549.595     4.1116     4.1116   3.331933   3.332061     1.7855     2.2428    0.00018    0.00061    90.0014     0.0536     0.0211    227.257    230.355    34.9752    34.9766    27.7682    27.7693    1492.89    1492.90         23 0.0000e+00
      42817  67.735695   1565.000   1550.582     4.1099     4.1091   3.331822   3.331870     1.7855     2.2431    0.00017    0.00055    90.0014     0.0543     0.0218    227.297    230.434    34.9752    34.9765    27.7683    27.7695    1492.90    1492.90         22 0.0000e+00
      42838  67.735703   1566.000   1551.567     4.1078     4.1081   3.331683   3.331836     1.7855     2.2428   -0.00015    0.00035    90.0014     0.0462     0.0199    227.341    230.432    34.9752    34.9767    27.7686    27.7697    1492.91    1492.91         20 0.0000e+00
      42859  67.735718   1567.000   1552.556     4.1083     4.1072   3.331758   3.331780     1.7855     2.2426   -0.00009    0.00024    90.0014     0.0445     0.0207    227.369    230.444    34.9752    34.9765    27.7685    27.7697    1492.93    1492.93         20 0.0000e+00
      42878  67.735725   1568.000   1553.544     4.1036     4.1034   3.331372   3.331473     1.7855     2.2424   -0.00003    0.00018    90.0014     0.0457     0.0225    227.429    230.474    34.9751    34.9764    27.7689    27.7700    1492.93    1492.93         20 0.0000e+00
