data/CTD/cnv/dfr29007.cnv
* Sea-Bird SBE 9 Data File:
* FileName = C:\SEASOFT\PIRATA-FR29\data\fr29007.hex
* Software Version Seasave V 7.26.7.107
* Temperature SN = 6083
* Conductivity SN = 4509
* Number of Bytes Per Scan = 42
* Number of Voltage Words = 3
* Number of Scans Averaged by the Deck Unit = 1
* NMEA Latitude = 01 00.07 N
* NMEA Longitude = 000 00.01 E
* NMEA UTC (Time) = Mar 11 2019 00:52:12
** Cruise: PIRATA-FR29
** Ship: THALASSA
** Station: 7
** Bottom Depth: 4893.7
** Barometric pressure : 1010.3
** Temp Air: 28.7
** Operator: AT/FN
** Comments:
# nquan = 25
# nvalues = 2023                        
# units = specified
# name 0 = scan: Scan Count
# name 1 = timeJ: Julian Days
# name 2 = prDM: Pressure, Digiquartz [db]
# name 3 = depSM: Depth [salt water, m]
# name 4 = t090C: Temperature [ITS-90, deg C]
# name 5 = t190C: Temperature, 2 [ITS-90, deg C]
# name 6 = c0S/m: Conductivity [S/m]
# name 7 = c1S/m: Conductivity, 2 [S/m]
# name 8 = sbeox0V: Oxygen raw, SBE 43 [V]
# name 9 = sbeox1V: Oxygen raw, SBE 43, 2 [V]
# name 10 = sbox0dV/dT: Oxygen, SBE 43 [dov/dt]
# name 11 = sbox1dV/dT: Oxygen, SBE 43, 2 [dov/dt]
# name 12 = CStarTr0: Beam Transmission, WET Labs C-Star [%]
# name 13 = flECO-AFL: Fluorescence, WET Labs ECO-AFL/FL [mg/m^3]
# name 14 = flC: Fluorescence, Chelsea Aqua 3 Chl Con [ug/l]
# name 15 = sbox0Mm/Kg: Oxygen, SBE 43 [umol/kg], WS = 2
# name 16 = sbox1Mm/Kg: Oxygen, SBE 43, 2 [umol/kg], WS = 2
# name 17 = sal00: Salinity, Practical [PSU]
# name 18 = sal11: Salinity, Practical, 2 [PSU]
# name 19 = sigma-é00: Density [sigma-theta, kg/m^3]
# name 20 = sigma-é11: Density, 2 [sigma-theta, kg/m^3]
# name 21 = svCM: Sound Velocity [Chen-Millero, m/s]
# name 22 = svCM1: Sound Velocity, 2 [Chen-Millero, m/s]
# name 23 = nbin: number of scans per bin
# name 24 = flag: flag
# span 0 =        861,      56146       
# span 1 =  70.036676,  70.063338       
# span 2 =      4.000,   2026.000       
# span 3 =      3.978,   2005.159       
# span 4 =     3.5293,    29.6423       
# span 5 =     3.5290,    29.6443       
# span 6 =   3.297693,   5.731041       
# span 7 =   3.297795,   5.730974       
# span 8 =     1.0240,     2.6564       
# span 9 =     1.2186,     3.3422       
# span 10 =   -0.04284,    0.00916      
# span 11 =   -0.05820,    0.01074      
# span 12 =    87.5587,    89.9312      
# span 13 =    11.9944,    13.4281      
# span 14 =     0.0123,     0.3243      
# span 15 =     66.889,    234.088      
# span 16 =     67.039,    236.953      
# span 17 =    34.4879,    36.2017      
# span 18 =    34.4885,    36.1980      
# span 19 =    21.4643,    27.8201      
# span 20 =    21.4640,    27.8214      
# span 21 =    1483.62,    1544.78      
# span 22 =    1483.62,    1544.78      
# span 23 =         14,        189      
# span 24 = 0.0000e+00, 0.0000e+00      
# interval = decibars: 1                
# start_time = Mar 11 2019 00:52:13 [System UTC, first data scan.]
# bad_flag = -9.990e-29
*END*
[from data line 1740]
      48888  70.059837   1744.000   1727.197     3.9856     3.9852   3.327903   3.327989     1.7582     2.2043   -0.00002    0.00016    89.8858    12.9370     0.0239    228.492    231.319    34.9731    34.9745    27.7812    27.7823    1495.37    1495.37         24 0.0000e+00
      48910  70.059845   1745.000   1728.183     3.9850     3.9846   3.327894   3.327971     1.7582     2.2039   -0.00005    0.00031    89.8983    12.9344     0.0207    228.526    231.293    34.9731    34.9745    27.7813    27.7824    1495.39    1495.39         20 0.0000e+00
      48929  70.059860   1746.000   1729.170     3.9846     3.9842   3.327890   3.327972     1.7582     2.2032    0.00005    0.00064    89.8890    12.9282     0.0218    228.558    231.234    34.9731    34.9745    27.7813    27.7824    1495.40    1495.40         19 0.0000e+00
      48947  70.059868   1747.000   1730.162     3.9845     3.9843   3.327933   3.328027     1.7581     2.2031    0.00009    0.00042    89.8965    12.9261     0.0209    228.568    231.247    34.9731    34.9745    27.7813    27.7825    1495.42    1495.42         17 0.0000e+00
      48964  70.059875   1748.000   1731.145     3.9844     3.9841   3.327957   3.328034     1.7570     2.2029    0.00002   -0.00026    89.9023    12.9212     0.0238    228.400    231.260    34.9731    34.9743    27.7813    27.7823    1495.44    1495.44         18 0.0000e+00
      48982  70.059883   1749.000   1732.134     3.9843     3.9840   3.327995   3.328075     1.7570     2.2024   -0.00012   -0.00075    89.8979    12.9284     0.0245    228.429    231.210    34.9731    34.9744    27.7813    27.7824    1495.45    1495.45         17 0.0000e+00
      49000  70.059891   1750.000   1733.121     3.9841     3.9836   3.328014   3.328078     1.7570     2.2017   -0.00030   -0.00054    89.8939    12.9280     0.0243    228.461    231.154    34.9731    34.9743    27.7814    27.7824    1495.47    1495.47         19 0.0000e+00
      49020  70.059898   1751.000   1734.109     3.9833     3.9830   3.327974   3.328056     1.7570     2.2009   -0.00036   -0.00020    89.8864    12.9284     0.0224    228.496    231.080    34.9730    34.9743    27.7814    27.7824    1495.48    1495.48         21 0.0000e+00
      49041  70.059914   1752.000   1735.094     3.9825     3.9821   3.327917   3.328008     1.7570     2.2005   -0.00032   -0.00058    89.9031    12.9290     0.0238    228.530    231.052    34.9727    34.9742    27.7812    27.7824    1495.49    1495.49         22 0.0000e+00
      49065  70.059921   1753.000   1736.078     3.9815     3.9812   3.327881   3.327965     1.7560     2.1994   -0.00018   -0.00084    89.9066    12.9289     0.0275    228.391    230.943    34.9728    34.9741    27.7814    27.7825    1495.51    1495.51         25 0.0000e+00
      49090  70.059937   1754.000   1737.067     3.9808     3.9805   3.327846   3.327938     1.7553     2.1994   -0.00021   -0.00083    89.9067    12.9154     0.0266    228.300    230.977    34.9727    34.9741    27.7814    27.7825    1495.52    1495.52         27 0.0000e+00
      49119  70.059952   1755.000   1738.050     3.9803     3.9799   3.327837   3.327930     1.7546     2.1994   -0.00058   -0.00066    89.8932    12.9349     0.0256    228.207    231.011    34.9726    34.9741    27.7814    27.7826    1495.54    1495.54         29 0.0000e+00
      49148  70.059959   1756.000   1739.035     3.9800     3.9797   3.327855   3.327946     1.7540     2.1993   -0.00065   -0.00028    89.9043    12.9282     0.0253    228.116    231.025    34.9727    34.9741    27.7815    27.7826    1495.55    1495.55         28 0.0000e+00
      49175  70.059975   1757.000   1740.022     3.9794     3.9791   3.327844   3.327943     1.7533     2.1988   -0.00064   -0.00004    89.8926    12.9270     0.0254    228.031    230.989    34.9726    34.9741    27.7815    27.7828    1495.57    1495.57         27 0.0000e+00
      49201  70.059990   1758.000   1741.007     3.9785     3.9782   3.327805   3.327891     1.7533     2.1987   -0.00040   -0.00015    89.8897    12.9226     0.0252    228.068    231.014    34.9727    34.9740    27.7817    27.7828    1495.58    1495.58         25 0.0000e+00
      49225  70.059998   1759.000   1741.992     3.9778     3.9773   3.327778   3.327861     1.7533     2.1981   -0.00063   -0.00031    89.9067    12.9292     0.0244    228.105    230.959    34.9727    34.9741    27.7818    27.7829    1495.59    1495.59         23 0.0000e+00
      49247  70.060013   1760.000   1742.979     3.9770     3.9766   3.327764   3.327842     1.7533     2.1970   -0.00036   -0.00035    89.8993    12.9346     0.0285    228.125    230.853    34.9728    34.9741    27.7819    27.7830    1495.61    1495.61         20 0.0000e+00
      49266  70.060020   1761.000   1743.967     3.9766     3.9764   3.327782   3.327873     1.7527     2.1969   -0.00004   -0.00007    89.8989    12.9300     0.0272    228.062    230.860    34.9729    34.9743    27.7821    27.7832    1495.62    1495.62         19 0.0000e+00
      49285  70.060028   1762.000   1744.952     3.9765     3.9761   3.327834   3.327911     1.7530     2.1970   -0.00004   -0.00062    89.9064    12.9249     0.0282    228.132    230.911    34.9732    34.9745    27.7823    27.7835    1495.64    1495.64         19 0.0000e+00
      49304  70.060036   1763.000   1745.941     3.9762     3.9758   3.327861   3.327950     1.7530     2.1977   -0.00018   -0.00096    89.9076    12.9213     0.0278    228.163    231.034    34.9733    34.9748    27.7825    27.7837    1495.65    1495.65         19 0.0000e+00
      49324  70.060051   1764.000   1746.928     3.9760     3.9757   3.327883   3.327971     1.7534     2.1983   -0.00022   -0.00049    89.9075    12.9208     0.0262    228.266    231.154    34.9733    34.9747    27.7825    27.7836    1495.67    1495.67         21 0.0000e+00
      49345  70.060059   1765.000   1747.913     3.9757     3.9754   3.327906   3.327981     1.7538     2.1991   -0.00007    0.00012    89.9075    12.9218     0.0278    228.378    231.291    34.9734    34.9746    27.7826    27.7836    1495.68    1495.68         20 0.0000e+00
      49365  70.060066   1766.000   1748.899     3.9751     3.9747   3.327884   3.327969     1.7546     2.1994    0.00017    0.00065    89.9075    12.9246     0.0269    228.560    231.378    34.9734    34.9747    27.7827    27.7838    1495.70    1495.70         21 0.0000e+00
      49386  70.060074   1767.000   1749.885     3.9745     3.9741   3.327873   3.327950     1.7549     2.1995    0.00043    0.00077    89.9075    12.9291     0.0269    228.650    231.420    34.9734    34.9747    27.7827    27.7838    1495.71    1495.71         20 0.0000e+00
      49406  70.060089   1768.000   1750.873     3.9740     3.9737   3.327875   3.327958     1.7554     2.1997    0.00060    0.00082    89.9075    12.9368     0.0264    228.760    231.485    34.9734    34.9747    27.7828    27.7839    1495.73    1495.73         22 0.0000e+00
      49429  70.060097   1769.000   1751.861     3.9738     3.9734   3.327888   3.327972     1.7558     2.2001    0.00067    0.00047    89.9075    12.9305     0.0274    228.874    231.568    34.9733    34.9747    27.7828    27.7839    1495.74    1495.74         23 0.0000e+00
      49454  70.060112   1770.000   1752.847     3.9735     3.9731   3.327899   3.327984     1.7561     2.2002    0.00050    0.00015    89.9075    12.9239     0.0218    228.957    231.612    34.9733    34.9747    27.7828    27.7839    1495.76    1495.76         28 0.0000e+00
      49484  70.060127   1771.000   1753.831     3.9730     3.9727   3.327897   3.327979     1.7563     2.2005    0.00050    0.00029    89.9075    12.9282     0.0170    229.020    231.684    34.9733    34.9746    27.7829    27.7839    1495.77    1495.77         33 0.0000e+00
      49518  70.060143   1772.000   1754.815     3.9722     3.9718   3.327846   3.327931     1.7565     2.2006    0.00020    0.00011    89.9075    12.9250     0.0204    229.106    231.733    34.9731    34.9745    27.7828    27.7839    1495.79    1495.79         33 0.0000e+00
      49549  70.060158   1773.000   1755.798     3.9714     3.9709   3.327811   3.327893     1.7564     2.2002    0.00018    0.00037    89.9075    12.9219     0.0253    229.122    231.721    34.9730    34.9744    27.7828    27.7840    1495.80    1495.80         28 0.0000e+00
      49574  70.060165   1774.000   1756.785     3.9713     3.9709   3.327848   3.327938     1.7558     2.1996    0.00016    0.00001    89.9075    12.9231     0.0251    229.036    231.667    34.9731    34.9745    27.7829    27.7840    1495.82    1495.82         23 0.0000e+00
      49596  70.060181   1775.000   1757.769     3.9712     3.9708   3.327879   3.327966     1.7551     2.1996    0.00003   -0.00018    89.9075    12.9291     0.0209    228.938    231.693    34.9731    34.9745    27.7829    27.7841    1495.83    1495.83         21 0.0000e+00
      49615  70.060188   1776.000   1758.757     3.9714     3.9710   3.327931   3.328027     1.7547     2.1994   -0.00024   -0.00052    89.9075    12.9284     0.0185    228.905    231.694    34.9729    34.9745    27.7828    27.7841    1495.85    1495.85         18 0.0000e+00
      49633  70.060196   1777.000   1759.744     3.9716     3.9713   3.328014   3.328099     1.7545     2.1986   -0.00051   -0.00058    89.9075    12.9284     0.0123    228.892    231.611    34.9732    34.9746    27.7830    27.7841    1495.87    1495.87         16 0.0000e+00
      49649  70.060204   1778.000   1760.729     3.9695     3.9691   3.327853   3.327932     1.7538     2.1980   -0.00080   -0.00013    89.9075    12.9293     0.0178    228.809    231.571    34.9731    34.9744    27.7831    27.7842    1495.88    1495.88         16 0.0000e+00
      49664  70.060211   1779.000   1761.719     3.9666     3.9663   3.327651   3.327726     1.7535     2.1973   -0.00062   -0.00012    89.9075    12.9345     0.0213    228.789    231.527    34.9733    34.9745    27.7836    27.7846    1495.88    1495.88         15 0.0000e+00
      49679  70.060219   1780.000   1762.707     3.9662     3.9658   3.327657   3.327729     1.7535     2.1971   -0.00041   -0.00037    89.9075    12.9338     0.0232    228.821    231.536    34.9733    34.9745    27.7836    27.7847    1495.90    1495.90         15 0.0000e+00
      49694  70.060226   1781.000   1763.694     3.9645     3.9641   3.327549   3.327623     1.7537     2.1971   -0.00051   -0.00089    89.9075    12.9336     0.0233    228.904    231.578    34.9734    34.9746    27.7839    27.7849    1495.91    1495.91         16 0.0000e+00
      49712  70.060234   1782.000   1764.685     3.9628     3.9624   3.327434   3.327518     1.7541     2.1969   -0.00075   -0.00099    89.9075    12.9303     0.0247    229.021    231.584    34.9733    34.9747    27.7840    27.7851    1495.92    1495.92         19 0.0000e+00
      49734  70.060242   1783.000   1765.673     3.9605     3.9601   3.327275   3.327349     1.7546     2.1976   -0.00036   -0.00065    89.9119    12.9277     0.0257    229.162    231.721    34.9733    34.9746    27.7842    27.7853    1495.92    1495.92         26 0.0000e+00
      49772  70.060265   1784.000   1766.652     3.9597     3.9607   3.327229   3.327433     1.7558     2.1993    0.00043    0.00006    89.9006    12.9333     0.0254    229.408    231.987    34.9732    34.9745    27.7842    27.7852    1495.94    1495.94         53 0.0000e+00
      49822  70.060287   1785.000   1767.631     3.9583     3.9597   3.327151   3.327375     1.7560     2.2003    0.00064    0.00119    89.9079    12.9296     0.0204    229.478    232.170    34.9732    34.9744    27.7844    27.7852    1495.95    1495.95         39 0.0000e+00
      49853  70.060303   1786.000   1768.616     3.9544     3.9540   3.326820   3.326900     1.7560     2.2008    0.00038    0.00046    89.9075    12.9286     0.0189    229.537    232.297    34.9729    34.9743    27.7846    27.7858    1495.95    1495.95         25 0.0000e+00
      49876  70.060310   1787.000   1769.604     3.9503     3.9499   3.326477   3.326537     1.7559     2.2010    0.00002    0.00046    89.9075    12.9291     0.0162    229.582    232.392    34.9728    34.9739    27.7849    27.7858    1495.95    1495.95         21 0.0000e+00
      49895  70.060326   1788.000   1770.587     3.9460     3.9458   3.326090   3.326189     1.7555     2.2004    0.00011    0.00047    89.9075    12.9278     0.0148    229.563    232.365    34.9723    34.9737    27.7850    27.7861    1495.94    1495.95         18 0.0000e+00
      49912  70.060333   1789.000   1771.578     3.9449     3.9446   3.326036   3.326123     1.7547     2.1999   -0.00004    0.00036    89.9075    12.9290     0.0154    229.447    232.330    34.9723    34.9736    27.7851    27.7861    1495.96    1495.96         16 0.0000e+00
      49927  70.060341   1790.000   1772.565     3.9436     3.9433   3.325953   3.326014     1.7537     2.1988   -0.00010    0.00025    89.9032    12.9214     0.0186    229.306    232.212    34.9722    34.9733    27.7851    27.7860    1495.97    1495.97         16 0.0000e+00
      49943  70.060349   1791.000   1773.552     3.9395     3.9391   3.325609   3.325675     1.7528     2.1973   -0.00017   -0.00009    89.8952    12.9212     0.0224    229.201    232.058    34.9720    34.9732    27.7854    27.7864    1495.97    1495.97         15 0.0000e+00
      49958  70.060356   1792.000   1774.542     3.9383     3.9380   3.325579   3.325681     1.7520     2.1960   -0.00067   -0.00056    89.9001    12.9226     0.0226    229.090    231.921    34.9724    34.9739    27.7858    27.7871    1495.98    1495.98         16 0.0000e+00
      49974  70.060364   1793.000   1775.527     3.9396     3.9392   3.325757   3.325848     1.7513     2.1951   -0.00112   -0.00099    89.9061    12.9219     0.0224    228.983    231.813    34.9727    34.9742    27.7860    27.7872    1496.00    1496.00         16 0.0000e+00
      49992  70.060371   1794.000   1776.513     3.9403     3.9399   3.325884   3.325972     1.7513     2.1948   -0.00133   -0.00161    89.9023    12.9241     0.0213    229.016    231.804    34.9730    34.9744    27.7862    27.7873    1496.02    1496.02         18 0.0000e+00
      50010  70.060379   1795.000   1777.499     3.9395     3.9392   3.325866   3.325951     1.7520     2.1959   -0.00137   -0.00215    89.9075    12.9269     0.0226    229.181    231.984    34.9731    34.9744    27.7863    27.7874    1496.04    1496.04         20 0.0000e+00
      50032  70.060387   1796.000   1778.489     3.9391     3.9388   3.325883   3.325961     1.7525     2.1968   -0.00107   -0.00154    89.9075    12.9213     0.0257    229.295    232.146    34.9732    34.9744    27.7865    27.7875    1496.05    1496.05         24 0.0000e+00
      50062  70.060402   1797.000   1779.474     3.9389     3.9386   3.325889   3.325976     1.7540     2.1982    0.00027    0.00022    89.9075    12.9298     0.0276    229.593    232.371    34.9730    34.9744    27.7864    27.7875    1496.07    1496.07         40 0.0000e+00
      50107  70.060425   1798.000   1780.450     3.9384     3.9380   3.325881   3.325961     1.7554     2.1998    0.00089    0.00118    89.9075    12.9261     0.0275    229.892    232.627    34.9730    34.9744    27.7864    27.7875    1496.08    1496.08         41 0.0000e+00
      50141  70.060440   1799.000   1781.439     3.9370     3.9366   3.325818   3.325901     1.7561     2.2007    0.00095    0.00111    89.9075    12.9276     0.0291    230.053    232.791    34.9732    34.9746    27.7867    27.7878    1496.09    1496.09         29 0.0000e+00
      50167  70.060455   1800.000   1782.421     3.9366     3.9361   3.325815   3.325893     1.7561     2.2010    0.00067    0.00056    89.9075    12.9280     0.0295    230.083    232.869    34.9732    34.9746    27.7867    27.7879    1496.11    1496.11         24 0.0000e+00
