data/CTD/cnv/dfr29008.cnv
* Sea-Bird SBE 9 Data File:
* FileName = C:\SEASOFT\PIRATA-FR29\data\fr29008.hex
* Software Version Seasave V 7.26.7.107
* Temperature SN = 6083
* Conductivity SN = 4509
* Number of Bytes Per Scan = 42
* Number of Voltage Words = 3
* Number of Scans Averaged by the Deck Unit = 1
* NMEA Latitude = 00 29.95 N
* NMEA Longitude = 000 00.04 E
* NMEA UTC (Time) = Mar 11 2019 06:19:26
** Cruise: PIRATA-FR29
** Ship: THALASSA
** Station: 8
** Bottom Depth: 4902.1
** Barometric pressure : 1010.1
** Temp Air: 28.3
** Operator: PS/MG
** Comments:
# nquan = 25
# nvalues = 2019                        
# units = specified
# name 0 = scan: Scan Count
# name 1 = timeJ: Julian Days
# name 2 = prDM: Pressure, Digiquartz [db]
# name 3 = depSM: Depth [salt water, m]
# name 4 = t090C: Temperature [ITS-90, deg C]
# name 5 = t190C: Temperature, 2 [ITS-90, deg C]
# name 6 = c0S/m: Conductivity [S/m]
# name 7 = c1S/m: Conductivity, 2 [S/m]
# name 8 = sbeox0V: Oxygen raw, SBE 43 [V]
# name 9 = sbeox1V: Oxygen raw, SBE 43, 2 [V]
# name 10 = sbox0dV/dT: Oxygen, SBE 43 [dov/dt]
# name 11 = sbox1dV/dT: Oxygen, SBE 43, 2 [dov/dt]
# name 12 = CStarTr0: Beam Transmission, WET Labs C-Star [%]
# name 13 = flECO-AFL: Fluorescence, WET Labs ECO-AFL/FL [mg/m^3]
# name 14 = flC: Fluorescence, Chelsea Aqua 3 Chl Con [ug/l]
# name 15 = sbox0Mm/Kg: Oxygen, SBE 43 [umol/kg], WS = 2
# name 16 = sbox1Mm/Kg: Oxygen, SBE 43, 2 [umol/kg], WS = 2
# name 17 = sal00: Salinity, Practical [PSU]
# name 18 = sal11: Salinity, Practical, 2 [PSU]
# name 19 = sigma-é00: Density [sigma-theta, kg/m^3]
# name 20 = sigma-é11: Density, 2 [sigma-theta, kg/m^3]
# name 21 = svCM: Sound Velocity [Chen-Millero, m/s]
# name 22 = svCM1: Sound Velocity, 2 [Chen-Millero, m/s]
# name 23 = nbin: number of scans per bin
# name 24 = flag: flag
# span 0 =      -1739,      60377       
# span 1 =  70.262668,  70.292623       
# span 2 =      4.000,   2022.000       
# span 3 =      3.979,   2001.220       
# span 4 =     3.6097,    29.5172       
# span 5 =     3.6093,    29.5170       
# span 6 =   3.304845,   5.678572       
# span 7 =   3.304966,   5.678932       
# span 8 =     0.9904,     2.6509       
# span 9 =     1.1758,     3.3494       
# span 10 =   -0.05153,    0.01487      
# span 11 =   -0.06848,    0.02078      
# span 12 =    87.9076,    89.8957      
# span 13 =     0.0369,     0.8512      
# span 14 =     0.0137,     0.2381      
# span 15 =     63.375,    233.923      
# span 16 =     63.842,    236.989      
# span 17 =    34.2669,    36.5037      
# span 18 =    34.2674,    36.4942      
# span 19 =    21.3455,    27.8141      
# span 20 =    21.3462,    27.8157      
# span 21 =    1482.73,    1544.09      
# span 22 =    1482.73,    1544.09      
# span 23 =         13,        117      
# span 24 = 0.0000e+00, 0.0000e+00      
# interval = decibars: 1                
# start_time = Mar 11 2019 06:19:27 [System UTC, first data scan.]
# bad_flag = -9.990e-29
*END*
[from data line 290]
      16272  70.271355    294.000    292.172    10.2060    10.2056   3.838561   3.838643     0.9925     1.1781   -0.00051   -0.00019    89.4678     0.0749     0.0520     63.589     64.017    34.9678    34.9691    26.8974    26.8984    1495.37    1495.37         19 0.0000e+00
      16290  70.271362    295.000    293.167    10.1918    10.1914   3.837102   3.837197     0.9909     1.1768   -0.00086   -0.00037    89.4655     0.0684     0.0542     63.407     63.914    34.9662    34.9676    26.8986    26.8998    1495.34    1495.34         18 0.0000e+00
      16308  70.271370    296.000    294.165    10.1829    10.1821   3.836200   3.836277     0.9904     1.1758   -0.00087   -0.00076    89.4671     0.0658     0.0512     63.375     63.842    34.9652    34.9667    26.8993    26.9007    1495.32    1495.32         17 0.0000e+00
      16326  70.271378    297.000    295.161    10.1772    10.1767   3.835620   3.835742     0.9915     1.1769   -0.00085   -0.00160    89.4751     0.0758     0.0489     63.532     63.963    34.9644    34.9661    26.8997    26.9011    1495.32    1495.32         19 0.0000e+00
      16345  70.271385    298.000    296.150    10.1745    10.1743   3.835363   3.835533     0.9939     1.1795   -0.00144   -0.00199    89.4906     0.0732     0.0510     63.854     64.228    34.9638    34.9658    26.8998    26.9014    1495.32    1495.32         20 0.0000e+00
      16365  70.271400    299.000    297.144    10.1734    10.1729   3.835255   3.835397     0.9968     1.1835   -0.00112   -0.00128    89.4781     0.0700     0.0515     64.231     64.632    34.9634    34.9653    26.8996    26.9012    1495.33    1495.33         20 0.0000e+00
      16386  70.271408    300.000    298.133    10.1672    10.1667   3.834640   3.834756     1.0013     1.1897    0.00113    0.00088    89.4765     0.0705     0.0510     64.828     65.258    34.9626    34.9643    26.9001    26.9015    1495.33    1495.33         22 0.0000e+00
      16408  70.271416    301.000    299.130    10.1613    10.1610   3.834053   3.834208     1.0058     1.1959    0.00275    0.00322    89.4807     0.0812     0.0478     65.432     65.888    34.9619    34.9638    26.9006    26.9021    1495.32    1495.32         22 0.0000e+00
      16430  70.271431    302.000    300.123    10.1582    10.1577   3.833770   3.833898     1.0092     1.2003    0.00384    0.00511    89.4723     0.0670     0.0512     65.887     66.333    34.9615    34.9633    26.9009    26.9023    1495.33    1495.33         22 0.0000e+00
      16453  70.271439    303.000    301.116    10.1479    10.1471   3.832724   3.832792     1.0107     1.2028    0.00505    0.00708    89.4635     0.0606     0.0551     66.103     66.597    34.9604    34.9618    26.9018    26.9030    1495.31    1495.30         24 0.0000e+00
      16479  70.271454    304.000    302.111    10.1325    10.1318   3.831128   3.831224     1.0112     1.2037    0.00445    0.00586    89.4467     0.0648     0.0536     66.201     66.724    34.9585    34.9601    26.9030    26.9044    1495.26    1495.26         28 0.0000e+00
      16508  70.271469    305.000    303.102    10.1211    10.1211   3.829988   3.830184     1.0103     1.2031    0.00212    0.00316    89.4596     0.0777     0.0482     66.112     66.690    34.9574    34.9594    26.9041    26.9057    1495.24    1495.24         31 0.0000e+00
      16541  70.271484    306.000    304.093    10.1168    10.1164   3.829565   3.829710     1.0090     1.2021    0.00033    0.00078    89.4615     0.0788     0.0505     65.955     66.608    34.9569    34.9587    26.9044    26.9060    1495.24    1495.24         32 0.0000e+00
      16572  70.271500    307.000    305.082    10.1051    10.1045   3.828408   3.828509     1.0081     1.2006   -0.00082   -0.00065    89.4615     0.0687     0.0476     65.860     66.485    34.9558    34.9575    26.9057    26.9070    1495.21    1495.21         30 0.0000e+00
      16598  70.271507    308.000    306.076    10.0969    10.0965   3.827606   3.827756     1.0067     1.1984   -0.00102   -0.00073    89.4615     0.0761     0.0492     65.706     66.288    34.9551    34.9571    26.9065    26.9081    1495.20    1495.20         22 0.0000e+00
      16619  70.271523    309.000    307.066    10.0951    10.0946   3.827442   3.827597     1.0055     1.1967   -0.00070   -0.00111    89.4794     0.0894     0.0473     65.558     66.128    34.9548    34.9568    26.9066    26.9082    1495.21    1495.21         20 0.0000e+00
      16637  70.271530    310.000    308.066    10.0907    10.0906   3.827013   3.827178     1.0048     1.1952   -0.00086   -0.00122    89.4739     0.0672     0.0474     65.482     65.999    34.9541    34.9560    26.9069    26.9083    1495.21    1495.21         17 0.0000e+00
      16654  70.271538    311.000    309.058    10.0880    10.0875   3.826750   3.826877     1.0037     1.1947   -0.00125   -0.00181    89.4551     0.0725     0.0468     65.357     65.960    34.9537    34.9555    26.9070    26.9085    1495.21    1495.21         18 0.0000e+00
      16672  70.271545    312.000    310.054    10.0701    10.0693   3.824848   3.824817     1.0036     1.1942   -0.00131   -0.00225    89.4519     0.0811     0.0500     65.382     65.944    34.9510    34.9515    26.9080    26.9085    1495.16    1495.16         17 0.0000e+00
      16690  70.271553    313.000    311.048    10.0402    10.0391   3.821751   3.821699     1.0035     1.1940   -0.00122   -0.00198    89.4629     0.0742     0.0513     65.423     65.984    34.9479    34.9484    26.9107    26.9113    1495.07    1495.07         19 0.0000e+00
      16710  70.271568    314.000    312.041    10.0140    10.0127   3.819051   3.818989     1.0040     1.1941   -0.00113   -0.00119    89.4649     0.0739     0.0487     65.535     66.044    34.9451    34.9458    26.9130    26.9137    1494.99    1494.98         21 0.0000e+00
      16731  70.271576    315.000    313.032     9.9913     9.9904   3.816718   3.816743     1.0046     1.1947   -0.00063   -0.00074    89.4679     0.0699     0.0501     65.650     66.145    34.9428    34.9438    26.9151    26.9161    1494.92    1494.92         22 0.0000e+00
      16755  70.271584    316.000    314.026     9.9822     9.9817   3.815775   3.815911     1.0050     1.1949    0.00010   -0.00018    89.4653     0.0663     0.0520     65.731     66.185    34.9415    34.9433    26.9156    26.9171    1494.90    1494.90         25 0.0000e+00
      16781  70.271599    317.000    315.019     9.9803     9.9799   3.815598   3.815758     1.0051     1.1952    0.00058    0.00033    89.4790     0.0696     0.0526     65.749     66.228    34.9410    34.9430    26.9156    26.9172    1494.91    1494.91         28 0.0000e+00
      16812  70.271614    318.000    316.013     9.9778     9.9769   3.815379   3.815452     1.0051     1.1952    0.00040    0.00018    89.4850     0.0704     0.0466     65.762     66.242    34.9407    34.9423    26.9158    26.9172    1494.92    1494.92         33 0.0000e+00
      16845  70.271629    319.000    316.999     9.9663     9.9654   3.814167   3.814214     1.0050     1.1952    0.00020    0.00027    89.4850     0.0656     0.0494     65.783     66.268    34.9390    34.9403    26.9165    26.9177    1494.89    1494.89         33 0.0000e+00
      16875  70.271645    320.000    317.994     9.9383     9.9379   3.811295   3.811374     1.0045     1.1951   -0.00002    0.00017    89.4850     0.0731     0.0495     65.767     66.300    34.9362    34.9374    26.9190    26.9200    1494.80    1494.80         26 0.0000e+00
      16899  70.271660    321.000    318.983     9.9262     9.9262   3.810033   3.810185     1.0041     1.1943   -0.00016   -0.00007    89.4724     0.0673     0.0475     65.737     66.250    34.9346    34.9361    26.9198    26.9210    1494.78    1494.78         22 0.0000e+00
      16920  70.271667    322.000    319.980     9.9214     9.9210   3.809542   3.809680     1.0041     1.1940   -0.00020   -0.00007    89.4757     0.0710     0.0477     65.757     66.233    34.9337    34.9355    26.9200    26.9215    1494.77    1494.77         20 0.0000e+00
      16939  70.271675    323.000    320.969     9.9193     9.9190   3.809355   3.809508     1.0041     1.1933   -0.00049   -0.00025    89.4880     0.0730     0.0496     65.772     66.183    34.9333    34.9352    26.9201    26.9216    1494.78    1494.78         18 0.0000e+00
      16957  70.271683    324.000    321.967     9.9185     9.9181   3.809307   3.809446     1.0039     1.1930   -0.00048   -0.00057    89.4863     0.0736     0.0496     65.746     66.161    34.9332    34.9350    26.9201    26.9216    1494.80    1494.80         18 0.0000e+00
      16974  70.271690    325.000    322.964     9.9137     9.9124   3.808810   3.808796     1.0040     1.1930   -0.00007   -0.00052    89.4823     0.0861     0.0517     65.781     66.180    34.9323    34.9334    26.9203    26.9214    1494.79    1494.79         17 0.0000e+00
      16992  70.271698    326.000    323.958     9.8908     9.8895   3.806344   3.806263     1.0047     1.1945   -0.00000   -0.00064    89.4850     0.0840     0.0528     65.915     66.374    34.9287    34.9292    26.9213    26.9219    1494.72    1494.72         19 0.0000e+00
      17013  70.271713    327.000    324.949     9.8755     9.8750   3.804754   3.804867     1.0068     1.1969   -0.00008   -0.00057    89.4839     0.0749     0.0496     66.218     66.642    34.9268    34.9284    26.9224    26.9238    1494.68    1494.68         22 0.0000e+00
      17036  70.271721    328.000    325.941     9.8751     9.8748   3.804734   3.804894     1.0087     1.2004    0.00009    0.00031    89.4860     0.0754     0.0538     66.476     66.997    34.9265    34.9284    26.9223    26.9239    1494.70    1494.70         25 0.0000e+00
      17062  70.271736    329.000    326.935     9.8740     9.8734   3.804629   3.804760     1.0103     1.2025    0.00154    0.00215    89.4911     0.0657     0.0524     66.691     67.210    34.9261    34.9280    26.9222    26.9238    1494.71    1494.71         27 0.0000e+00
      17092  70.271751    330.000    327.927     9.8642     9.8632   3.803574   3.803632     1.0121     1.2058    0.00206    0.00318    89.5028     0.0734     0.0553     66.961     67.571    34.9242    34.9258    26.9225    26.9238    1494.69    1494.69         34 0.0000e+00
      17126  70.271767    331.000    328.915     9.8391     9.8383   3.800875   3.800941     1.0175     1.2129    0.00134    0.00201    89.4921     0.0726     0.0535     67.704     68.324    34.9204    34.9219    26.9237    26.9250    1494.61    1494.61         32 0.0000e+00
      17154  70.271782    332.000    329.906     9.8278     9.8272   3.799710   3.799793     1.0227     1.2190    0.00178    0.00308    89.4935     0.0730     0.0503     68.422     68.957    34.9189    34.9204    26.9245    26.9257    1494.58    1494.58         25 0.0000e+00
      17177  70.271790    333.000    330.902     9.8099     9.8091   3.797857   3.797848     1.0267     1.2246    0.00354    0.00484    89.5074     0.0711     0.0438     68.982     69.545    34.9168    34.9175    26.9259    26.9266    1494.53    1494.53         20 0.0000e+00
      17197  70.271797    334.000    331.896     9.7802     9.7796   3.794828   3.794825     1.0307     1.2301    0.00443    0.00536    89.5085     0.0677     0.0449     69.557     70.155    34.9140    34.9145    26.9287    26.9292    1494.44    1494.44         20 0.0000e+00
      17216  70.271812    335.000    332.889     9.7595     9.7588   3.792677   3.792683     1.0351     1.2353    0.00443    0.00528    89.5085     0.0742     0.0480     70.181     70.716    34.9114    34.9122    26.9302    26.9309    1494.38    1494.37         20 0.0000e+00
      17236  70.271820    336.000    333.882     9.7444     9.7437   3.791097   3.791135     1.0391     1.2399    0.00432    0.00577    89.5085     0.0758     0.0489     70.732     71.203    34.9094    34.9105    26.9311    26.9321    1494.34    1494.33         19 0.0000e+00
      17256  70.271828    337.000    334.876     9.7351     9.7344   3.790150   3.790235     1.0419     1.2442    0.00474    0.00650    89.5085     0.0772     0.0479     71.121     71.660    34.9082    34.9097    26.9318    26.9331    1494.32    1494.32         20 0.0000e+00
      17275  70.271835    338.000    335.871     9.7249     9.7242   3.789094   3.789135     1.0446     1.2474    0.00517    0.00646    89.5085     0.0832     0.0474     71.505     72.001    34.9068    34.9079    26.9324    26.9334    1494.30    1494.29         19 0.0000e+00
      17296  70.271851    339.000    336.865     9.7147     9.7145   3.788057   3.788193     1.0462     1.2497    0.00485    0.00577    89.5152     0.0823     0.0431     71.747     72.264    34.9055    34.9071    26.9331    26.9344    1494.27    1494.27         22 0.0000e+00
      17320  70.271858    340.000    337.855     9.7060     9.7047   3.787164   3.787175     1.0476     1.2522    0.00360    0.00496    89.5302     0.0737     0.0443     71.955     72.530    34.9044    34.9057    26.9337    26.9350    1494.26    1494.25         26 0.0000e+00
      17346  70.271873    341.000    338.847     9.6941     9.6936   3.785955   3.786059     1.0487     1.2537    0.00270    0.00353    89.5229     0.0669     0.0466     72.126     72.708    34.9029    34.9045    26.9346    26.9359    1494.23    1494.23         26 0.0000e+00
      17372  70.271881    342.000    339.840     9.6874     9.6869   3.785265   3.785381     1.0493     1.2544    0.00163    0.00245    89.5248     0.0710     0.0438     72.228     72.804    34.9020    34.9036    26.9350    26.9363    1494.22    1494.22         26 0.0000e+00
      17399  70.271896    343.000    340.835     9.6808     9.6803   3.784606   3.784727     1.0496     1.2549    0.00105    0.00169    89.5293     0.0802     0.0438     72.287     72.874    34.9010    34.9028    26.9354    26.9368    1494.21    1494.21         28 0.0000e+00
      17427  70.271912    344.000    341.824     9.6775     9.6772   3.784301   3.784445     1.0500     1.2554    0.00065    0.00075    89.5320     0.0729     0.0492     72.350     72.941    34.9006    34.9025    26.9356    26.9372    1494.22    1494.22         29 0.0000e+00
      17455  70.271927    345.000    342.816     9.6763     9.6760   3.784219   3.784370     1.0500     1.2562    0.00026    0.00051    89.5320     0.0652     0.0530     72.361     73.030    34.9005    34.9024    26.9358    26.9373    1494.23    1494.23         26 0.0000e+00
      17479  70.271935    346.000    343.806     9.6747     9.6743   3.784090   3.784243     1.0498     1.2555    0.00038    0.00043    89.5320     0.0660     0.0551     72.349     72.975    34.9003    34.9022    26.9359    26.9375    1494.24    1494.24         22 0.0000e+00
      17499  70.271942    347.000    344.802     9.6743     9.6739   3.784086   3.784256     1.0496     1.2552    0.00009    0.00058    89.5307     0.0724     0.0517     72.338     72.951    34.9002    34.9023    26.9359    26.9376    1494.25    1494.25         19 0.0000e+00
      17518  70.271957    348.000    345.796     9.6734     9.6730   3.784035   3.784188     1.0492     1.2552   -0.00002    0.00048    89.5307     0.0673     0.0495     72.289     72.962    34.9001    34.9021    26.9360    26.9376    1494.27    1494.27         18 0.0000e+00
      17536  70.271965    349.000    346.786     9.6686     9.6683   3.783572   3.783698     1.0486     1.2548   -0.00014   -0.00042    89.5307     0.0601     0.0496     72.231     72.941    34.8995    34.9011    26.9363    26.9377    1494.26    1494.26         19 0.0000e+00
      17555  70.271973    350.000    347.789     9.6635     9.6632   3.783069   3.783230     1.0478     1.2533   -0.00023   -0.00057    89.5295     0.0657     0.0509     72.139     72.811    34.8988    34.9008    26.9367    26.9383    1494.26    1494.26         19 0.0000e+00
