data/CTD/cnv/dfr29008.cnv
* Sea-Bird SBE 9 Data File:
* FileName = C:\SEASOFT\PIRATA-FR29\data\fr29008.hex
* Software Version Seasave V 7.26.7.107
* Temperature SN = 6083
* Conductivity SN = 4509
* Number of Bytes Per Scan = 42
* Number of Voltage Words = 3
* Number of Scans Averaged by the Deck Unit = 1
* NMEA Latitude = 00 29.95 N
* NMEA Longitude = 000 00.04 E
* NMEA UTC (Time) = Mar 11 2019 06:19:26
** Cruise: PIRATA-FR29
** Ship: THALASSA
** Station: 8
** Bottom Depth: 4902.1
** Barometric pressure : 1010.1
** Temp Air: 28.3
** Operator: PS/MG
** Comments:
# nquan = 25
# nvalues = 2019                        
# units = specified
# name 0 = scan: Scan Count
# name 1 = timeJ: Julian Days
# name 2 = prDM: Pressure, Digiquartz [db]
# name 3 = depSM: Depth [salt water, m]
# name 4 = t090C: Temperature [ITS-90, deg C]
# name 5 = t190C: Temperature, 2 [ITS-90, deg C]
# name 6 = c0S/m: Conductivity [S/m]
# name 7 = c1S/m: Conductivity, 2 [S/m]
# name 8 = sbeox0V: Oxygen raw, SBE 43 [V]
# name 9 = sbeox1V: Oxygen raw, SBE 43, 2 [V]
# name 10 = sbox0dV/dT: Oxygen, SBE 43 [dov/dt]
# name 11 = sbox1dV/dT: Oxygen, SBE 43, 2 [dov/dt]
# name 12 = CStarTr0: Beam Transmission, WET Labs C-Star [%]
# name 13 = flECO-AFL: Fluorescence, WET Labs ECO-AFL/FL [mg/m^3]
# name 14 = flC: Fluorescence, Chelsea Aqua 3 Chl Con [ug/l]
# name 15 = sbox0Mm/Kg: Oxygen, SBE 43 [umol/kg], WS = 2
# name 16 = sbox1Mm/Kg: Oxygen, SBE 43, 2 [umol/kg], WS = 2
# name 17 = sal00: Salinity, Practical [PSU]
# name 18 = sal11: Salinity, Practical, 2 [PSU]
# name 19 = sigma-é00: Density [sigma-theta, kg/m^3]
# name 20 = sigma-é11: Density, 2 [sigma-theta, kg/m^3]
# name 21 = svCM: Sound Velocity [Chen-Millero, m/s]
# name 22 = svCM1: Sound Velocity, 2 [Chen-Millero, m/s]
# name 23 = nbin: number of scans per bin
# name 24 = flag: flag
# span 0 =      -1739,      60377       
# span 1 =  70.262668,  70.292623       
# span 2 =      4.000,   2022.000       
# span 3 =      3.979,   2001.220       
# span 4 =     3.6097,    29.5172       
# span 5 =     3.6093,    29.5170       
# span 6 =   3.304845,   5.678572       
# span 7 =   3.304966,   5.678932       
# span 8 =     0.9904,     2.6509       
# span 9 =     1.1758,     3.3494       
# span 10 =   -0.05153,    0.01487      
# span 11 =   -0.06848,    0.02078      
# span 12 =    87.9076,    89.8957      
# span 13 =     0.0369,     0.8512      
# span 14 =     0.0137,     0.2381      
# span 15 =     63.375,    233.923      
# span 16 =     63.842,    236.989      
# span 17 =    34.2669,    36.5037      
# span 18 =    34.2674,    36.4942      
# span 19 =    21.3455,    27.8141      
# span 20 =    21.3462,    27.8157      
# span 21 =    1482.73,    1544.09      
# span 22 =    1482.73,    1544.09      
# span 23 =         13,        117      
# span 24 = 0.0000e+00, 0.0000e+00      
# interval = decibars: 1                
# start_time = Mar 11 2019 06:19:27 [System UTC, first data scan.]
# bad_flag = -9.990e-29
*END*
[from data line 1218]
      38185  70.281921   1222.000   1211.732     4.5673     4.5667   3.342964   3.343069     1.4923     1.8481    0.00040    0.00070    89.8127     0.0543     0.0281    165.994    167.854    34.7951    34.7970    27.5732    27.5747    1488.85    1488.85         26 0.0000e+00
      38221  70.281937   1223.000   1212.718     4.5648     4.5652   3.343041   3.343103     1.4958     1.8523    0.00107    0.00145    89.8136     0.0551     0.0271    166.601    168.405    34.7981    34.7984    27.5758    27.5760    1488.86    1488.86         50 0.0000e+00
      38271  70.281960   1224.000   1213.698     4.5621     4.5624   3.343022   3.343118     1.4994     1.8564    0.00232    0.00270    89.8137     0.0572     0.0323    167.228    168.954    34.8002    34.8010    27.5778    27.5784    1488.87    1488.87         40 0.0000e+00
      38303  70.281982   1225.000   1214.689     4.5578     4.5573   3.342847   3.342942     1.5014     1.8585    0.00203    0.00244    89.8137     0.0592     0.0314    167.599    169.270    34.8021    34.8038    27.5798    27.5812    1488.87    1488.87         27 0.0000e+00
      38327  70.281990   1226.000   1215.677     4.5518     4.5513   3.342575   3.342675     1.5029     1.8609    0.00145    0.00166    89.8137     0.0467     0.0298    167.904    169.618    34.8048    34.8064    27.5825    27.5839    1488.86    1488.86         22 0.0000e+00
      38347  70.281998   1227.000   1216.663     4.5503     4.5498   3.342558   3.342653     1.5041     1.8627    0.00158    0.00149    89.8137     0.0537     0.0286    168.139    169.881    34.8057    34.8073    27.5834    27.5848    1488.88    1488.88         18 0.0000e+00
      38364  70.282005   1228.000   1217.655     4.5495     4.5490   3.342578   3.342674     1.5049     1.8648    0.00147    0.00167    89.8137     0.0530     0.0309    168.297    170.172    34.8062    34.8079    27.5840    27.5853    1488.89    1488.89         17 0.0000e+00
      38380  70.282013   1229.000   1218.643     4.5481     4.5476   3.342563   3.342669     1.5064     1.8660    0.00146    0.00221    89.8137     0.0548     0.0310    168.565    170.344    34.8070    34.8088    27.5848    27.5862    1488.90    1488.90         15 0.0000e+00
      38396  70.282021   1230.000   1219.638     4.5454     4.5450   3.342601   3.342697     1.5071     1.8676    0.00163    0.00243    89.8137     0.0557     0.0324    168.711    170.576    34.8097    34.8113    27.5872    27.5885    1488.91    1488.91         16 0.0000e+00
      38411  70.282028   1231.000   1220.625     4.5444     4.5438   3.342634   3.342728     1.5080     1.8689    0.00142    0.00241    89.8137     0.0543     0.0312    168.892    170.774    34.8107    34.8124    27.5881    27.5895    1488.92    1488.92         15 0.0000e+00
      38427  70.282036   1232.000   1221.621     4.5439     4.5434   3.342684   3.342783     1.5092     1.8706    0.00134    0.00247    89.8137     0.0614     0.0298    169.121    171.007    34.8113    34.8129    27.5887    27.5900    1488.94    1488.94         17 0.0000e+00
      38446  70.282043   1233.000   1222.608     4.5417     4.5410   3.342715   3.342811     1.5111     1.8726    0.00159    0.00221    89.8137     0.0627     0.0298    169.457    171.301    34.8135    34.8152    27.5906    27.5921    1488.95    1488.95         22 0.0000e+00
      38473  70.282059   1234.000   1223.596     4.5380     4.5373   3.342684   3.342775     1.5137     1.8763    0.00152    0.00226    89.8137     0.0617     0.0280    169.940    171.798    34.8165    34.8182    27.5934    27.5949    1488.95    1488.95         32 0.0000e+00
      38509  70.282074   1235.000   1224.577     4.5349     4.5345   3.342743   3.342842     1.5177     1.8812    0.00217    0.00273    89.8137     0.0583     0.0280    170.633    172.464    34.8198    34.8215    27.5965    27.5978    1488.96    1488.96         39 0.0000e+00
      38546  70.282097   1236.000   1225.568     4.5332     4.5329   3.342768   3.342880     1.5211     1.8853    0.00259    0.00338    89.8137     0.0517     0.0267    171.236    173.008    34.8214    34.8230    27.5979    27.5992    1488.97    1488.98         35 0.0000e+00
      38580  70.282112   1237.000   1226.554     4.5322     4.5317   3.342846   3.342942     1.5236     1.8886    0.00239    0.00286    89.8137     0.0566     0.0277    171.677    173.449    34.8228    34.8246    27.5992    27.6006    1488.99    1488.99         32 0.0000e+00
      38609  70.282127   1238.000   1227.542     4.5301     4.5296   3.342804   3.342879     1.5251     1.8908    0.00218    0.00258    89.8137     0.0598     0.0297    171.967    173.761    34.8240    34.8254    27.6003    27.6015    1489.00    1489.00         26 0.0000e+00
      38633  70.282135   1239.000   1228.529     4.5214     4.5208   3.342049   3.342103     1.5267     1.8931    0.00179    0.00237    89.8137     0.0545     0.0322    172.294    174.117    34.8239    34.8251    27.6012    27.6022    1488.98    1488.98         22 0.0000e+00
      38653  70.282150   1240.000   1229.516     4.5154     4.5148   3.341587   3.341659     1.5279     1.8947    0.00153    0.00210    89.8137     0.0570     0.0298    172.537    174.379    34.8243    34.8258    27.6022    27.6034    1488.97    1488.97         19 0.0000e+00
      38671  70.282158   1241.000   1230.506     4.5106     4.5101   3.341246   3.341316     1.5293     1.8967    0.00126    0.00182    89.8137     0.0616     0.0264    172.823    174.678    34.8248    34.8262    27.6031    27.6042    1488.97    1488.97         16 0.0000e+00
      38686  70.282166   1242.000   1231.499     4.5031     4.5026   3.340632   3.340705     1.5306     1.8983    0.00137    0.00211    89.8137     0.0604     0.0244    173.098    174.930    34.8250    34.8263    27.6041    27.6052    1488.96    1488.95         16 0.0000e+00
      38702  70.282173   1243.000   1232.492     4.5018     4.5013   3.340575   3.340677     1.5320     1.9003    0.00150    0.00219    89.8137     0.0588     0.0279    173.353    175.215    34.8252    34.8269    27.6044    27.6058    1488.97    1488.97         15 0.0000e+00
      38718  70.282181   1244.000   1233.478     4.5012     4.5007   3.340575   3.340658     1.5332     1.9022    0.00156    0.00223    89.8137     0.0538     0.0294    173.588    175.488    34.8253    34.8268    27.6046    27.6058    1488.98    1488.98         18 0.0000e+00
      38737  70.282188   1245.000   1234.475     4.5003     4.4998   3.340525   3.340608     1.5345     1.9041    0.00191    0.00253    89.8137     0.0538     0.0295    173.830    175.755    34.8251    34.8267    27.6045    27.6058    1488.99    1488.99         20 0.0000e+00
      38760  70.282196   1246.000   1235.457     4.4984     4.4978   3.340387   3.340487     1.5362     1.9059    0.00201    0.00277    89.8137     0.0539     0.0313    174.147    176.022    34.8251    34.8268    27.6047    27.6061    1489.00    1489.00         25 0.0000e+00
      38786  70.282211   1247.000   1236.441     4.4986     4.4981   3.340524   3.340621     1.5377     1.9075    0.00185    0.00269    89.8137     0.0537     0.0320    174.415    176.245    34.8260    34.8276    27.6054    27.6067    1489.02    1489.02         27 0.0000e+00
      38818  70.282227   1248.000   1237.436     4.4998     4.4994   3.340747   3.340860     1.5392     1.9098    0.00171    0.00199    89.8137     0.0581     0.0321    174.692    176.556    34.8268    34.8286    27.6059    27.6074    1489.04    1489.04         39 0.0000e+00
      38860  70.282249   1249.000   1238.417     4.4992     4.4988   3.340768   3.340867     1.5405     1.9118    0.00123    0.00170    89.8137     0.0537     0.0311    174.929    176.834    34.8272    34.8288    27.6063    27.6076    1489.06    1489.06         40 0.0000e+00
      38893  70.282265   1250.000   1239.404     4.4961     4.4956   3.340539   3.340642     1.5411     1.9132    0.00093    0.00137    89.8137     0.0539     0.0312    175.076    177.049    34.8273    34.8290    27.6067    27.6081    1489.06    1489.06         27 0.0000e+00
      38917  70.282272   1251.000   1240.392     4.4981     4.4975   3.340837   3.340954     1.5416     1.9145    0.00066    0.00099    89.8137     0.0489     0.0296    175.167    177.221    34.8282    34.8301    27.6072    27.6088    1489.09    1489.09         22 0.0000e+00
      38937  70.282288   1252.000   1241.382     4.5028     4.5024   3.341425   3.341578     1.5420     1.9151    0.00046    0.00089    89.8137     0.0476     0.0303    175.241    177.298    34.8296    34.8318    27.6079    27.6097    1489.13    1489.13         19 0.0000e+00
      38955  70.282295   1253.000   1242.371     4.5104     4.5101   3.342458   3.342643     1.5423     1.9152    0.00056    0.00121    89.8137     0.0538     0.0273    175.265    177.292    34.8331    34.8356    27.6099    27.6119    1489.18    1489.18         17 0.0000e+00
      38973  70.282303   1254.000   1243.367     4.5160     4.5153   3.343183   3.343308     1.5429     1.9159    0.00045    0.00126    89.8137     0.0603     0.0256    175.364    177.375    34.8353    34.8375    27.6110    27.6128    1489.22    1489.22         18 0.0000e+00
      38991  70.282310   1255.000   1244.353     4.5199     4.5194   3.343710   3.343825     1.5434     1.9167    0.00046    0.00088    89.8137     0.0572     0.0290    175.438    177.478    34.8368    34.8387    27.6118    27.6133    1489.26    1489.26         19 0.0000e+00
      39011  70.282318   1256.000   1245.341     4.5212     4.5208   3.343934   3.344074     1.5437     1.9174    0.00047    0.00042    89.8137     0.0547     0.0333    175.519    177.585    34.8376    34.8396    27.6123    27.6139    1489.28    1489.28         20 0.0000e+00
      39031  70.282326   1257.000   1246.328     4.5229     4.5225   3.344325   3.344443     1.5443     1.9178    0.00067    0.00073    89.8137     0.0553     0.0326    175.630    177.651    34.8399    34.8417    27.6139    27.6154    1489.31    1489.31         21 0.0000e+00
      39052  70.282341   1258.000   1247.315     4.5227     4.5221   3.344364   3.344471     1.5446     1.9181    0.00067    0.00102    89.8137     0.0532     0.0328    175.691    177.718    34.8401    34.8419    27.6141    27.6156    1489.32    1489.32         20 0.0000e+00
      39072  70.282349   1259.000   1248.309     4.5209     4.5203   3.344284   3.344384     1.5445     1.9189    0.00050    0.00071    89.8137     0.0583     0.0338    175.718    177.841    34.8405    34.8422    27.6147    27.6161    1489.33    1489.33         22 0.0000e+00
      39096  70.282364   1260.000   1249.300     4.5190     4.5184   3.344262   3.344358     1.5448     1.9191    0.00050    0.00058    89.8179     0.0612     0.0329    175.798    177.901    34.8417    34.8434    27.6158    27.6172    1489.34    1489.34         28 0.0000e+00
      39130  70.282379   1261.000   1250.283     4.5172     4.5166   3.344268   3.344368     1.5459     1.9198    0.00015    0.00058    89.8321     0.0606     0.0332    176.002    178.022    34.8432    34.8449    27.6172    27.6186    1489.35    1489.35         38 0.0000e+00
      39167  70.282394   1262.000   1251.268     4.5153     4.5149   3.344223   3.344327     1.5474     1.9217    0.00040    0.00025    89.8343     0.0481     0.0260    176.292    178.289    34.8441    34.8458    27.6182    27.6195    1489.36    1489.36         32 0.0000e+00
      39195  70.282410   1263.000   1252.257     4.5137     4.5131   3.344193   3.344297     1.5480     1.9235    0.00090    0.00072    89.8351     0.0603     0.0214    176.415    178.560    34.8450    34.8468    27.6191    27.6205    1489.37    1489.37         25 0.0000e+00
      39218  70.282417   1264.000   1253.244     4.5110     4.5105   3.344183   3.344290     1.5488     1.9245    0.00104    0.00123    89.8372     0.0607     0.0224    176.595    178.711    34.8472    34.8489    27.6210    27.6225    1489.38    1489.38         22 0.0000e+00
      39239  70.282433   1265.000   1254.233     4.5087     4.5082   3.344223   3.344329     1.5499     1.9249    0.00069    0.00160    89.8371     0.0440     0.0249    176.805    178.798    34.8495    34.8513    27.6232    27.6247    1489.39    1489.39         20 0.0000e+00
      39258  70.282440   1266.000   1255.225     4.5051     4.5046   3.344283   3.344380     1.5511     1.9266    0.00058    0.00148    89.8371     0.0516     0.0289    177.048    179.052    34.8535    34.8551    27.6268    27.6281    1489.40    1489.40         19 0.0000e+00
      39278  70.282448   1267.000   1256.217     4.5036     4.5031   3.344291   3.344387     1.5526     1.9288    0.00090    0.00082    89.8371     0.0488     0.0321    177.326    179.363    34.8547    34.8563    27.6279    27.6292    1489.41    1489.41         20 0.0000e+00
      39298  70.282455   1268.000   1257.202     4.5025     4.5019   3.344271   3.344366     1.5544     1.9314    0.00115    0.00076    89.8337     0.0470     0.0331    177.650    179.721    34.8551    34.8568    27.6283    27.6297    1489.42    1489.42         21 0.0000e+00
      39320  70.282471   1269.000   1258.192     4.5010     4.5004   3.344252   3.344354     1.5567     1.9339    0.00144    0.00190    89.8286     0.0533     0.0328    178.068    180.069    34.8560    34.8577    27.6292    27.6306    1489.44    1489.44         22 0.0000e+00
      39341  70.282478   1270.000   1259.179     4.5004     4.4999   3.344260   3.344360     1.5585     1.9367    0.00188    0.00270    89.8318     0.0542     0.0281    178.401    180.449    34.8561    34.8579    27.6294    27.6308    1489.45    1489.45         22 0.0000e+00
      39363  70.282486   1271.000   1260.167     4.4999     4.4993   3.344294   3.344394     1.5598     1.9390    0.00224    0.00295    89.8237     0.0471     0.0258    178.638    180.770    34.8566    34.8583    27.6298    27.6313    1489.47    1489.46         21 0.0000e+00
      39385  70.282501   1272.000   1261.157     4.4990     4.4984   3.344310   3.344407     1.5610     1.9404    0.00236    0.00300    89.8208     0.0457     0.0273    178.872    180.982    34.8572    34.8589    27.6304    27.6318    1489.48    1489.48         23 0.0000e+00
      39408  70.282509   1273.000   1262.147     4.4987     4.4982   3.344330   3.344432     1.5622     1.9421    0.00190    0.00282    89.8336     0.0536     0.0288    179.100    181.216    34.8573    34.8590    27.6305    27.6319    1489.49    1489.49         24 0.0000e+00
      39434  70.282524   1274.000   1263.135     4.4985     4.4980   3.344364   3.344465     1.5632     1.9435    0.00133    0.00211    89.8371     0.0638     0.0296    179.290    181.427    34.8574    34.8591    27.6306    27.6320    1489.51    1489.51         27 0.0000e+00
      39463  70.282539   1275.000   1264.122     4.4980     4.4975   3.344407   3.344507     1.5639     1.9442    0.00127    0.00173    89.8371     0.0534     0.0267    179.426    181.538    34.8579    34.8596    27.6311    27.6325    1489.53    1489.53         30 0.0000e+00
      39493  70.282555   1276.000   1265.110     4.4973     4.4969   3.344468   3.344568     1.5648     1.9448    0.00092    0.00120    89.8371     0.0479     0.0273    179.605    181.637    34.8588    34.8605    27.6319    27.6333    1489.54    1489.54         31 0.0000e+00
      39524  70.282570   1277.000   1266.096     4.4968     4.4963   3.344511   3.344611     1.5653     1.9458    0.00061    0.00062    89.8371     0.0453     0.0283    179.718    181.792    34.8594    34.8611    27.6325    27.6339    1489.56    1489.56         29 0.0000e+00
      39549  70.282578   1278.000   1267.081     4.4960     4.4955   3.344587   3.344696     1.5658     1.9466    0.00069    0.00043    89.8371     0.0580     0.0254    179.822    181.921    34.8606    34.8624    27.6335    27.6350    1489.57    1489.57         23 0.0000e+00
