data/CTD/cnv/dfr29005.cnv
* Sea-Bird SBE 9 Data File:
* FileName = C:\SEASOFT\PIRATA-FR29\data\fr29005.hex
* Software Version Seasave V 7.26.7.107
* Temperature SN = 6083
* Conductivity SN = 4509
* Number of Bytes Per Scan = 42
* Number of Voltage Words = 3
* Number of Scans Averaged by the Deck Unit = 1
* NMEA Latitude = 00 00.04 N
* NMEA Longitude = 006 00.04 W
* NMEA UTC (Time) = Mar 08 2019 17:09:40
** Cruise: PIRATA-FR29
** Ship: THALASSA
** Station: 5
** Bottom Depth: 5012
** Barometric pressure : 1006.6
** Temp Air: 29.2
** Operator: PS/MG
** Comments:
# nquan = 25
# nvalues = 4059                        
# units = specified
# name 0 = scan: Scan Count
# name 1 = timeJ: Julian Days
# name 2 = prDM: Pressure, Digiquartz [db]
# name 3 = depSM: Depth [salt water, m]
# name 4 = t090C: Temperature [ITS-90, deg C]
# name 5 = t190C: Temperature, 2 [ITS-90, deg C]
# name 6 = c0S/m: Conductivity [S/m]
# name 7 = c1S/m: Conductivity, 2 [S/m]
# name 8 = sbeox0V: Oxygen raw, SBE 43 [V]
# name 9 = sbeox1V: Oxygen raw, SBE 43, 2 [V]
# name 10 = sbox0dV/dT: Oxygen, SBE 43 [dov/dt]
# name 11 = sbox1dV/dT: Oxygen, SBE 43, 2 [dov/dt]
# name 12 = CStarTr0: Beam Transmission, WET Labs C-Star [%]
# name 13 = flECO-AFL: Fluorescence, WET Labs ECO-AFL/FL [mg/m^3]
# name 14 = flC: Fluorescence, Chelsea Aqua 3 Chl Con [ug/l]
# name 15 = sbox0Mm/Kg: Oxygen, SBE 43 [umol/kg], WS = 2
# name 16 = sbox1Mm/Kg: Oxygen, SBE 43, 2 [umol/kg], WS = 2
# name 17 = sal00: Salinity, Practical [PSU]
# name 18 = sal11: Salinity, Practical, 2 [PSU]
# name 19 = sigma-é00: Density [sigma-theta, kg/m^3]
# name 20 = sigma-é11: Density, 2 [sigma-theta, kg/m^3]
# name 21 = svCM: Sound Velocity [Chen-Millero, m/s]
# name 22 = svCM1: Sound Velocity, 2 [Chen-Millero, m/s]
# name 23 = nbin: number of scans per bin
# name 24 = flag: flag
# span 0 =        705,     103422       
# span 1 =  67.715386,  67.764921       
# span 2 =      4.000,   4062.000       
# span 3 =      3.982,   4001.410       
# span 4 =     2.3243,    29.8968       
# span 5 =     2.3243,    29.8963       
# span 6 =   3.245636,   5.802946       
# span 7 =   3.245787,   5.803026       
# span 8 =     1.1215,     2.6672       
# span 9 =     1.3421,     3.3726       
# span 10 =   -0.02921,    0.01248      
# span 11 =   -0.03854,    0.01630      
# span 12 =    87.0048,    90.0502      
# span 13 =     0.0367,     1.4205      
# span 14 =     0.0033,     0.4118      
# span 15 =     77.199,    235.126      
# span 16 =     77.161,    238.267      
# span 17 =    34.4956,    36.5537      
# span 18 =    34.4968,    36.5526      
# span 19 =    21.6506,    27.8792      
# span 20 =    21.6515,    27.8808      
# span 21 =    1483.13,    1545.33      
# span 22 =    1483.13,    1545.33      
# span 23 =         15,        148      
# span 24 = 0.0000e+00, 0.0000e+00      
# interval = decibars: 1                
# start_time = Mar 08 2019 17:09:40 [System UTC, first data scan.]
# bad_flag = -9.990e-29
*END*
[from data line 3943]
     100239  67.763390   3947.000   3889.134     2.3482     2.3483   3.258807   3.258974     1.3932     1.7260   -0.00003   -0.00020    90.0210     0.0470     0.0215    226.858    231.211    34.8846    34.8865    27.8784    27.8800    1525.75    1525.75         18 0.0000e+00
     100258  67.763397   3948.000   3890.109     2.3484     2.3484   3.258849   3.259013     1.3930     1.7258   -0.00016   -0.00010    90.0167     0.0503     0.0264    226.824    231.205    34.8846    34.8865    27.8784    27.8800    1525.77    1525.77         20 0.0000e+00
     100279  67.763405   3949.000   3891.092     2.3484     2.3484   3.258886   3.259048     1.3929     1.7256   -0.00007    0.00008    90.0190     0.0445     0.0227    226.828    231.205    34.8846    34.8865    27.8784    27.8800    1525.78    1525.79         24 0.0000e+00
     100308  67.763420   3950.000   3892.068     2.3483     2.3483   3.258910   3.259073     1.3925     1.7252   -0.00009   -0.00006    90.0194     0.0413     0.0155    226.777    231.156    34.8845    34.8865    27.8784    27.8800    1525.80    1525.80         37 0.0000e+00
     100359  67.763443   3951.000   3893.036     2.3485     2.3486   3.258949   3.259120     1.3921     1.7251   -0.00026   -0.00024    90.0253     0.0419     0.0166    226.700    231.156    34.8844    34.8864    27.8783    27.8799    1525.82    1525.82         54 0.0000e+00
     100397  67.763466   3952.000   3894.006     2.3486     2.3485   3.259004   3.259163     1.3920     1.7248   -0.00007    0.00001    90.0249     0.0522     0.0182    226.699    231.133    34.8845    34.8865    27.8784    27.8800    1525.84    1525.84         27 0.0000e+00
     100420  67.763474   3953.000   3894.987     2.3484     2.3483   3.259020   3.259170     1.3920     1.7248   -0.00017   -0.00012    90.0249     0.0538     0.0187    226.735    231.169    34.8845    34.8864    27.8784    27.8799    1525.85    1525.85         20 0.0000e+00
     100439  67.763481   3954.000   3895.966     2.3482     2.3482   3.259032   3.259200     1.3920     1.7248   -0.00003    0.00009    90.0249     0.0452     0.0199    226.769    231.203    34.8844    34.8865    27.8783    27.8800    1525.87    1525.87         18 0.0000e+00
     100457  67.763489   3955.000   3896.944     2.3479     2.3479   3.259049   3.259203     1.3920     1.7249   -0.00008   -0.00017    90.0249     0.0457     0.0206    226.802    231.251    34.8846    34.8864    27.8785    27.8799    1525.89    1525.89         18 0.0000e+00
     100475  67.763496   3956.000   3897.919     2.3478     2.3478   3.259069   3.259222     1.3920     1.7245    0.00004   -0.00027    90.0249     0.0495     0.0213    226.835    231.202    34.8845    34.8863    27.8785    27.8799    1525.90    1525.90         18 0.0000e+00
     100493  67.763512   3957.000   3898.902     2.3479     2.3479   3.259108   3.259266     1.3921     1.7243    0.00002    0.00004    90.0249     0.0502     0.0223    226.865    231.200    34.8844    34.8863    27.8784    27.8799    1525.92    1525.92         19 0.0000e+00
     100512  67.763519   3958.000   3899.878     2.3474     2.3474   3.259102   3.259258     1.3921     1.7236   -0.00008   -0.00001    90.0249     0.0438     0.0218    226.901    231.098    34.8845    34.8863    27.8785    27.8800    1525.93    1525.94         20 0.0000e+00
     100534  67.763527   3959.000   3900.851     2.3473     2.3473   3.259135   3.259292     1.3921     1.7236   -0.00006   -0.00030    90.0249     0.0509     0.0206    226.932    231.126    34.8845    34.8864    27.8785    27.8800    1525.95    1525.95         24 0.0000e+00
     100565  67.763542   3960.000   3901.833     2.3474     2.3474   3.259171   3.259329     1.3913     1.7236   -0.00013   -0.00054    90.0249     0.0568     0.0170    226.765    231.148    34.8844    34.8863    27.8785    27.8800    1525.97    1525.97         40 0.0000e+00
     100606  67.763565   3961.000   3902.798     2.3472     2.3470   3.259183   3.259327     1.3914     1.7234   -0.00031   -0.00004    90.0242     0.0519     0.0145    226.819    231.140    34.8844    34.8863    27.8785    27.8800    1525.99    1525.99         35 0.0000e+00
     100635  67.763580   3962.000   3903.776     2.3472     2.3472   3.259213   3.259372     1.3911     1.7233   -0.00016   -0.00004    90.0058     0.0466     0.0164    226.786    231.146    34.8843    34.8863    27.8784    27.8800    1526.00    1526.00         26 0.0000e+00
     100660  67.763588   3963.000   3904.755     2.3471     2.3470   3.259242   3.259394     1.3909     1.7227    0.00009   -0.00015    90.0249     0.0505     0.0190    226.745    231.065    34.8843    34.8863    27.8784    27.8800    1526.02    1526.02         24 0.0000e+00
     100683  67.763603   3964.000   3905.731     2.3471     2.3470   3.259272   3.259436     1.3909     1.7225   -0.00024   -0.00009    90.0260     0.0530     0.0173    226.778    231.054    34.8843    34.8864    27.8785    27.8801    1526.04    1526.04         22 0.0000e+00
     100704  67.763611   3965.000   3906.708     2.3471     2.3471   3.259310   3.259469     1.3909     1.7225   -0.00003   -0.00014    90.0158     0.0495     0.0170    226.811    231.086    34.8843    34.8863    27.8785    27.8800    1526.05    1526.06         21 0.0000e+00
     100725  67.763618   3966.000   3907.683     2.3472     2.3472   3.259353   3.259511     1.3909     1.7225   -0.00010   -0.00026    90.0072     0.0444     0.0143    226.842    231.117    34.8844    34.8863    27.8785    27.8800    1526.07    1526.07         20 0.0000e+00
     100745  67.763634   3967.000   3908.664     2.3470     2.3469   3.259375   3.259530     1.3909     1.7225   -0.00007   -0.00023    90.0248     0.0452     0.0104    226.875    231.152    34.8844    34.8863    27.8785    27.8801    1526.09    1526.09         21 0.0000e+00
     100766  67.763641   3968.000   3909.639     2.3465     2.3465   3.259360   3.259527     1.3906     1.7223   -0.00001   -0.00023    90.0216     0.0434     0.0119    226.819    231.152    34.8843    34.8863    27.8785    27.8801    1526.10    1526.11         21 0.0000e+00
     100789  67.763649   3969.000   3910.617     2.3462     2.3463   3.259375   3.259533     1.3902     1.7223   -0.00012   -0.00003    90.0249     0.0480     0.0129    226.751    231.173    34.8844    34.8862    27.8786    27.8801    1526.12    1526.12         25 0.0000e+00
     100816  67.763664   3970.000   3911.594     2.3462     2.3462   3.259407   3.259563     1.3900     1.7219   -0.00011   -0.00008    90.0249     0.0529     0.0119    226.744    231.130    34.8844    34.8862    27.8786    27.8801    1526.14    1526.14         29 0.0000e+00
     100848  67.763680   3971.000   3912.568     2.3461     2.3462   3.259430   3.259603     1.3898     1.7214   -0.00042   -0.00020    90.0249     0.0522     0.0131    226.720    231.066    34.8843    34.8863    27.8786    27.8802    1526.15    1526.16         34 0.0000e+00
     100881  67.763695   3972.000   3913.539     2.3463     2.3463   3.259480   3.259635     1.3897     1.7213   -0.00011   -0.00034    90.0249     0.0524     0.0101    226.719    231.077    34.8842    34.8862    27.8785    27.8801    1526.17    1526.17         30 0.0000e+00
     100907  67.763710   3973.000   3914.517     2.3465     2.3464   3.259536   3.259683     1.3897     1.7213    0.00003   -0.00027    90.0249     0.0444     0.0065    226.752    231.111    34.8843    34.8862    27.8786    27.8801    1526.19    1526.19         24 0.0000e+00
     100929  67.763718   3974.000   3915.496     2.3466     2.3466   3.259570   3.259735     1.3897     1.7213   -0.00015   -0.00001    90.0249     0.0443     0.0071    226.784    231.142    34.8842    34.8862    27.8785    27.8801    1526.21    1526.21         22 0.0000e+00
     100951  67.763733   3975.000   3916.473     2.3466     2.3466   3.259610   3.259766     1.3897     1.7211   -0.00010   -0.00010    90.0249     0.0435     0.0082    226.817    231.133    34.8843    34.8862    27.8786    27.8801    1526.22    1526.23         21 0.0000e+00
     100973  67.763741   3976.000   3917.454     2.3464     2.3463   3.259614   3.259772     1.3897     1.7208    0.00008   -0.00007    90.0249     0.0507     0.0090    226.850    231.098    34.8842    34.8861    27.8785    27.8800    1526.24    1526.24         24 0.0000e+00
     101000  67.763756   3977.000   3918.427     2.3460     2.3461   3.259628   3.259785     1.3892     1.7207   -0.00004   -0.00017    90.0249     0.0473     0.0105    226.746    231.122    34.8843    34.8861    27.8786    27.8801    1526.26    1526.26         28 0.0000e+00
     101028  67.763771   3978.000   3919.401     2.3460     2.3461   3.259656   3.259822     1.3895     1.7204   -0.00011   -0.00025    90.0249     0.0436     0.0088    226.851    231.084    34.8843    34.8862    27.8786    27.8801    1526.27    1526.28         28 0.0000e+00
     101054  67.763779   3979.000   3920.375     2.3460     2.3460   3.259684   3.259847     1.3890     1.7204   -0.00027   -0.00006    90.0249     0.0447     0.0055    226.760    231.116    34.8842    34.8861    27.8786    27.8801    1526.29    1526.29         24 0.0000e+00
     101077  67.763794   3980.000   3921.353     2.3460     2.3458   3.259726   3.259874     1.3890     1.7202    0.00000   -0.00026    90.0249     0.0442     0.0077    226.793    231.100    34.8843    34.8862    27.8786    27.8802    1526.31    1526.31         22 0.0000e+00
     101098  67.763802   3981.000   3922.329     2.3458     2.3457   3.259742   3.259881     1.3890     1.7202   -0.00012   -0.00008    90.0249     0.0439     0.0080    226.817    231.135    34.8842    34.8860    27.8786    27.8800    1526.32    1526.33         21 0.0000e+00
     101119  67.763809   3982.000   3923.310     2.3457     2.3456   3.259763   3.259920     1.3887     1.7202   -0.00016   -0.00008    90.0249     0.0433     0.0073    226.773    231.166    34.8842    34.8862    27.8786    27.8802    1526.34    1526.34         21 0.0000e+00
     101140  67.763824   3983.000   3924.283     2.3449     2.3449   3.259721   3.259880     1.3887     1.7202   -0.00015   -0.00014    90.0249     0.0523     0.0065    226.795    231.206    34.8841    34.8860    27.8786    27.8801    1526.35    1526.36         21 0.0000e+00
     101162  67.763832   3984.000   3925.264     2.3448     2.3448   3.259751   3.259916     1.3886     1.7201   -0.00014   -0.00009    90.0249     0.0446     0.0080    226.797    231.208    34.8841    34.8861    27.8786    27.8802    1526.37    1526.37         23 0.0000e+00
     101188  67.763847   3985.000   3926.243     2.3444     2.3444   3.259741   3.259899     1.3884     1.7195   -0.00016   -0.00008    90.0249     0.0439     0.0080    226.784    231.142    34.8840    34.8859    27.8786    27.8801    1526.39    1526.39         32 0.0000e+00
     101230  67.763863   3986.000   3927.212     2.3436     2.3436   3.259686   3.259849     1.3882     1.7196   -0.00007   -0.00014    90.0249     0.0442     0.0094    226.781    231.189    34.8838    34.8858    27.8785    27.8801    1526.40    1526.40         46 0.0000e+00
     101267  67.763885   3987.000   3928.182     2.3431     2.3430   3.259683   3.259838     1.3879     1.7191   -0.00035   -0.00022    90.0249     0.0447     0.0083    226.739    231.126    34.8839    34.8859    27.8786    27.8802    1526.42    1526.42         27 0.0000e+00
     101290  67.763893   3988.000   3929.165     2.3428     2.3427   3.259686   3.259839     1.3877     1.7190    0.00009    0.00006    90.0249     0.0498     0.0064    226.723    231.145    34.8838    34.8858    27.8786    27.8802    1526.43    1526.43         22 0.0000e+00
     101311  67.763901   3989.000   3930.140     2.3415     2.3415   3.259611   3.259768     1.3879     1.7190   -0.00007    0.00012    90.0249     0.0512     0.0045    226.801    231.187    34.8838    34.8857    27.8787    27.8802    1526.44    1526.45         21 0.0000e+00
     101332  67.763916   3990.000   3931.113     2.3407     2.3407   3.259557   3.259724     1.3876     1.7191   -0.00024   -0.00018    90.0249     0.0514     0.0053    226.763    231.225    34.8836    34.8856    27.8786    27.8802    1526.46    1526.46         21 0.0000e+00
     101352  67.763924   3991.000   3932.100     2.3398     2.3398   3.259525   3.259680     1.3874     1.7190   -0.00013   -0.00038    90.0249     0.0521     0.0039    226.737    231.251    34.8837    34.8856    27.8788    27.8803    1526.47    1526.47         19 0.0000e+00
     101372  67.763931   3992.000   3933.071     2.3398     2.3397   3.259545   3.259698     1.3874     1.7188   -0.00010   -0.00017    90.0249     0.0442     0.0068    226.771    231.248    34.8836    34.8855    27.8787    27.8802    1526.49    1526.49         20 0.0000e+00
     101392  67.763939   3993.000   3934.049     2.3395     2.3396   3.259565   3.259722     1.3874     1.7185   -0.00019   -0.00005    90.0249     0.0434     0.0038    226.804    231.226    34.8837    34.8855    27.8788    27.8803    1526.50    1526.51         21 0.0000e+00
     101413  67.763954   3994.000   3935.025     2.3395     2.3396   3.259589   3.259754     1.3874     1.7184   -0.00003   -0.00006    90.0249     0.0444     0.0033    226.837    231.224    34.8836    34.8855    27.8788    27.8803    1526.52    1526.52         21 0.0000e+00
     101435  67.763962   3995.000   3936.004     2.3396     2.3396   3.259631   3.259791     1.3874     1.7179   -0.00014   -0.00021    90.0249     0.0450     0.0042    226.868    231.151    34.8836    34.8855    27.8787    27.8803    1526.54    1526.54         24 0.0000e+00
     101462  67.763977   3996.000   3936.981     2.3396     2.3396   3.259668   3.259827     1.3871     1.7179   -0.00003   -0.00030    90.0249     0.0492     0.0107    226.830    231.184    34.8837    34.8855    27.8788    27.8803    1526.55    1526.56         31 0.0000e+00
     101497  67.763992   3997.000   3937.952     2.3396     2.3396   3.259700   3.259860     1.3870     1.7179    0.00001   -0.00035    90.0249     0.0447     0.0134    226.830    231.220    34.8836    34.8855    27.8787    27.8803    1526.57    1526.57         37 0.0000e+00
     101532  67.764008   3998.000   3938.927     2.3396     2.3396   3.259733   3.259888     1.3867     1.7179   -0.00022   -0.00012    90.0249     0.0516     0.0106    226.764    231.253    34.8836    34.8854    27.8787    27.8802    1526.59    1526.59         32 0.0000e+00
     101561  67.764023   3999.000   3939.903     2.3391     2.3391   3.259723   3.259884     1.3870     1.7172   -0.00018   -0.00000    90.0249     0.0513     0.0120    226.874    231.147    34.8835    34.8855    27.8788    27.8803    1526.60    1526.61         27 0.0000e+00
     101586  67.764038   4000.000   3940.878     2.3382     2.3382   3.259672   3.259838     1.3864     1.7173   -0.00024    0.00002    90.0249     0.0433     0.0095    226.775    231.201    34.8834    34.8855    27.8788    27.8804    1526.62    1526.62         23 0.0000e+00
     101608  67.764046   4001.000   3941.858     2.3376     2.3376   3.259645   3.259803     1.3868     1.7171    0.00006   -0.00023    90.0249     0.0371     0.0087    226.897    231.203    34.8834    34.8853    27.8788    27.8803    1526.63    1526.63         21 0.0000e+00
     101629  67.764053   4002.000   3942.834     2.3370     2.3370   3.259626   3.259788     1.3865     1.7169    0.00008   -0.00028    90.0249     0.0403     0.0093    226.853    231.204    34.8834    34.8853    27.8788    27.8804    1526.65    1526.65         21 0.0000e+00
     101651  67.764069   4003.000   3943.811     2.3370     2.3370   3.259663   3.259828     1.3865     1.7168   -0.00018   -0.00010    90.0249     0.0433     0.0101    226.882    231.201    34.8834    34.8853    27.8788    27.8804    1526.66    1526.67         23 0.0000e+00
