data/CTD/cnv/dfr29003.cnv
* Sea-Bird SBE 9 Data File:
* FileName = C:\SEASOFT\PIRATA-FR29\data\fr29003.hex
* Software Version Seasave V 7.26.7.107
* Temperature SN = 6083
* Conductivity SN = 4509
* Number of Bytes Per Scan = 42
* Number of Voltage Words = 3
* Number of Scans Averaged by the Deck Unit = 1
* NMEA Latitude = 00 00.63 N
* NMEA Longitude = 009 51.00 W
* NMEA UTC (Time) = Mar 06 2019 22:00:42
** Cruise: PIRATA-FR29
** Ship: THALASSA
** Station: 3
** Bottom Depth: 5168
** Barometric pressure : 1011.5
** Temp Air: 28.4
** Operator: Jacques Jerome
** Comments:
** Attente pdt 45 min. pour positionnement du bateau
# nquan = 25
# nvalues = 2020                        
# units = specified
# name 0 = scan: Scan Count
# name 1 = timeJ: Julian Days
# name 2 = prDM: Pressure, Digiquartz [db]
# name 3 = depSM: Depth [salt water, m]
# name 4 = t090C: Temperature [ITS-90, deg C]
# name 5 = t190C: Temperature, 2 [ITS-90, deg C]
# name 6 = c0S/m: Conductivity [S/m]
# name 7 = c1S/m: Conductivity, 2 [S/m]
# name 8 = sbeox0V: Oxygen raw, SBE 43 [V]
# name 9 = sbeox1V: Oxygen raw, SBE 43, 2 [V]
# name 10 = sbox0dV/dT: Oxygen, SBE 43 [dov/dt]
# name 11 = sbox1dV/dT: Oxygen, SBE 43, 2 [dov/dt]
# name 12 = CStarTr0: Beam Transmission, WET Labs C-Star [%]
# name 13 = flECO-AFL: Fluorescence, WET Labs ECO-AFL/FL [mg/m^3]
# name 14 = flC: Fluorescence, Chelsea Aqua 3 Chl Con [ug/l]
# name 15 = sbox0Mm/Kg: Oxygen, SBE 43 [umol/kg], WS = 2
# name 16 = sbox1Mm/Kg: Oxygen, SBE 43, 2 [umol/kg], WS = 2
# name 17 = sal00: Salinity, Practical [PSU]
# name 18 = sal11: Salinity, Practical, 2 [PSU]
# name 19 = sigma-�00: Density [sigma-theta, kg/m^3]
# name 20 = sigma-�11: Density, 2 [sigma-theta, kg/m^3]
# name 21 = svCM: Sound Velocity [Chen-Millero, m/s]
# name 22 = svCM1: Sound Velocity, 2 [Chen-Millero, m/s]
# name 23 = nbin: number of scans per bin
# name 24 = flag: flag
# span 0 =      -1383,      61986       
# span 1 =  65.916485,  65.947045       
# span 2 =      3.000,   2022.000       
# span 3 =      2.979,   2001.224       
# span 4 =     3.5912,    29.2793       
# span 5 =     3.5911,    29.2735       
# span 6 =   3.303318,   5.825143       
# span 7 =   3.303428,   5.824890       
# span 8 =     1.1197,     2.6922       
# span 9 =     1.3474,     3.4003       
# span 10 =   -0.02167,    0.01019      
# span 11 =   -0.02833,    0.01321      
# span 12 =    87.3979,    90.1388      
# span 13 =     0.0369,     1.6954      
# span 14 =     0.0126,     0.4552      
# span 15 =     79.693,    236.758      
# span 16 =     80.310,    239.607      
# span 17 =    34.5078,    36.6991      
# span 18 =    34.5087,    36.6949      
# span 19 =    22.3118,    27.8167      
# span 20 =    22.3157,    27.8179      
# span 21 =    1482.85,    1544.62      
# span 22 =    1482.85,    1544.61      
# span 23 =         16,        155      
# span 24 = 0.0000e+00, 0.0000e+00      
# interval = decibars: 1                
# start_time = Mar 06 2019 22:00:42 [System UTC, first data scan.]
# bad_flag = -9.990e-29
*END*
      -1383  65.916489      3.000      2.979    29.2793    29.2735   5.825143   5.824890     2.6847     3.3890   -0.00141    0.00384    88.5950     0.1150     0.0488    190.609    193.672    35.4544    35.4570    22.3118    22.3157    1544.62    1544.61         35 0.0000e+00
       2129  65.918182      4.000      3.982    29.2587    29.2593   5.823342   5.823421     2.6846     3.3924   -0.00010    0.00261    88.5733     0.1012     0.0567    190.690    193.963    35.4570    35.4571    22.3207    22.3206    1544.60    1544.60         70 0.0000e+00
       2598  65.918404      5.000      4.973    29.2344    29.2363   5.821462   5.821731     2.6861     3.3838    0.00071   -0.00180    88.6113     0.1007     0.0566    190.909    193.464    35.4618    35.4623    22.3326    22.3323    1544.57    1544.57         34 0.0000e+00
       2645  65.918427      6.000      5.968    29.2177    29.2284   5.819887   5.821058     2.6836     3.3846    0.00081   -0.00461    88.6247     0.1120     0.0548    190.769    193.567    35.4631    35.4632    22.3393    22.3358    1544.55    1544.58         37 0.0000e+00
       2679  65.918442      7.000      6.957    29.2037    29.2025   5.818511   5.818393     2.6839     3.3897   -0.00012   -0.00256    88.5065     0.1089     0.0486    190.859    194.006    35.4637    35.4638    22.3445    22.3450    1544.54    1544.54         31 0.0000e+00
       2706  65.918457      8.000      7.952    29.1019    29.1240   5.808819   5.810604     2.6856     3.3898   -0.00187    0.00123    88.6111     0.1140     0.0462    191.335    194.266    35.4722    35.4681    22.3852    22.3747    1544.35    1544.39         23 0.0000e+00
       2729  65.918465      9.000      8.950    28.9202    28.9318   5.791445   5.791858     2.6888     3.3922   -0.00023    0.00454    88.6325     0.1148     0.0500    192.194    195.001    35.4870    35.4813    22.4572    22.4490    1543.99    1544.01         22 0.0000e+00
       2753  65.918480     10.000      9.951    28.8056    28.8082   5.785722   5.785761     2.6922     3.4003    0.00128    0.00051    88.6429     0.1078     0.0501    192.823    195.877    35.5326    35.5309    22.5298    22.5277    1543.81    1543.82         29 0.0000e+00
       2789  65.918495     11.000     10.941    28.8047    28.8062   5.790738   5.790670     2.6908     3.3990    0.00314    0.00404    88.6753     0.1070     0.0512    192.684    195.776    35.5677    35.5661    22.5566    22.5549    1543.86    1543.87         43 0.0000e+00
       2830  65.918518     12.000     11.929    28.7745    28.7762   5.787668   5.787755     2.6894     3.3948   -0.00039    0.00264    88.6808     0.1109     0.0463    192.671    195.596    35.5687    35.5681    22.5675    22.5664    1543.82    1543.82         34 0.0000e+00
       2858  65.918533     13.000     12.924    28.6739    28.6742   5.775851   5.775521     2.6879     3.3974    0.00118   -0.00270    88.6612     0.1208     0.0473    192.893    196.113    35.5617    35.5592    22.5957    22.5937    1543.61    1543.61         24 0.0000e+00
       2882  65.918541     14.000     13.926    28.6492    28.6496   5.775035   5.775248     2.6880     3.3971   -0.00083   -0.00297    88.6467     0.1207     0.0531    192.990    196.170    35.5743    35.5754    22.6135    22.6143    1543.59    1543.59         24 0.0000e+00
       2907  65.918556     15.000     14.920    28.6536    28.6536   5.776244   5.776302     2.6864     3.3932   -0.00229    0.00171    88.6178     0.1212     0.0524    192.850    195.904    35.5791    35.5795    22.6157    22.6160    1543.62    1543.62         28 0.0000e+00
       2937  65.918571     16.000     15.911    28.6504    28.6506   5.776396   5.776460     2.6821     3.3889   -0.00005    0.00032    88.6382     0.1036     0.0534    192.499    195.640    35.5822    35.5825    22.6192    22.6193    1543.63    1543.63         32 0.0000e+00
       2970  65.918587     17.000     16.905    28.6546    28.6544   5.777860   5.777862     2.6747     3.3836   -0.00181   -0.00389    88.6751     0.1191     0.0485    191.847    195.282    35.5889    35.5891    22.6229    22.6231    1543.66    1543.66         32 0.0000e+00
       3000  65.918602     18.000     17.898    28.6131    28.6146   5.773110   5.773168     2.6770     3.3816   -0.00390   -0.00355    88.6888     0.1148     0.0461    192.207    195.293    35.5867    35.5860    22.6352    22.6341    1543.59    1543.59         28 0.0000e+00
