data/CTD/cnv/dfr29001.cnv
* Sea-Bird SBE 9 Data File:
* FileName = C:\SEASOFT\PIRATA-FR29\data\fr29001.hex
* Software Version Seasave V 7.26.7.107
* Temperature SN = 6083
* Conductivity SN = 4509
* Number of Bytes Per Scan = 42
* Number of Voltage Words = 3
* Number of Scans Averaged by the Deck Unit = 1
* NMEA Latitude = 12 29.57 N
* NMEA Longitude = 023 20.56 W
* NMEA UTC (Time) = Mar 02 2019 15:20:02
** Cruise: PIRATA-FR29
** Ship: THALASSA
** Station: 001
** Bottom Depth: 4894
** Barometric pressure : 1013.5
** Temp Air: 23.8
** Operator: JG
** Comments:
# nquan = 25
# nvalues = 4073                        
# units = specified
# name 0 = scan: Scan Count
# name 1 = timeJ: Julian Days
# name 2 = prDM: Pressure, Digiquartz [db]
# name 3 = depSM: Depth [salt water, m]
# name 4 = t090C: Temperature [ITS-90, deg C]
# name 5 = t190C: Temperature, 2 [ITS-90, deg C]
# name 6 = c0S/m: Conductivity [S/m]
# name 7 = c1S/m: Conductivity, 2 [S/m]
# name 8 = sbeox0V: Oxygen raw, SBE 43 [V]
# name 9 = sbeox1V: Oxygen raw, SBE 43, 2 [V]
# name 10 = sbox0dV/dT: Oxygen, SBE 43 [dov/dt]
# name 11 = sbox1dV/dT: Oxygen, SBE 43, 2 [dov/dt]
# name 12 = CStarTr0: Beam Transmission, WET Labs C-Star [%]
# name 13 = flECO-AFL: Fluorescence, WET Labs ECO-AFL/FL [mg/m^3]
# name 14 = flC: Fluorescence, Chelsea Aqua 3 Chl Con [ug/l]
# name 15 = sbox0Mm/Kg: Oxygen, SBE 43 [umol/kg], WS = 2
# name 16 = sbox1Mm/Kg: Oxygen, SBE 43, 2 [umol/kg], WS = 2
# name 17 = sal00: Salinity, Practical [PSU]
# name 18 = sal11: Salinity, Practical, 2 [PSU]
# name 19 = sigma-é00: Density [sigma-theta, kg/m^3]
# name 20 = sigma-é11: Density, 2 [sigma-theta, kg/m^3]
# name 21 = svCM: Sound Velocity [Chen-Millero, m/s]
# name 22 = svCM1: Sound Velocity, 2 [Chen-Millero, m/s]
# name 23 = nbin: number of scans per bin
# name 24 = flag: flag
# span 0 =        -33,     106738       
# span 1 =  61.638907,  61.690399       
# span 2 =      3.000,   4075.000       
# span 3 =      2.972,   4013.095       
# span 4 =     2.3598,    24.0121       
# span 5 =     2.3594,    24.0112       
# span 6 =   3.258928,   5.330835       
# span 7 =   3.259070,   5.330918       
# span 8 =     0.8283,     2.6619       
# span 9 =     0.9608,     3.3525       
# span 10 =   -0.11106,    0.01273      
# span 11 =   -0.15532,    0.01593      
# span 12 =    86.4791,    90.0254      
# span 13 =     0.0323,     1.4173      
# span 14 =     0.0026,     0.4341      
# span 15 =     41.890,    233.010      
# span 16 =     42.182,    235.784      
# span 17 =    34.8167,    35.9561      
# span 18 =    34.8185,    35.9572      
# span 19 =    24.3620,    27.8863      
# span 20 =    24.3631,    27.8881      
# span 21 =    1489.21,    1533.85      
# span 22 =    1489.21,    1533.85      
# span 23 =         10,         96      
# span 24 = 0.0000e+00, 0.0000e+00      
# interval = decibars: 1                
# start_time = Mar 02 2019 15:20:03 [System UTC, first data scan.]
# bad_flag = -9.990e-29
*END*
        -33  61.638908      3.000      2.972    24.0121    24.0112   5.330446   5.330491     2.6619     3.3525   -0.00037    0.00134    87.2785     0.3373     0.1110    205.094    206.566    35.9561    35.9572    24.3620    24.3631    1533.08    1533.08         23 0.0000e+00
        123  61.638981      4.000      3.982    24.0094    24.0086   5.330163   5.330174     2.6616     3.3484   -0.00050    0.00087    87.2500     0.3513     0.1291    205.105    206.296    35.9558    35.9566    24.3626    24.3635    1533.09    1533.09         96 0.0000e+00
        779  61.639297      5.000      4.982    24.0072    24.0070   5.329957   5.330053     2.6611     3.3502   -0.00074   -0.00129    87.2423     0.3371     0.1320    205.085    206.459    35.9557    35.9566    24.3632    24.3640    1533.10    1533.10         53 0.0000e+00
        929  61.639370      6.000      5.968    24.0051    24.0048   5.329752   5.329845     2.6616     3.3501   -0.00043    0.00100    87.2319     0.3614     0.1284    205.173    206.486    35.9555    35.9565    24.3638    24.3646    1533.11    1533.11         65 0.0000e+00
       1040  61.639423      7.000      6.955    24.0069    24.0070   5.330004   5.330138     2.6596     3.3508   -0.00140   -0.00009    87.2080     0.4153     0.1428    204.996    206.552    35.9556    35.9566    24.3634    24.3641    1533.14    1533.14         37 0.0000e+00
       1070  61.639439      8.000      7.953    24.0015    24.0013   5.329444   5.329540     2.6598     3.3448   -0.00037   -0.00088    87.2664     0.4521     0.1620    205.061    206.160    35.9554    35.9563    24.3649    24.3656    1533.14    1533.14         29 0.0000e+00
       1099  61.639454      9.000      8.947    24.0018    24.0021   5.329497   5.329687     2.6586     3.3409   -0.00034   -0.00079    87.2491     0.4621     0.1620    204.975    205.896    35.9553    35.9564    24.3648    24.3656    1533.16    1533.16         28 0.0000e+00
       1128  61.639469     10.000      9.943    24.0041    24.0041   5.329828   5.329964     2.6587     3.3425   -0.00017   -0.00470    87.2514     0.4754     0.1698    204.993    206.029    35.9555    35.9566    24.3643    24.3652    1533.18    1533.18         34 0.0000e+00
       1170  61.639488     11.000     10.941    24.0084    24.0087   5.330370   5.330534     2.6598     3.3489   -0.00040   -0.00076    87.2574     0.4705     0.1683    205.108    206.505    35.9558    35.9568    24.3634    24.3640    1533.21    1533.21         52 0.0000e+00
       1225  61.639515     12.000     11.927    24.0086    24.0085   5.330426   5.330558     2.6588     3.3518    0.00068    0.00395    87.2894     0.4484     0.1551    205.038    206.743    35.9558    35.9568    24.3634    24.3642    1533.22    1533.22         47 0.0000e+00
       1262  61.639530     13.000     12.924    24.0103    24.0105   5.330671   5.330853     2.6585     3.3496   -0.00034    0.00196    87.2666     0.4525     0.1516    205.027    206.605    35.9560    35.9571    24.3631    24.3639    1533.24    1533.25         32 0.0000e+00
       1293  61.639545     14.000     13.919    24.0096    24.0101   5.330647   5.330859     2.6571     3.3504   -0.00087   -0.00174    87.2837     0.4614     0.1690    204.921    206.688    35.9559    35.9572    24.3633    24.3641    1533.26    1533.26         31 0.0000e+00
       1324  61.639561     15.000     14.914    24.0086    24.0096   5.330580   5.330816     2.6567     3.3443    0.00008    0.00025    87.2748     0.4915     0.1669    204.919    206.271    35.9560    35.9570    24.3637    24.3642    1533.27    1533.28         31 0.0000e+00
       1355  61.639576     16.000     15.909    24.0068    24.0064   5.330389   5.330506     2.6561     3.3456   -0.00100   -0.00124    87.2944     0.5048     0.1688    204.893    206.403    35.9556    35.9569    24.3640    24.3651    1533.29    1533.29         32 0.0000e+00
       1389  61.639591     17.000     16.901    24.0081    24.0084   5.330594   5.330776     2.6553     3.3470   -0.00040   -0.00316    87.2737     0.5193     0.1817    204.832    206.522    35.9558    35.9570    24.3638    24.3646    1533.31    1533.31         33 0.0000e+00
       1420  61.639606     18.000     17.894    24.0087    24.0086   5.330723   5.330840     2.6547     3.3435   -0.00008    0.00167    87.1751     0.5367     0.1801    204.801    206.286    35.9559    35.9570    24.3638    24.3646    1533.32    1533.32         31 0.0000e+00
       1450  61.639622     19.000     18.891    24.0059    24.0059   5.330429   5.330561     2.6544     3.3460   -0.00102   -0.00014    87.2129     0.5241     0.1805    204.804    206.503    35.9557    35.9567    24.3645    24.3653    1533.33    1533.33         30 0.0000e+00
       1482  61.639637     20.000     19.883    24.0081    24.0084   5.330735   5.330918     2.6517     3.3396   -0.00012   -0.00161    87.2820     0.5189     0.1784    204.568    206.052    35.9559    35.9570    24.3641    24.3649    1533.36    1533.36         32 0.0000e+00
