data/CTD/cnv/dfr29008.cnv
* Sea-Bird SBE 9 Data File:
* FileName = C:\SEASOFT\PIRATA-FR29\data\fr29008.hex
* Software Version Seasave V 7.26.7.107
* Temperature SN = 6083
* Conductivity SN = 4509
* Number of Bytes Per Scan = 42
* Number of Voltage Words = 3
* Number of Scans Averaged by the Deck Unit = 1
* NMEA Latitude = 00 29.95 N
* NMEA Longitude = 000 00.04 E
* NMEA UTC (Time) = Mar 11 2019 06:19:26
** Cruise: PIRATA-FR29
** Ship: THALASSA
** Station: 8
** Bottom Depth: 4902.1
** Barometric pressure : 1010.1
** Temp Air: 28.3
** Operator: PS/MG
** Comments:
# nquan = 25
# nvalues = 2019                        
# units = specified
# name 0 = scan: Scan Count
# name 1 = timeJ: Julian Days
# name 2 = prDM: Pressure, Digiquartz [db]
# name 3 = depSM: Depth [salt water, m]
# name 4 = t090C: Temperature [ITS-90, deg C]
# name 5 = t190C: Temperature, 2 [ITS-90, deg C]
# name 6 = c0S/m: Conductivity [S/m]
# name 7 = c1S/m: Conductivity, 2 [S/m]
# name 8 = sbeox0V: Oxygen raw, SBE 43 [V]
# name 9 = sbeox1V: Oxygen raw, SBE 43, 2 [V]
# name 10 = sbox0dV/dT: Oxygen, SBE 43 [dov/dt]
# name 11 = sbox1dV/dT: Oxygen, SBE 43, 2 [dov/dt]
# name 12 = CStarTr0: Beam Transmission, WET Labs C-Star [%]
# name 13 = flECO-AFL: Fluorescence, WET Labs ECO-AFL/FL [mg/m^3]
# name 14 = flC: Fluorescence, Chelsea Aqua 3 Chl Con [ug/l]
# name 15 = sbox0Mm/Kg: Oxygen, SBE 43 [umol/kg], WS = 2
# name 16 = sbox1Mm/Kg: Oxygen, SBE 43, 2 [umol/kg], WS = 2
# name 17 = sal00: Salinity, Practical [PSU]
# name 18 = sal11: Salinity, Practical, 2 [PSU]
# name 19 = sigma-é00: Density [sigma-theta, kg/m^3]
# name 20 = sigma-é11: Density, 2 [sigma-theta, kg/m^3]
# name 21 = svCM: Sound Velocity [Chen-Millero, m/s]
# name 22 = svCM1: Sound Velocity, 2 [Chen-Millero, m/s]
# name 23 = nbin: number of scans per bin
# name 24 = flag: flag
# span 0 =      -1739,      60377       
# span 1 =  70.262668,  70.292623       
# span 2 =      4.000,   2022.000       
# span 3 =      3.979,   2001.220       
# span 4 =     3.6097,    29.5172       
# span 5 =     3.6093,    29.5170       
# span 6 =   3.304845,   5.678572       
# span 7 =   3.304966,   5.678932       
# span 8 =     0.9904,     2.6509       
# span 9 =     1.1758,     3.3494       
# span 10 =   -0.05153,    0.01487      
# span 11 =   -0.06848,    0.02078      
# span 12 =    87.9076,    89.8957      
# span 13 =     0.0369,     0.8512      
# span 14 =     0.0137,     0.2381      
# span 15 =     63.375,    233.923      
# span 16 =     63.842,    236.989      
# span 17 =    34.2669,    36.5037      
# span 18 =    34.2674,    36.4942      
# span 19 =    21.3455,    27.8141      
# span 20 =    21.3462,    27.8157      
# span 21 =    1482.73,    1544.09      
# span 22 =    1482.73,    1544.09      
# span 23 =         13,        117      
# span 24 = 0.0000e+00, 0.0000e+00      
# interval = decibars: 1                
# start_time = Mar 11 2019 06:19:27 [System UTC, first data scan.]
# bad_flag = -9.990e-29
*END*
[from data line 522]
      21706  70.273972    526.000    522.446     7.0270     7.0303   3.519806   3.520126     1.3125     1.6068   -0.00096   -0.00098    89.6016     0.0676     0.0419    116.730    117.913    34.6179    34.6181    27.1210    27.1207    1486.93    1486.95         29 0.0000e+00
      21734  70.273987    527.000    523.437     7.0143     7.0139   3.518600   3.518704     1.3141     1.6085   -0.00094   -0.00080    89.6015     0.0728     0.0390    117.015    118.166    34.6169    34.6185    27.1220    27.1233    1486.90    1486.90         27 0.0000e+00
      21761  70.274002    528.000    524.429     6.9997     6.9982   3.517123   3.517054     1.3158     1.6099    0.00016    0.00021    89.6041     0.0608     0.0390    117.316    118.373    34.6149    34.6156    27.1224    27.1232    1486.86    1486.85         27 0.0000e+00
      21787  70.274010    529.000    525.420     6.9818     6.9814   3.515290   3.515358     1.3178     1.6125    0.00123    0.00140    89.5780     0.0631     0.0383    117.666    118.725    34.6123    34.6134    27.1228    27.1237    1486.80    1486.80         25 0.0000e+00
      21812  70.274025    530.000    526.415     6.9779     6.9776   3.514918   3.515069     1.3200     1.6159    0.00150    0.00128    89.6224     0.0553     0.0375    118.016    119.130    34.6116    34.6135    27.1228    27.1244    1486.80    1486.80         25 0.0000e+00
      21836  70.274040    531.000    527.405     6.9782     6.9777   3.514987   3.515124     1.3214     1.6188    0.00170    0.00180    89.6259     0.0566     0.0382    118.229    119.457    34.6116    34.6135    27.1228    27.1244    1486.82    1486.82         23 0.0000e+00
      21859  70.274048    532.000    528.397     6.9782     6.9777   3.515044   3.515177     1.3222     1.6199    0.00197    0.00305    89.6259     0.0621     0.0387    118.361    119.596    34.6117    34.6136    27.1229    27.1245    1486.83    1486.84         23 0.0000e+00
      21882  70.274055    533.000    529.389     6.9781     6.9778   3.515088   3.515243     1.3226     1.6210    0.00202    0.00324    89.6259     0.0592     0.0417    118.437    119.724    34.6118    34.6138    27.1230    27.1246    1486.85    1486.85         22 0.0000e+00
      21904  70.274071    534.000    530.383     6.9780     6.9777   3.515114   3.515278     1.3227     1.6217    0.00109    0.00220    89.6259     0.0639     0.0435    118.468    119.825    34.6117    34.6138    27.1229    27.1246    1486.87    1486.87         23 0.0000e+00
      21927  70.274078    535.000    531.373     6.9767     6.9762   3.515011   3.515141     1.3233     1.6223    0.00072    0.00110    89.6259     0.0574     0.0406    118.565    119.903    34.6114    34.6133    27.1230    27.1245    1486.88    1486.88         23 0.0000e+00
      21950  70.274094    536.000    532.365     6.9761     6.9757   3.514998   3.515168     1.3238     1.6227    0.00029    0.00104    89.6259     0.0649     0.0403    118.658    119.970    34.6114    34.6136    27.1230    27.1248    1486.89    1486.89         22 0.0000e+00
      21972  70.274101    537.000    533.357     6.9768     6.9765   3.515136   3.515297     1.3239     1.6230    0.00025    0.00074    89.6259     0.0648     0.0367    118.679    120.008    34.6117    34.6137    27.1231    27.1248    1486.91    1486.91         22 0.0000e+00
      21993  70.274109    538.000    534.346     6.9775     6.9772   3.515245   3.515422     1.3239     1.6226    0.00062    0.00058    89.6259     0.0607     0.0371    118.692    119.985    34.6117    34.6139    27.1231    27.1249    1486.93    1486.93         22 0.0000e+00
      22015  70.274124    539.000    535.346     6.9767     6.9764   3.515193   3.515352     1.3239     1.6222    0.00038    0.00044    89.6259     0.0574     0.0410    118.710    119.955    34.6115    34.6135    27.1231    27.1246    1486.94    1486.95         22 0.0000e+00
      22038  70.274132    540.000    536.335     6.9745     6.9746   3.515021   3.515224     1.3239     1.6229    0.00003    0.00005    89.6259     0.0585     0.0419    118.732    120.056    34.6113    34.6134    27.1232    27.1249    1486.95    1486.95         24 0.0000e+00
      22063  70.274147    541.000    537.328     6.9749     6.9751   3.515098   3.515311     1.3239     1.6230   -0.00002   -0.00047    89.6259     0.0659     0.0451    118.747    120.083    34.6113    34.6134    27.1231    27.1248    1486.97    1486.97         25 0.0000e+00
      22088  70.274155    542.000    538.316     6.9756     6.9751   3.515206   3.515351     1.3239     1.6231    0.00003    0.00026    89.6259     0.0639     0.0419    118.761    120.104    34.6112    34.6134    27.1230    27.1248    1486.99    1486.99         25 0.0000e+00
      22113  70.274170    543.000    539.309     6.9761     6.9757   3.515306   3.515453     1.3239     1.6227    0.00006    0.00038    89.6249     0.0573     0.0417    118.774    120.074    34.6114    34.6134    27.1231    27.1247    1487.01    1487.01         25 0.0000e+00
      22137  70.274185    544.000    540.301     6.9744     6.9744   3.515161   3.515342     1.3239     1.6226    0.00012    0.00001    89.6330     0.0649     0.0413    118.796    120.079    34.6110    34.6130    27.1230    27.1246    1487.02    1487.02         23 0.0000e+00
      22161  70.274193    545.000    541.294     6.9716     6.9716   3.514900   3.515080     1.3240     1.6230   -0.00007   -0.00011    89.6367     0.0656     0.0388    118.833    120.152    34.6104    34.6124    27.1230    27.1245    1487.02    1487.02         26 0.0000e+00
      22188  70.274208    546.000    542.286     6.9699     6.9696   3.514746   3.514909     1.3247     1.6239   -0.00020   -0.00028    89.6225     0.0640     0.0394    118.960    120.276    34.6101    34.6121    27.1229    27.1246    1487.03    1487.03         28 0.0000e+00
      22216  70.274223    547.000    543.273     6.9678     6.9677   3.514561   3.514741     1.3255     1.6249    0.00019    0.00024    89.6232     0.0644     0.0416    119.103    120.404    34.6096    34.6117    27.1229    27.1245    1487.04    1487.04         26 0.0000e+00
      22240  70.274231    548.000    544.268     6.9678     6.9672   3.514607   3.514737     1.3262     1.6256    0.00053    0.00080    89.6228     0.0563     0.0421    119.218    120.498    34.6096    34.6116    27.1229    27.1246    1487.06    1487.06         23 0.0000e+00
      22263  70.274246    549.000    545.260     6.9670     6.9666   3.514560   3.514715     1.3264     1.6260    0.00085    0.00090    89.6421     0.0647     0.0399    119.258    120.552    34.6094    34.6115    27.1229    27.1245    1487.07    1487.07         22 0.0000e+00
      22284  70.274254    550.000    546.251     6.9665     6.9659   3.514550   3.514685     1.3264     1.6256    0.00062    0.00084    89.6302     0.0585     0.0417    119.275    120.532    34.6094    34.6114    27.1229    27.1246    1487.08    1487.08         21 0.0000e+00
      22305  70.274261    551.000    547.242     6.9605     6.9596   3.513939   3.513967     1.3264     1.6255    0.00052    0.00063    89.6459     0.0647     0.0392    119.310    120.555    34.6081    34.6094    27.1228    27.1239    1487.08    1487.07         20 0.0000e+00
      22325  70.274269    552.000    548.237     6.9213     6.9200   3.510022   3.509773     1.3275     1.6256    0.00026    0.00017    89.6449     0.0699     0.0382    119.605    120.701    34.6039    34.6025    27.1248    27.1239    1486.93    1486.93         21 0.0000e+00
      22346  70.274284    553.000    549.230     6.8370     6.8351   3.501821   3.501446     1.3302     1.6283    0.00005   -0.00020    89.6360     0.0591     0.0383    120.266    121.276    34.5978    34.5956    27.1315    27.1300    1486.61    1486.60         21 0.0000e+00
      22368  70.274292    554.000    550.221     6.7830     6.7828   3.496611   3.496584     1.3336     1.6325    0.00022   -0.00016    89.6395     0.0721     0.0357    120.940    121.913    34.5942    34.5940    27.1360    27.1359    1486.42    1486.42         24 0.0000e+00
      22392  70.274307    555.000    551.213     6.7580     6.7582   3.494163   3.494266     1.3365     1.6362    0.00176    0.00099    89.6261     0.0513     0.0353    121.452    122.416    34.5918    34.5928    27.1375    27.1382    1486.33    1486.33         24 0.0000e+00
      22416  70.274315    556.000    552.204     6.7517     6.7517   3.493547   3.493686     1.3375     1.6377    0.00333    0.00371    89.6442     0.0602     0.0343    121.633    122.609    34.5908    34.5924    27.1375    27.1388    1486.32    1486.33         24 0.0000e+00
      22441  70.274330    557.000    553.196     6.7501     6.7499   3.493415   3.493558     1.3377     1.6391    0.00334    0.00424    89.6484     0.0644     0.0347    121.689    122.789    34.5905    34.5923    27.1375    27.1390    1486.33    1486.33         26 0.0000e+00
      22468  70.274345    558.000    554.189     6.7485     6.7483   3.493303   3.493449     1.3375     1.6400    0.00164    0.00222    89.6443     0.0584     0.0327    121.675    122.912    34.5904    34.5922    27.1377    27.1391    1486.34    1486.34         28 0.0000e+00
      22497  70.274353    559.000    555.179     6.7462     6.7461   3.493132   3.493297     1.3372     1.6402    0.00032    0.00126    89.6516     0.0627     0.0374    121.656    122.955    34.5904    34.5923    27.1379    27.1395    1486.35    1486.35         30 0.0000e+00
      22527  70.274368    560.000    556.167     6.7439     6.7438   3.492955   3.493109     1.3364     1.6394   -0.00019    0.00083    89.6644     0.0572     0.0399    121.568    122.890    34.5902    34.5920    27.1382    27.1396    1486.36    1486.36         27 0.0000e+00
      22552  70.274384    561.000    557.160     6.7420     6.7417   3.492819   3.492953     1.3361     1.6390   -0.00026    0.00031    89.6573     0.0729     0.0387    121.542    122.866    34.5901    34.5919    27.1383    27.1398    1486.37    1486.37         23 0.0000e+00
      22573  70.274391    562.000    558.152     6.7400     6.7395   3.492672   3.492796     1.3362     1.6383   -0.00045   -0.00037    89.6600     0.0664     0.0385    121.575    122.813    34.5900    34.5919    27.1386    27.1402    1486.38    1486.38         20 0.0000e+00
      22592  70.274399    563.000    559.145     6.7376     6.7372   3.492487   3.492608     1.3362     1.6378   -0.00061   -0.00071    89.6505     0.0691     0.0376    121.598    122.783    34.5899    34.5917    27.1388    27.1403    1486.38    1486.38         19 0.0000e+00
      22611  70.274414    564.000    560.141     6.7352     6.7348   3.492316   3.492454     1.3362     1.6373   -0.00034   -0.00053    89.6568     0.0720     0.0379    121.620    122.749    34.5900    34.5919    27.1392    27.1408    1486.39    1486.39         19 0.0000e+00
      22631  70.274422    565.000    561.130     6.7352     6.7348   3.492375   3.492512     1.3362     1.6371   -0.00003   -0.00060    89.6628     0.0653     0.0344    121.636    122.745    34.5901    34.5921    27.1393    27.1409    1486.41    1486.41         21 0.0000e+00
      22652  70.274429    566.000    562.124     6.7351     6.7347   3.492414   3.492549     1.3358     1.6377    0.00011   -0.00072    89.6583     0.0586     0.0300    121.599    122.826    34.5902    34.5921    27.1394    27.1410    1486.42    1486.42         21 0.0000e+00
      22674  70.274445    567.000    563.115     6.7351     6.7347   3.492455   3.492609     1.3357     1.6379   -0.00005   -0.00051    89.6750     0.0568     0.0279    121.606    122.862    34.5902    34.5923    27.1394    27.1411    1486.44    1486.44         23 0.0000e+00
      22698  70.274452    568.000    564.107     6.7351     6.7347   3.492509   3.492654     1.3350     1.6377   -0.00029    0.00002    89.6737     0.0606     0.0310    121.520    122.850    34.5903    34.5923    27.1395    27.1411    1486.46    1486.46         25 0.0000e+00
      22722  70.274467    569.000    565.097     6.7351     6.7346   3.492553   3.492692     1.3349     1.6373   -0.00010    0.00050    89.6709     0.0618     0.0357    121.507    122.821    34.5903    34.5923    27.1395    27.1412    1486.47    1486.47         24 0.0000e+00
      22746  70.274475    570.000    566.089     6.7346     6.7342   3.492552   3.492692     1.3346     1.6369   -0.00041   -0.00002    89.6699     0.0607     0.0385    121.493    122.794    34.5903    34.5923    27.1396    27.1412    1486.49    1486.49         24 0.0000e+00
      22773  70.274490    571.000    567.084     6.7340     6.7336   3.492533   3.492677     1.3349     1.6374   -0.00034   -0.00038    89.6614     0.0618     0.0398    121.556    122.873    34.5902    34.5922    27.1396    27.1412    1486.50    1486.50         30 0.0000e+00
      22809  70.274506    572.000    568.074     6.7340     6.7336   3.492579   3.492725     1.3350     1.6372   -0.00017   -0.00015    89.6540     0.0630     0.0407    121.573    122.870    34.5902    34.5922    27.1396    27.1413    1486.52    1486.52         41 0.0000e+00
      22846  70.274521    573.000    569.057     6.7351     6.7346   3.492825   3.492969     1.3349     1.6379    0.00016    0.00034    89.6694     0.0641     0.0374    121.579    122.956    34.5913    34.5935    27.1404    27.1422    1486.54    1486.54         29 0.0000e+00
      22870  70.274536    574.000    570.050     6.7358     6.7353   3.493054   3.493202     1.3342     1.6368    0.00023   -0.00024    89.6625     0.0651     0.0314    121.492    122.843    34.5927    34.5948    27.1414    27.1431    1486.56    1486.56         21 0.0000e+00
      22889  70.274544    575.000    571.041     6.7368     6.7363   3.493357   3.493518     1.3337     1.6360   -0.00003    0.00024    89.6291     0.0651     0.0322    121.429    122.769    34.5945    34.5968    27.1427    27.1446    1486.58    1486.58         18 0.0000e+00
      22905  70.274551    576.000    572.036     6.7372     6.7368   3.493469   3.493610     1.3333     1.6348   -0.00005    0.00043    89.6726     0.0650     0.0334    121.378    122.649    34.5949    34.5968    27.1430    27.1445    1486.60    1486.60         16 0.0000e+00
      22921  70.274559    577.000    573.030     6.7375     6.7372   3.493540   3.493693     1.3329     1.6342   -0.00039   -0.00048    89.6681     0.0636     0.0360    121.341    122.595    34.5949    34.5969    27.1429    27.1445    1486.62    1486.62         15 0.0000e+00
      22936  70.274567    578.000    574.027     6.7369     6.7365   3.493536   3.493663     1.3324     1.6331   -0.00078   -0.00100    89.6581     0.0655     0.0367    121.277    122.495    34.5950    34.5968    27.1431    27.1446    1486.63    1486.63         16 0.0000e+00
      22953  70.274574    579.000    575.021     6.7356     6.7351   3.493453   3.493572     1.3320     1.6319   -0.00067   -0.00125    89.6494     0.0664     0.0385    121.245    122.380    34.5948    34.5967    27.1432    27.1447    1486.64    1486.64         17 0.0000e+00
      22972  70.274582    580.000    576.015     6.7264     6.7256   3.492599   3.492656     1.3323     1.6322   -0.00057   -0.00143    89.6514     0.0646     0.0409    121.330    122.460    34.5942    34.5957    27.1440    27.1452    1486.62    1486.62         22 0.0000e+00
      22999  70.274597    581.000    577.003     6.7069     6.7054   3.490777   3.490747     1.3334     1.6337   -0.00069   -0.00142    89.6633     0.0511     0.0360    121.574    122.700    34.5932    34.5944    27.1457    27.1469    1486.56    1486.56         34 0.0000e+00
      23040  70.274620    582.000    577.990     6.6836     6.6826   3.488593   3.488640     1.3368     1.6385    0.00041    0.00025    89.6650     0.0665     0.0347    122.144    123.316    34.5921    34.5935    27.1480    27.1493    1486.49    1486.49         45 0.0000e+00
