data/CTD/cnv/dfr29005.cnv
* Sea-Bird SBE 9 Data File:
* FileName = C:\SEASOFT\PIRATA-FR29\data\fr29005.hex
* Software Version Seasave V 7.26.7.107
* Temperature SN = 6083
* Conductivity SN = 4509
* Number of Bytes Per Scan = 42
* Number of Voltage Words = 3
* Number of Scans Averaged by the Deck Unit = 1
* NMEA Latitude = 00 00.04 N
* NMEA Longitude = 006 00.04 W
* NMEA UTC (Time) = Mar 08 2019 17:09:40
** Cruise: PIRATA-FR29
** Ship: THALASSA
** Station: 5
** Bottom Depth: 5012
** Barometric pressure : 1006.6
** Temp Air: 29.2
** Operator: PS/MG
** Comments:
# nquan = 25
# nvalues = 4059                        
# units = specified
# name 0 = scan: Scan Count
# name 1 = timeJ: Julian Days
# name 2 = prDM: Pressure, Digiquartz [db]
# name 3 = depSM: Depth [salt water, m]
# name 4 = t090C: Temperature [ITS-90, deg C]
# name 5 = t190C: Temperature, 2 [ITS-90, deg C]
# name 6 = c0S/m: Conductivity [S/m]
# name 7 = c1S/m: Conductivity, 2 [S/m]
# name 8 = sbeox0V: Oxygen raw, SBE 43 [V]
# name 9 = sbeox1V: Oxygen raw, SBE 43, 2 [V]
# name 10 = sbox0dV/dT: Oxygen, SBE 43 [dov/dt]
# name 11 = sbox1dV/dT: Oxygen, SBE 43, 2 [dov/dt]
# name 12 = CStarTr0: Beam Transmission, WET Labs C-Star [%]
# name 13 = flECO-AFL: Fluorescence, WET Labs ECO-AFL/FL [mg/m^3]
# name 14 = flC: Fluorescence, Chelsea Aqua 3 Chl Con [ug/l]
# name 15 = sbox0Mm/Kg: Oxygen, SBE 43 [umol/kg], WS = 2
# name 16 = sbox1Mm/Kg: Oxygen, SBE 43, 2 [umol/kg], WS = 2
# name 17 = sal00: Salinity, Practical [PSU]
# name 18 = sal11: Salinity, Practical, 2 [PSU]
# name 19 = sigma-é00: Density [sigma-theta, kg/m^3]
# name 20 = sigma-é11: Density, 2 [sigma-theta, kg/m^3]
# name 21 = svCM: Sound Velocity [Chen-Millero, m/s]
# name 22 = svCM1: Sound Velocity, 2 [Chen-Millero, m/s]
# name 23 = nbin: number of scans per bin
# name 24 = flag: flag
# span 0 =        705,     103422       
# span 1 =  67.715386,  67.764921       
# span 2 =      4.000,   4062.000       
# span 3 =      3.982,   4001.410       
# span 4 =     2.3243,    29.8968       
# span 5 =     2.3243,    29.8963       
# span 6 =   3.245636,   5.802946       
# span 7 =   3.245787,   5.803026       
# span 8 =     1.1215,     2.6672       
# span 9 =     1.3421,     3.3726       
# span 10 =   -0.02921,    0.01248      
# span 11 =   -0.03854,    0.01630      
# span 12 =    87.0048,    90.0502      
# span 13 =     0.0367,     1.4205      
# span 14 =     0.0033,     0.4118      
# span 15 =     77.199,    235.126      
# span 16 =     77.161,    238.267      
# span 17 =    34.4956,    36.5537      
# span 18 =    34.4968,    36.5526      
# span 19 =    21.6506,    27.8792      
# span 20 =    21.6515,    27.8808      
# span 21 =    1483.13,    1545.33      
# span 22 =    1483.13,    1545.33      
# span 23 =         15,        148      
# span 24 = 0.0000e+00, 0.0000e+00      
# interval = decibars: 1                
# start_time = Mar 08 2019 17:09:40 [System UTC, first data scan.]
# bad_flag = -9.990e-29
*END*
[from data line 1798]
      48360  67.738365   1802.000   1784.401     3.9195     3.9194   3.324463   3.324590     1.7663     2.2154   -0.00002   -0.00080    90.0173     0.0458     0.0248    232.127    235.036    34.9743    34.9758    27.7894    27.7906    1496.07    1496.07         31 0.0000e+00
      48389  67.738380   1803.000   1785.385     3.9195     3.9194   3.324511   3.324632     1.7659     2.2152   -0.00028   -0.00080    90.0075     0.0518     0.0243    232.085    235.042    34.9743    34.9759    27.7894    27.7906    1496.09    1496.09         27 0.0000e+00
      48415  67.738396   1804.000   1786.374     3.9196     3.9196   3.324554   3.324678     1.7657     2.2150   -0.00045   -0.00041    90.0014     0.0458     0.0197    232.072    235.033    34.9742    34.9758    27.7893    27.7905    1496.10    1496.11         25 0.0000e+00
      48440  67.738403   1805.000   1787.356     3.9197     3.9196   3.324606   3.324723     1.7653     2.2149   -0.00030   -0.00019    90.0014     0.0444     0.0192    232.025    235.053    34.9743    34.9758    27.7894    27.7906    1496.12    1496.12         24 0.0000e+00
      48464  67.738419   1806.000   1788.348     3.9197     3.9196   3.324645   3.324769     1.7646     2.2151   -0.00024   -0.00021    90.0014     0.0443     0.0211    231.941    235.117    34.9743    34.9758    27.7894    27.7906    1496.14    1496.14         25 0.0000e+00
      48488  67.738426   1807.000   1789.331     3.9198     3.9196   3.324687   3.324809     1.7647     2.2155   -0.00030   -0.00019    90.0014     0.0529     0.0225    231.973    235.194    34.9742    34.9758    27.7893    27.7906    1496.16    1496.16         23 0.0000e+00
      48510  67.738441   1808.000   1790.313     3.9198     3.9197   3.324738   3.324859     1.7647     2.2154   -0.00037    0.00008    90.0014     0.0461     0.0216    232.005    235.220    34.9743    34.9758    27.7894    27.7906    1496.17    1496.17         21 0.0000e+00
      48530  67.738449   1809.000   1791.305     3.9188     3.9187   3.324688   3.324811     1.7647     2.2151   -0.00019    0.00029    90.0014     0.0447     0.0214    232.043    235.217    34.9742    34.9758    27.7895    27.7907    1496.19    1496.19         19 0.0000e+00
      48549  67.738457   1810.000   1792.290     3.9179     3.9178   3.324644   3.324762     1.7647     2.2146   -0.00010    0.00034    90.0014     0.0453     0.0218    232.080    235.181    34.9742    34.9757    27.7895    27.7907    1496.20    1496.20         19 0.0000e+00
      48569  67.738472   1811.000   1793.278     3.9177     3.9176   3.324666   3.324788     1.7645     2.2146   -0.00011   -0.00000    90.0014     0.0449     0.0222    232.080    235.205    34.9742    34.9758    27.7896    27.7908    1496.21    1496.22         21 0.0000e+00
      48590  67.738480   1812.000   1794.265     3.9177     3.9176   3.324708   3.324823     1.7643     2.2146   -0.00009   -0.00037    90.0014     0.0530     0.0254    232.068    235.237    34.9743    34.9757    27.7896    27.7908    1496.23    1496.23         21 0.0000e+00
      48612  67.738487   1813.000   1795.248     3.9174     3.9173   3.324724   3.324840     1.7643     2.2146   -0.00010   -0.00045    90.0014     0.0475     0.0199    232.098    235.270    34.9743    34.9757    27.7897    27.7908    1496.25    1496.25         23 0.0000e+00
      48636  67.738503   1814.000   1796.237     3.9172     3.9171   3.324746   3.324867     1.7638     2.2146   -0.00019   -0.00004    90.0014     0.0447     0.0206    232.048    235.303    34.9743    34.9758    27.7897    27.7909    1496.26    1496.26         24 0.0000e+00
      48661  67.738510   1815.000   1797.218     3.9172     3.9171   3.324770   3.324900     1.7635     2.2146   -0.00014   -0.00002    90.0014     0.0463     0.0243    232.014    235.329    34.9741    34.9757    27.7896    27.7909    1496.28    1496.28         28 0.0000e+00
      48690  67.738525   1816.000   1798.210     3.9172     3.9172   3.324829   3.324948     1.7635     2.2144   -0.00038   -0.00002    90.0014     0.0448     0.0268    232.045    235.332    34.9743    34.9757    27.7897    27.7908    1496.30    1496.30         30 0.0000e+00
      48720  67.738541   1817.000   1799.189     3.9173     3.9172   3.324865   3.324993     1.7635     2.2142   -0.00022   -0.00004    90.0014     0.0513     0.0241    232.076    235.339    34.9741    34.9757    27.7895    27.7909    1496.31    1496.31         29 0.0000e+00
      48746  67.738556   1818.000   1800.175     3.9175     3.9174   3.324927   3.325048     1.7635     2.2141   -0.00005   -0.00013    90.0014     0.0459     0.0260    232.107    235.362    34.9742    34.9757    27.7896    27.7909    1496.33    1496.33         23 0.0000e+00
      48769  67.738564   1819.000   1801.162     3.9175     3.9174   3.324970   3.325088     1.7634     2.2141    0.00001   -0.00014    90.0014     0.0456     0.0266    232.127    235.390    34.9742    34.9756    27.7896    27.7908    1496.35    1496.35         22 0.0000e+00
      48789  67.738571   1820.000   1802.150     3.9170     3.9170   3.324976   3.325088     1.7632     2.2136    0.00004   -0.00011    90.0014     0.0446     0.0253    232.115    235.349    34.9742    34.9756    27.7897    27.7909    1496.36    1496.36         20 0.0000e+00
      48810  67.738586   1821.000   1803.132     3.9161     3.9161   3.324927   3.325051     1.7630     2.2132   -0.00009   -0.00005    89.9896     0.0449     0.0265    232.122    235.336    34.9741    34.9757    27.7898    27.7910    1496.37    1496.38         21 0.0000e+00
      48832  67.738594   1822.000   1804.126     3.9157     3.9156   3.324925   3.325056     1.7627     2.2129   -0.00009   -0.00014    90.0126     0.0445     0.0258    232.095    235.327    34.9741    34.9757    27.7898    27.7911    1496.39    1496.39         23 0.0000e+00
      48854  67.738609   1823.000   1805.105     3.9150     3.9149   3.324898   3.325015     1.7628     2.2127   -0.00027   -0.00052    90.0079     0.0431     0.0265    232.145    235.330    34.9741    34.9755    27.7899    27.7910    1496.40    1496.40         22 0.0000e+00
      48876  67.738617   1824.000   1806.092     3.9143     3.9142   3.324879   3.324988     1.7626     2.2131   -0.00023   -0.00043    90.0093     0.0511     0.0257    232.142    235.426    34.9741    34.9755    27.7899    27.7911    1496.42    1496.42         21 0.0000e+00
      48897  67.738625   1825.000   1807.081     3.9138     3.9137   3.324876   3.324991     1.7628     2.2127   -0.00017   -0.00033    90.0049     0.0490     0.0223    232.208    235.397    34.9741    34.9756    27.7900    27.7912    1496.43    1496.43         21 0.0000e+00
      48918  67.738640   1826.000   1808.068     3.9136     3.9135   3.324899   3.325022     1.7625     2.2122   -0.00010   -0.00001    90.0015     0.0476     0.0243    232.186    235.364    34.9741    34.9756    27.7900    27.7913    1496.45    1496.45         22 0.0000e+00
      48941  67.738647   1827.000   1809.054     3.9131     3.9131   3.324905   3.325024     1.7625     2.2120   -0.00002    0.00005    90.0177     0.0529     0.0246    232.217    235.362    34.9741    34.9756    27.7901    27.7913    1496.46    1496.46         24 0.0000e+00
      48968  67.738663   1828.000   1810.040     3.9128     3.9128   3.324910   3.325043     1.7623     2.2114   -0.00011   -0.00042    90.0113     0.0457     0.0210    232.222    235.319    34.9740    34.9757    27.7901    27.7914    1496.48    1496.48         29 0.0000e+00
      48997  67.738678   1829.000   1811.020     3.9128     3.9127   3.324943   3.325073     1.7623     2.2115   -0.00008   -0.00033    90.0050     0.0453     0.0177    232.254    235.365    34.9740    34.9756    27.7901    27.7914    1496.49    1496.50         28 0.0000e+00
      49023  67.738686   1830.000   1812.007     3.9127     3.9126   3.324980   3.325109     1.7623     2.2110   -0.00011   -0.00047    90.0014     0.0443     0.0190    232.285    235.323    34.9740    34.9757    27.7901    27.7914    1496.51    1496.51         25 0.0000e+00
      49047  67.738701   1831.000   1812.997     3.9124     3.9123   3.324993   3.325126     1.7623     2.2111   -0.00006    0.00001    90.0014     0.0459     0.0192    232.319    235.364    34.9740    34.9757    27.7901    27.7915    1496.53    1496.53         24 0.0000e+00
      49073  67.738708   1832.000   1813.983     3.9122     3.9120   3.325027   3.325134     1.7623     2.2110    0.00002   -0.00036    90.0014     0.0470     0.0204    232.353    235.391    34.9742    34.9757    27.7903    27.7915    1496.54    1496.54         27 0.0000e+00
      49101  67.738724   1833.000   1814.964     3.9121     3.9120   3.325054   3.325177     1.7623     2.2110   -0.00002   -0.00006    90.0123     0.0532     0.0252    232.384    235.423    34.9742    34.9756    27.7903    27.7915    1496.56    1496.56         28 0.0000e+00
      49126  67.738739   1834.000   1815.949     3.9119     3.9119   3.325094   3.325202     1.7624     2.2110   -0.00002    0.00000    90.0127     0.0539     0.0245    232.416    235.457    34.9743    34.9756    27.7904    27.7915    1496.58    1496.58         23 0.0000e+00
      49148  67.738747   1835.000   1816.936     3.9112     3.9111   3.325057   3.325179     1.7620     2.2111   -0.00004   -0.00002    90.0014     0.0543     0.0262    232.386    235.493    34.9741    34.9757    27.7904    27.7916    1496.59    1496.59         20 0.0000e+00
      49167  67.738754   1836.000   1817.922     3.9089     3.9088   3.324888   3.324991     1.7611     2.2107   -0.00007    0.00008    90.0014     0.0519     0.0266    232.271    235.491    34.9741    34.9754    27.7906    27.7916    1496.60    1496.60         18 0.0000e+00
      49185  67.738762   1837.000   1818.910     3.9059     3.9059   3.324662   3.324776     1.7611     2.2099   -0.00008    0.00006    90.0224     0.0501     0.0264    232.323    235.426    34.9741    34.9755    27.7909    27.7920    1496.60    1496.60         19 0.0000e+00
      49203  67.738777   1838.000   1819.898     3.9044     3.9044   3.324570   3.324682     1.7611     2.2098   -0.00028   -0.00005    90.0070     0.0445     0.0251    232.362    235.458    34.9741    34.9755    27.7911    27.7922    1496.61    1496.61         18 0.0000e+00
      49223  67.738785   1839.000   1820.885     3.9032     3.9032   3.324502   3.324619     1.7611     2.2098   -0.00049   -0.00038    90.0015     0.0448     0.0272    232.401    235.497    34.9741    34.9755    27.7912    27.7923    1496.62    1496.62         21 0.0000e+00
      49245  67.738792   1840.000   1821.873     3.9030     3.9030   3.324520   3.324649     1.7611     2.2097   -0.00025   -0.00076    90.0014     0.0450     0.0279    232.434    235.516    34.9741    34.9756    27.7912    27.7924    1496.64    1496.64         23 0.0000e+00
      49271  67.738808   1841.000   1822.857     3.9023     3.9023   3.324488   3.324616     1.7612     2.2099   -0.00006   -0.00017    90.0014     0.0453     0.0267    232.471    235.567    34.9740    34.9754    27.7912    27.7924    1496.65    1496.65         30 0.0000e+00
      49304  67.738823   1842.000   1823.840     3.9007     3.9009   3.324384   3.324525     1.7612     2.2099   -0.00000   -0.00000    90.0014     0.0452     0.0240    232.511    235.608    34.9739    34.9754    27.7913    27.7925    1496.66    1496.66         36 0.0000e+00
      49338  67.738838   1843.000   1824.823     3.8986     3.8986   3.324237   3.324363     1.7612     2.2099   -0.00001    0.00008    90.0014     0.0457     0.0224    232.558    235.657    34.9739    34.9754    27.7916    27.7928    1496.67    1496.67         31 0.0000e+00
      49367  67.738853   1844.000   1825.806     3.8981     3.8980   3.324233   3.324346     1.7612     2.2099    0.00009   -0.00011    90.0014     0.0451     0.0227    232.594    235.699    34.9739    34.9754    27.7917    27.7928    1496.68    1496.69         26 0.0000e+00
      49390  67.738861   1845.000   1826.796     3.8967     3.8966   3.324149   3.324253     1.7612     2.2097   -0.00001   -0.00006    90.0014     0.0494     0.0215    232.634    235.708    34.9739    34.9752    27.7918    27.7928    1496.70    1496.70         21 0.0000e+00
      49410  67.738876   1846.000   1827.781     3.8948     3.8946   3.324013   3.324136     1.7612     2.2098   -0.00005    0.00018    90.0103     0.0532     0.0215    232.678    235.759    34.9739    34.9755    27.7920    27.7932    1496.70    1496.71         19 0.0000e+00
      49429  67.738884   1847.000   1828.767     3.8942     3.8941   3.324003   3.324120     1.7612     2.2096    0.00001    0.00002    90.0013     0.0460     0.0198    232.710    235.764    34.9739    34.9753    27.7920    27.7932    1496.72    1496.72         18 0.0000e+00
      49447  67.738892   1848.000   1829.755     3.8939     3.8938   3.324010   3.324131     1.7609     2.2090   -0.00004   -0.00016    90.0067     0.0413     0.0189    232.681    235.712    34.9738    34.9754    27.7920    27.7932    1496.73    1496.74         18 0.0000e+00
      49464  67.738899   1849.000   1830.743     3.8928     3.8928   3.323952   3.324079     1.7600     2.2087   -0.00003   -0.00009    90.0106     0.0381     0.0183    232.556    235.711    34.9738    34.9753    27.7921    27.7933    1496.75    1496.75         18 0.0000e+00
      49484  67.738907   1850.000   1831.733     3.8919     3.8918   3.323922   3.324037     1.7600     2.2088   -0.00020   -0.00014    90.0159     0.0442     0.0181    232.591    235.757    34.9739    34.9753    27.7923    27.7934    1496.76    1496.76         21 0.0000e+00
      49508  67.738922   1851.000   1832.718     3.8915     3.8914   3.323913   3.324042     1.7600     2.2084   -0.00048   -0.00055    90.0069     0.0463     0.0175    232.627    235.746    34.9738    34.9753    27.7923    27.7935    1496.77    1496.78         27 0.0000e+00
      49540  67.738937   1852.000   1833.698     3.8910     3.8910   3.323908   3.324041     1.7600     2.2077   -0.00022   -0.00020    90.0058     0.0514     0.0210    232.661    235.668    34.9737    34.9753    27.7922    27.7935    1496.79    1496.79         38 0.0000e+00
      49575  67.738953   1853.000   1834.678     3.8906     3.8906   3.323914   3.324049     1.7600     2.2079   -0.00004   -0.00049    89.9570     0.0450     0.0248    232.697    235.741    34.9737    34.9754    27.7923    27.7936    1496.80    1496.81         29 0.0000e+00
      49601  67.738968   1854.000   1835.667     3.8900     3.8899   3.323908   3.324025     1.7600     2.2084    0.00000   -0.00046    90.0102     0.0452     0.0254    232.732    235.847    34.9738    34.9753    27.7924    27.7937    1496.82    1496.82         23 0.0000e+00
      49622  67.738976   1855.000   1836.652     3.8896     3.8895   3.323908   3.324028     1.7600     2.2086    0.00010    0.00015    90.0097     0.0458     0.0265    232.765    235.899    34.9738    34.9753    27.7925    27.7937    1496.83    1496.83         20 0.0000e+00
      49641  67.738983   1856.000   1837.637     3.8868     3.8867   3.323696   3.323794     1.7600     2.2077   -0.00007    0.00032    90.0080     0.0441     0.0272    232.814    235.820    34.9738    34.9750    27.7928    27.7938    1496.84    1496.84         18 0.0000e+00
      49658  67.738991   1857.000   1838.629     3.8821     3.8820   3.323314   3.323420     1.7595     2.2075   -0.00007    0.00045    90.0028     0.0455     0.0268    232.776    235.864    34.9737    34.9750    27.7932    27.7943    1496.84    1496.84         18 0.0000e+00
      49677  67.739006   1858.000   1839.618     3.8798     3.8796   3.323135   3.323251     1.7594     2.2075   -0.00004    0.00014    90.0108     0.0443     0.0260    232.809    235.912    34.9736    34.9751    27.7933    27.7945    1496.84    1496.84         20 0.0000e+00
