data/CTD/cnv/dfr29008.cnv
* Sea-Bird SBE 9 Data File:
* FileName = C:\SEASOFT\PIRATA-FR29\data\fr29008.hex
* Software Version Seasave V 7.26.7.107
* Temperature SN = 6083
* Conductivity SN = 4509
* Number of Bytes Per Scan = 42
* Number of Voltage Words = 3
* Number of Scans Averaged by the Deck Unit = 1
* NMEA Latitude = 00 29.95 N
* NMEA Longitude = 000 00.04 E
* NMEA UTC (Time) = Mar 11 2019 06:19:26
** Cruise: PIRATA-FR29
** Ship: THALASSA
** Station: 8
** Bottom Depth: 4902.1
** Barometric pressure : 1010.1
** Temp Air: 28.3
** Operator: PS/MG
** Comments:
# nquan = 25
# nvalues = 2019                        
# units = specified
# name 0 = scan: Scan Count
# name 1 = timeJ: Julian Days
# name 2 = prDM: Pressure, Digiquartz [db]
# name 3 = depSM: Depth [salt water, m]
# name 4 = t090C: Temperature [ITS-90, deg C]
# name 5 = t190C: Temperature, 2 [ITS-90, deg C]
# name 6 = c0S/m: Conductivity [S/m]
# name 7 = c1S/m: Conductivity, 2 [S/m]
# name 8 = sbeox0V: Oxygen raw, SBE 43 [V]
# name 9 = sbeox1V: Oxygen raw, SBE 43, 2 [V]
# name 10 = sbox0dV/dT: Oxygen, SBE 43 [dov/dt]
# name 11 = sbox1dV/dT: Oxygen, SBE 43, 2 [dov/dt]
# name 12 = CStarTr0: Beam Transmission, WET Labs C-Star [%]
# name 13 = flECO-AFL: Fluorescence, WET Labs ECO-AFL/FL [mg/m^3]
# name 14 = flC: Fluorescence, Chelsea Aqua 3 Chl Con [ug/l]
# name 15 = sbox0Mm/Kg: Oxygen, SBE 43 [umol/kg], WS = 2
# name 16 = sbox1Mm/Kg: Oxygen, SBE 43, 2 [umol/kg], WS = 2
# name 17 = sal00: Salinity, Practical [PSU]
# name 18 = sal11: Salinity, Practical, 2 [PSU]
# name 19 = sigma-é00: Density [sigma-theta, kg/m^3]
# name 20 = sigma-é11: Density, 2 [sigma-theta, kg/m^3]
# name 21 = svCM: Sound Velocity [Chen-Millero, m/s]
# name 22 = svCM1: Sound Velocity, 2 [Chen-Millero, m/s]
# name 23 = nbin: number of scans per bin
# name 24 = flag: flag
# span 0 =      -1739,      60377       
# span 1 =  70.262668,  70.292623       
# span 2 =      4.000,   2022.000       
# span 3 =      3.979,   2001.220       
# span 4 =     3.6097,    29.5172       
# span 5 =     3.6093,    29.5170       
# span 6 =   3.304845,   5.678572       
# span 7 =   3.304966,   5.678932       
# span 8 =     0.9904,     2.6509       
# span 9 =     1.1758,     3.3494       
# span 10 =   -0.05153,    0.01487      
# span 11 =   -0.06848,    0.02078      
# span 12 =    87.9076,    89.8957      
# span 13 =     0.0369,     0.8512      
# span 14 =     0.0137,     0.2381      
# span 15 =     63.375,    233.923      
# span 16 =     63.842,    236.989      
# span 17 =    34.2669,    36.5037      
# span 18 =    34.2674,    36.4942      
# span 19 =    21.3455,    27.8141      
# span 20 =    21.3462,    27.8157      
# span 21 =    1482.73,    1544.09      
# span 22 =    1482.73,    1544.09      
# span 23 =         13,        117      
# span 24 = 0.0000e+00, 0.0000e+00      
# interval = decibars: 1                
# start_time = Mar 11 2019 06:19:27 [System UTC, first data scan.]
# bad_flag = -9.990e-29
*END*
[from data line 1972]
      56168  70.290596   1976.000   1955.900     3.6427     3.6422   3.306134   3.306233     1.7374     2.1763   -0.00018   -0.00037    89.8813     0.0444     0.0255    233.846    236.687    34.9662    34.9680    27.8120    27.8134    1497.82    1497.82         25 0.0000e+00
      56193  70.290604   1977.000   1956.886     3.6421     3.6417   3.306123   3.306231     1.7374     2.1767   -0.00007   -0.00029    89.8721     0.0453     0.0282    233.881    236.772    34.9663    34.9680    27.8121    27.8136    1497.83    1497.83         24 0.0000e+00
      56216  70.290619   1978.000   1957.874     3.6416     3.6411   3.306105   3.306217     1.7371     2.1762   -0.00014    0.00016    89.8759     0.0464     0.0290    233.853    236.744    34.9661    34.9680    27.8121    27.8136    1497.85    1497.85         23 0.0000e+00
      56240  70.290627   1979.000   1958.862     3.6409     3.6403   3.306085   3.306187     1.7370     2.1756    0.00002    0.00029    89.8728     0.0438     0.0277    233.869    236.682    34.9662    34.9679    27.8122    27.8136    1497.86    1497.86         25 0.0000e+00
      56270  70.290642   1980.000   1959.843     3.6402     3.6397   3.306058   3.306168     1.7364     2.1756   -0.00022   -0.00019    89.8801     0.0512     0.0286    233.786    236.722    34.9661    34.9679    27.8122    27.8137    1497.88    1497.88         37 0.0000e+00
      56307  70.290657   1981.000   1960.827     3.6397     3.6392   3.306059   3.306166     1.7364     2.1763   -0.00018   -0.00045    89.8835     0.0478     0.0259    233.820    236.854    34.9661    34.9679    27.8123    27.8138    1497.89    1497.89         33 0.0000e+00
      56335  70.290672   1982.000   1961.810     3.6392     3.6386   3.306057   3.306158     1.7364     2.1768   -0.00012    0.00016    89.8841     0.0484     0.0232    233.854    236.962    34.9662    34.9680    27.8124    27.8138    1497.90    1497.90         25 0.0000e+00
      56359  70.290688   1983.000   1962.797     3.6385     3.6380   3.306029   3.306134     1.7364     2.1767   -0.00019    0.00041    89.8841     0.0488     0.0238    233.891    236.989    34.9661    34.9679    27.8124    27.8139    1497.92    1497.92         23 0.0000e+00
      56381  70.290695   1984.000   1963.782     3.6379     3.6375   3.306020   3.306129     1.7363     2.1761   -0.00020    0.00034    89.8841     0.0500     0.0260    233.915    236.931    34.9661    34.9679    27.8125    27.8139    1497.93    1497.93         20 0.0000e+00
      56401  70.290703   1985.000   1964.766     3.6378     3.6373   3.306046   3.306157     1.7362     2.1758   -0.00010    0.00041    89.8841     0.0369     0.0230    233.921    236.922    34.9661    34.9680    27.8125    27.8140    1497.95    1497.95         19 0.0000e+00
      56418  70.290710   1986.000   1965.750     3.6376     3.6372   3.306071   3.306184     1.7360     2.1755    0.00003   -0.00005    89.8841     0.0501     0.0258    233.908    236.916    34.9661    34.9679    27.8125    27.8140    1497.97    1497.97         17 0.0000e+00
      56435  70.290726   1987.000   1966.741     3.6372     3.6368   3.306070   3.306189     1.7355     2.1748    0.00005   -0.00041    89.8841     0.0537     0.0226    233.858    236.845    34.9660    34.9679    27.8125    27.8140    1497.98    1497.98         17 0.0000e+00
      56452  70.290733   1988.000   1967.728     3.6369     3.6364   3.306081   3.306190     1.7352     2.1744   -0.00012   -0.00049    89.8841     0.0530     0.0221    233.825    236.818    34.9660    34.9679    27.8125    27.8140    1498.00    1498.00         18 0.0000e+00
      56472  70.290741   1989.000   1968.718     3.6363     3.6358   3.306066   3.306186     1.7352     2.1743   -0.00022   -0.00045    89.8841     0.0470     0.0255    233.860    236.837    34.9660    34.9679    27.8125    27.8141    1498.01    1498.01         21 0.0000e+00
      56499  70.290756   1990.000   1969.703     3.6360     3.6354   3.306073   3.306176     1.7352     2.1738   -0.00051   -0.00071    89.8841     0.0455     0.0253    233.894    236.797    34.9660    34.9677    27.8126    27.8140    1498.03    1498.03         37 0.0000e+00
      56544  70.290771   1991.000   1970.675     3.6357     3.6359   3.306083   3.306256     1.7352     2.1737   -0.00009   -0.00030    89.8841     0.0437     0.0209    233.923    236.815    34.9658    34.9677    27.8125    27.8140    1498.04    1498.04         43 0.0000e+00
      56576  70.290794   1992.000   1971.660     3.6350     3.6345   3.306060   3.306174     1.7348     2.1735    0.00005   -0.00026    89.8841     0.0522     0.0180    233.892    236.823    34.9659    34.9678    27.8126    27.8142    1498.05    1498.06         26 0.0000e+00
      56600  70.290802   1993.000   1972.648     3.6333     3.6328   3.305938   3.306041     1.7343     2.1728    0.00002    0.00006    89.8841     0.0473     0.0212    233.834    236.771    34.9658    34.9675    27.8127    27.8142    1498.06    1498.06         23 0.0000e+00
      56622  70.290810   1994.000   1973.635     3.6323     3.6318   3.305886   3.305996     1.7342     2.1724   -0.00026   -0.00004    89.8841     0.0493     0.0238    233.848    236.740    34.9657    34.9675    27.8128    27.8143    1498.08    1498.08         20 0.0000e+00
      56641  70.290825   1995.000   1974.620     3.6318     3.6314   3.305878   3.305995     1.7335     2.1715   -0.00014   -0.00034    89.8841     0.0527     0.0245    233.762    236.657    34.9657    34.9675    27.8128    27.8143    1498.09    1498.09         19 0.0000e+00
      56659  70.290833   1996.000   1975.604     3.6315     3.6310   3.305889   3.306000     1.7332     2.1709   -0.00035   -0.00053    89.8841     0.0429     0.0245    233.724    236.598    34.9656    34.9675    27.8128    27.8143    1498.11    1498.11         18 0.0000e+00
      56678  70.290840   1997.000   1976.591     3.6309     3.6305   3.305876   3.305981     1.7327     2.1699   -0.00056   -0.00063    89.8841     0.0445     0.0253    233.668    236.493    34.9656    34.9673    27.8129    27.8142    1498.12    1498.12         18 0.0000e+00
      56696  70.290848   1998.000   1977.579     3.6304     3.6300   3.305863   3.305978     1.7320     2.1695   -0.00043   -0.00083    89.8762     0.0461     0.0254    233.567    236.460    34.9655    34.9673    27.8128    27.8143    1498.14    1498.14         19 0.0000e+00
      56716  70.290855   1999.000   1978.567     3.6295     3.6290   3.305823   3.305929     1.7315     2.1686   -0.00060   -0.00097    89.8641     0.0534     0.0235    233.508    236.373    34.9655    34.9673    27.8129    27.8144    1498.15    1498.15         21 0.0000e+00
      56739  70.290871   2000.000   1979.552     3.6280     3.6275   3.305719   3.305827     1.7309     2.1681   -0.00063   -0.00098    89.8818     0.0594     0.0225    233.436    236.339    34.9654    34.9672    27.8130    27.8145    1498.16    1498.16         26 0.0000e+00
      56770  70.290886   2001.000   1980.534     3.6269     3.6264   3.305658   3.305760     1.7303     2.1676   -0.00075   -0.00087    89.8834     0.0530     0.0237    233.367    236.307    34.9654    34.9671    27.8131    27.8146    1498.17    1498.17         37 0.0000e+00
      56810  70.290901   2002.000   1981.515     3.6258     3.6254   3.305594   3.305708     1.7303     2.1673   -0.00047   -0.00054    89.8841     0.0536     0.0260    233.404    236.299    34.9653    34.9671    27.8131    27.8146    1498.18    1498.18         38 0.0000e+00
      56843  70.290916   2003.000   1982.499     3.6234     3.6229   3.305414   3.305518     1.7303     2.1671   -0.00013   -0.00018    89.8841     0.0455     0.0242    233.451    236.321    34.9652    34.9670    27.8133    27.8148    1498.19    1498.19         29 0.0000e+00
      56869  70.290932   2004.000   1983.483     3.6212     3.6206   3.305247   3.305346     1.7296     2.1667   -0.00018   -0.00024    89.8841     0.0452     0.0236    233.358    236.316    34.9651    34.9668    27.8135    27.8149    1498.20    1498.20         24 0.0000e+00
      56891  70.290939   2005.000   1984.469     3.6203     3.6198   3.305209   3.305311     1.7294     2.1661   -0.00005   -0.00017    89.8841     0.0441     0.0237    233.357    236.262    34.9652    34.9669    27.8136    27.8150    1498.21    1498.21         21 0.0000e+00
      56910  70.290955   2006.000   1985.453     3.6199     3.6194   3.305209   3.305316     1.7292     2.1660   -0.00024   -0.00003    89.8841     0.0412     0.0199    233.348    236.272    34.9650    34.9668    27.8135    27.8150    1498.23    1498.23         18 0.0000e+00
      56928  70.290962   2007.000   1986.438     3.6194     3.6189   3.305198   3.305311     1.7291     2.1655   -0.00044   -0.00034    89.8841     0.0381     0.0153    233.370    236.234    34.9650    34.9668    27.8135    27.8151    1498.24    1498.24         17 0.0000e+00
      56945  70.290970   2008.000   1987.427     3.6189     3.6185   3.305196   3.305305     1.7291     2.1648   -0.00040   -0.00071    89.8826     0.0449     0.0137    233.404    236.175    34.9650    34.9667    27.8136    27.8151    1498.25    1498.26         16 0.0000e+00
      56961  70.290977   2009.000   1988.417     3.6177     3.6172   3.305120   3.305221     1.7284     2.1644   -0.00027   -0.00049    89.8757     0.0412     0.0155    233.303    236.150    34.9649    34.9666    27.8137    27.8151    1498.27    1498.27         17 0.0000e+00
      56979  70.290985   2010.000   1989.403     3.6157     3.6153   3.304978   3.305077     1.7279     2.1635   -0.00017   -0.00037    89.8705     0.0389     0.0223    233.252    236.068    34.9648    34.9665    27.8138    27.8152    1498.27    1498.27         19 0.0000e+00
      57000  70.290993   2011.000   1990.391     3.6142     3.6136   3.304866   3.304966     1.7273     2.1628   -0.00015   -0.00074    89.8718     0.0527     0.0226    233.175    236.005    34.9646    34.9664    27.8138    27.8153    1498.28    1498.28         25 0.0000e+00
      57033  70.291008   2012.000   1991.371     3.6137     3.6137   3.304859   3.305011     1.7267     2.1624   -0.00068   -0.00088    89.8739     0.0562     0.0261    233.105    235.980    34.9646    34.9664    27.8139    27.8153    1498.30    1498.30         42 0.0000e+00
      57075  70.291031   2013.000   1992.348     3.6135     3.6133   3.304885   3.305004     1.7260     2.1622   -0.00063   -0.00064    89.8768     0.0470     0.0268    233.000    235.990    34.9646    34.9663    27.8139    27.8153    1498.32    1498.32         35 0.0000e+00
      57104  70.291046   2014.000   1993.334     3.6133     3.6127   3.304901   3.305015     1.7254     2.1622   -0.00021   -0.00016    89.8841     0.0516     0.0281    232.925    236.026    34.9646    34.9665    27.8139    27.8155    1498.33    1498.33         26 0.0000e+00
      57128  70.291054   2015.000   1994.322     3.6130     3.6125   3.304920   3.305025     1.7255     2.1623   -0.00042   -0.00007    89.8841     0.0450     0.0310    232.979    236.059    34.9646    34.9664    27.8139    27.8154    1498.35    1498.35         24 0.0000e+00
      57152  70.291069   2016.000   1995.311     3.6126     3.6122   3.304931   3.305033     1.7253     2.1618   -0.00065   -0.00005    89.8841     0.0507     0.0319    232.964    236.034    34.9647    34.9664    27.8141    27.8154    1498.36    1498.36         24 0.0000e+00
      57178  70.291084   2017.000   1996.294     3.6124     3.6119   3.304938   3.305054     1.7251     2.1610   -0.00003   -0.00007    89.8841     0.0465     0.0274    232.963    235.949    34.9645    34.9664    27.8140    27.8155    1498.38    1498.38         26 0.0000e+00
      57204  70.291092   2018.000   1997.278     3.6119     3.6114   3.304942   3.305051     1.7244     2.1601   -0.00009   -0.00028    89.8841     0.0450     0.0269    232.869    235.845    34.9646    34.9664    27.8141    27.8156    1498.39    1498.39         26 0.0000e+00
      57230  70.291107   2019.000   1998.262     3.6112     3.6106   3.304904   3.305015     1.7242     2.1598   -0.00022   -0.00055    89.8841     0.0554     0.0258    232.863    235.844    34.9645    34.9664    27.8141    27.8156    1498.41    1498.41         26 0.0000e+00
      57255  70.291115   2020.000   1999.251     3.6103     3.6099   3.304868   3.304978     1.7241     2.1590   -0.00049   -0.00072    89.8841     0.0565     0.0263    232.873    235.765    34.9644    34.9662    27.8141    27.8156    1498.42    1498.42         26 0.0000e+00
      57287  70.291130   2021.000   2000.241     3.6097     3.6093   3.304845   3.304966     1.7233     2.1584   -0.00027   -0.00051    89.8810     0.0472     0.0257    232.759    235.705    34.9643    34.9662    27.8141    27.8157    1498.43    1498.43         42 0.0000e+00
      60377  70.292625   2022.000   2001.220     3.6114     3.6103   3.305032   3.305085     1.7224     2.1571    0.00008   -0.00002    89.8828     0.0510     0.0184    232.600    235.550    34.9643    34.9661    27.8140    27.8155    1498.46    1498.46         50 0.0000e+00
