data/CTD/cnv/dfr29007.cnv
* Sea-Bird SBE 9 Data File:
* FileName = C:\SEASOFT\PIRATA-FR29\data\fr29007.hex
* Software Version Seasave V 7.26.7.107
* Temperature SN = 6083
* Conductivity SN = 4509
* Number of Bytes Per Scan = 42
* Number of Voltage Words = 3
* Number of Scans Averaged by the Deck Unit = 1
* NMEA Latitude = 01 00.07 N
* NMEA Longitude = 000 00.01 E
* NMEA UTC (Time) = Mar 11 2019 00:52:12
** Cruise: PIRATA-FR29
** Ship: THALASSA
** Station: 7
** Bottom Depth: 4893.7
** Barometric pressure : 1010.3
** Temp Air: 28.7
** Operator: AT/FN
** Comments:
# nquan = 25
# nvalues = 2023                        
# units = specified
# name 0 = scan: Scan Count
# name 1 = timeJ: Julian Days
# name 2 = prDM: Pressure, Digiquartz [db]
# name 3 = depSM: Depth [salt water, m]
# name 4 = t090C: Temperature [ITS-90, deg C]
# name 5 = t190C: Temperature, 2 [ITS-90, deg C]
# name 6 = c0S/m: Conductivity [S/m]
# name 7 = c1S/m: Conductivity, 2 [S/m]
# name 8 = sbeox0V: Oxygen raw, SBE 43 [V]
# name 9 = sbeox1V: Oxygen raw, SBE 43, 2 [V]
# name 10 = sbox0dV/dT: Oxygen, SBE 43 [dov/dt]
# name 11 = sbox1dV/dT: Oxygen, SBE 43, 2 [dov/dt]
# name 12 = CStarTr0: Beam Transmission, WET Labs C-Star [%]
# name 13 = flECO-AFL: Fluorescence, WET Labs ECO-AFL/FL [mg/m^3]
# name 14 = flC: Fluorescence, Chelsea Aqua 3 Chl Con [ug/l]
# name 15 = sbox0Mm/Kg: Oxygen, SBE 43 [umol/kg], WS = 2
# name 16 = sbox1Mm/Kg: Oxygen, SBE 43, 2 [umol/kg], WS = 2
# name 17 = sal00: Salinity, Practical [PSU]
# name 18 = sal11: Salinity, Practical, 2 [PSU]
# name 19 = sigma-é00: Density [sigma-theta, kg/m^3]
# name 20 = sigma-é11: Density, 2 [sigma-theta, kg/m^3]
# name 21 = svCM: Sound Velocity [Chen-Millero, m/s]
# name 22 = svCM1: Sound Velocity, 2 [Chen-Millero, m/s]
# name 23 = nbin: number of scans per bin
# name 24 = flag: flag
# span 0 =        861,      56146       
# span 1 =  70.036676,  70.063338       
# span 2 =      4.000,   2026.000       
# span 3 =      3.978,   2005.159       
# span 4 =     3.5293,    29.6423       
# span 5 =     3.5290,    29.6443       
# span 6 =   3.297693,   5.731041       
# span 7 =   3.297795,   5.730974       
# span 8 =     1.0240,     2.6564       
# span 9 =     1.2186,     3.3422       
# span 10 =   -0.04284,    0.00916      
# span 11 =   -0.05820,    0.01074      
# span 12 =    87.5587,    89.9312      
# span 13 =    11.9944,    13.4281      
# span 14 =     0.0123,     0.3243      
# span 15 =     66.889,    234.088      
# span 16 =     67.039,    236.953      
# span 17 =    34.4879,    36.2017      
# span 18 =    34.4885,    36.1980      
# span 19 =    21.4643,    27.8201      
# span 20 =    21.4640,    27.8214      
# span 21 =    1483.62,    1544.78      
# span 22 =    1483.62,    1544.78      
# span 23 =         14,        189      
# span 24 = 0.0000e+00, 0.0000e+00      
# interval = decibars: 1                
# start_time = Mar 11 2019 00:52:13 [System UTC, first data scan.]
# bad_flag = -9.990e-29
*END*
[from data line 1508]
      43563  70.057266   1512.000   1498.255     4.2413     4.2410   3.340593   3.340668     1.7521     2.1939    0.00031    0.00054    89.9038    12.9077     0.0256    219.095    221.518    34.9658    34.9670    27.7466    27.7476    1492.55    1492.55         31 0.0000e+00
      43594  70.057281   1513.000   1499.241     4.2399     4.2395   3.340535   3.340607     1.7527     2.1943    0.00047    0.00058    89.9034    12.9132     0.0244    219.239    221.607    34.9661    34.9673    27.7470    27.7480    1492.56    1492.56         29 0.0000e+00
      43620  70.057297   1514.000   1500.227     4.2388     4.2385   3.340498   3.340570     1.7530     2.1949    0.00058    0.00069    89.9076    12.9072     0.0257    219.326    221.721    34.9663    34.9674    27.7473    27.7483    1492.58    1492.58         24 0.0000e+00
      43642  70.057304   1515.000   1501.214     4.2386     4.2382   3.340553   3.340627     1.7530     2.1949    0.00051    0.00027    89.9075    12.9083     0.0247    219.356    221.756    34.9666    34.9679    27.7476    27.7487    1492.59    1492.59         20 0.0000e+00
      43661  70.057320   1516.000   1502.199     4.2383     4.2380   3.340589   3.340666     1.7531     2.1952    0.00048    0.00049    89.9075    12.9151     0.0280    219.406    221.828    34.9669    34.9682    27.7478    27.7489    1492.61    1492.61         18 0.0000e+00
      43677  70.057327   1517.000   1503.192     4.2380     4.2376   3.340608   3.340680     1.7533     2.1958    0.00034    0.00050    89.9075    12.9189     0.0290    219.461    221.931    34.9670    34.9682    27.7480    27.7490    1492.62    1492.62         16 0.0000e+00
      43694  70.057335   1518.000   1504.181     4.2372     4.2369   3.340578   3.340656     1.7535     2.1963    0.00008    0.00026    89.9075    12.9212     0.0237    219.535    222.027    34.9669    34.9682    27.7480    27.7491    1492.64    1492.64         16 0.0000e+00
      43710  70.057343   1519.000   1505.167     4.2359     4.2356   3.340506   3.340583     1.7541     2.1970   -0.00002    0.00016    89.9075    12.9107     0.0210    219.682    222.160    34.9669    34.9682    27.7482    27.7492    1492.65    1492.65         17 0.0000e+00
      43727  70.057350   1520.000   1506.162     4.2351     4.2347   3.340479   3.340557     1.7545     2.1975    0.00012    0.00040    89.9075    12.9094     0.0184    219.781    222.263    34.9670    34.9683    27.7483    27.7494    1492.66    1492.66         17 0.0000e+00
      43746  70.057358   1521.000   1507.144     4.2348     4.2345   3.340487   3.340578     1.7546     2.1977    0.00026    0.00078    89.9075    12.9152     0.0178    219.823    222.324    34.9669    34.9684    27.7483    27.7495    1492.68    1492.68         21 0.0000e+00
      43768  70.057365   1522.000   1508.135     4.2338     4.2334   3.340446   3.340529     1.7546     2.1977    0.00067    0.00089    89.9075    12.9143     0.0239    219.858    222.360    34.9670    34.9684    27.7485    27.7496    1492.69    1492.69         23 0.0000e+00
      43795  70.057381   1523.000   1509.121     4.2335     4.2332   3.340472   3.340562     1.7546     2.1981    0.00042    0.00061    89.9067    12.9152     0.0230    219.886    222.442    34.9672    34.9686    27.7486    27.7498    1492.70    1492.70         32 0.0000e+00
      43832  70.057396   1524.000   1510.104     4.2334     4.2331   3.340535   3.340619     1.7555     2.1992   -0.00000    0.00010    89.8869    12.9102     0.0246    220.074    222.611    34.9675    34.9688    27.7490    27.7500    1492.72    1492.72         41 0.0000e+00
      43869  70.057419   1525.000   1511.086     4.2333     4.2329   3.340584   3.340660     1.7562     2.2006    0.00030    0.00063    89.9067    12.9161     0.0277    220.223    222.831    34.9677    34.9690    27.7491    27.7502    1492.74    1492.74         31 0.0000e+00
      43896  70.057426   1526.000   1512.072     4.2332     4.2328   3.340631   3.340700     1.7566     2.2012    0.00059    0.00068    89.9030    12.9035     0.0302    220.332    222.937    34.9678    34.9691    27.7492    27.7503    1492.75    1492.75         24 0.0000e+00
      43917  70.057442   1527.000   1513.064     4.2332     4.2329   3.340680   3.340756     1.7567     2.2014    0.00043    0.00084    89.9075    12.9086     0.0300    220.367    222.998    34.9680    34.9692    27.7494    27.7504    1492.77    1492.77         20 0.0000e+00
      43936  70.057449   1528.000   1514.049     4.2332     4.2330   3.340728   3.340793     1.7568     2.2015    0.00056    0.00093    89.9075    12.9143     0.0293    220.423    223.035    34.9680    34.9690    27.7494    27.7502    1492.79    1492.79         17 0.0000e+00
      43954  70.057457   1529.000   1515.042     4.2333     4.2330   3.340761   3.340848     1.7570     2.2015    0.00037    0.00060    89.9075    12.9081     0.0280    220.489    223.064    34.9678    34.9692    27.7492    27.7504    1492.80    1492.80         18 0.0000e+00
      43972  70.057465   1530.000   1516.031     4.2330     4.2326   3.340767   3.340852     1.7570     2.2016    0.00004    0.00030    89.9075    12.9122     0.0281    220.522    223.105    34.9677    34.9692    27.7492    27.7504    1492.82    1492.82         19 0.0000e+00
      43991  70.057472   1531.000   1517.016     4.2320     4.2315   3.340726   3.340795     1.7570     2.2016    0.00020    0.00016    89.9075    12.9102     0.0276    220.556    223.149    34.9678    34.9691    27.7494    27.7505    1492.83    1492.83         20 0.0000e+00
      44012  70.057487   1532.000   1518.003     4.2313     4.2310   3.340705   3.340787     1.7570     2.2013    0.00021    0.00005    89.9054    12.9016     0.0272    220.589    223.135    34.9678    34.9691    27.7495    27.7505    1492.85    1492.85         21 0.0000e+00
      44033  70.057495   1533.000   1518.991     4.2318     4.2315   3.340795   3.340893     1.7571     2.2006    0.00006    0.00006    89.8976    12.9067     0.0244    220.618    223.068    34.9678    34.9693    27.7495    27.7507    1492.87    1492.87         21 0.0000e+00
      44054  70.057503   1534.000   1519.977     4.2322     4.2318   3.340881   3.340970     1.7563     2.2004   -0.00004   -0.00001    89.9001    12.9072     0.0253    220.506    223.063    34.9680    34.9694    27.7496    27.7507    1492.88    1492.88         22 0.0000e+00
      44077  70.057518   1535.000   1520.966     4.2331     4.2327   3.341030   3.341110     1.7563     2.2003   -0.00026   -0.00045    89.9055    12.9118     0.0263    220.535    223.079    34.9683    34.9696    27.7497    27.7508    1492.90    1492.90         23 0.0000e+00
      44101  70.057526   1536.000   1521.952     4.2337     4.2333   3.341139   3.341221     1.7567     2.2003   -0.00018   -0.00063    89.8898    12.9147     0.0233    220.621    223.105    34.9685    34.9698    27.7498    27.7509    1492.92    1492.92         24 0.0000e+00
      44126  70.057541   1537.000   1522.940     4.2338     4.2334   3.341190   3.341272     1.7569     2.2003   -0.00029   -0.00013    89.8994    12.9114     0.0224    220.697    223.135    34.9685    34.9698    27.7498    27.7509    1492.94    1492.94         26 0.0000e+00
      44152  70.057556   1538.000   1523.926     4.2338     4.2334   3.341233   3.341312     1.7570     2.2003    0.00027   -0.00002    89.9058    12.9147     0.0246    220.743    223.165    34.9685    34.9698    27.7498    27.7509    1492.96    1492.96         27 0.0000e+00
      44179  70.057564   1539.000   1524.912     4.2331     4.2327   3.341229   3.341310     1.7571     2.2008    0.00028   -0.00002    89.9011    12.9186     0.0267    220.785    223.257    34.9686    34.9700    27.7500    27.7511    1492.97    1492.97         26 0.0000e+00
      44204  70.057579   1540.000   1525.898     4.2323     4.2319   3.341208   3.341285     1.7571     2.2011    0.00022    0.00001    89.9048    12.9193     0.0267    220.819    223.339    34.9687    34.9700    27.7502    27.7513    1492.99    1492.99         25 0.0000e+00
      44228  70.057587   1541.000   1526.890     4.2313     4.2309   3.341153   3.341223     1.7571     2.2014    0.00009    0.00023    89.9027    12.9138     0.0259    220.856    223.407    34.9687    34.9699    27.7503    27.7513    1493.00    1493.00         24 0.0000e+00
      44253  70.057602   1542.000   1527.875     4.2293     4.2289   3.341028   3.341106     1.7577     2.2015    0.00002    0.00041    89.9029    12.9063     0.0272    221.006    223.469    34.9689    34.9701    27.7506    27.7517    1493.01    1493.01         25 0.0000e+00
      44278  70.057617   1543.000   1528.860     4.2274     4.2271   3.340910   3.340997     1.7584     2.2019    0.00009    0.00034    89.9000    12.9175     0.0265    221.158    223.551    34.9690    34.9703    27.7509    27.7520    1493.02    1493.02         25 0.0000e+00
      44301  70.057625   1544.000   1529.844     4.2264     4.2260   3.340876   3.340962     1.7583     2.2024    0.00018    0.00007    89.8952    12.9211     0.0299    221.190    223.664    34.9692    34.9705    27.7512    27.7523    1493.03    1493.03         21 0.0000e+00
      44321  70.057632   1545.000   1530.834     4.2256     4.2252   3.340870   3.340935     1.7584     2.2031    0.00051    0.00025    89.8965    12.9141     0.0280    221.224    223.780    34.9694    34.9706    27.7515    27.7525    1493.04    1493.04         19 0.0000e+00
      44340  70.057648   1546.000   1531.824     4.2241     4.2237   3.340791   3.340871     1.7584     2.2036    0.00045    0.00027    89.9011    12.9150     0.0262    221.262    223.892    34.9696    34.9709    27.7518    27.7529    1493.05    1493.05         18 0.0000e+00
      44357  70.057655   1547.000   1532.809     4.2230     4.2227   3.340751   3.340835     1.7585     2.2041    0.00023    0.00058    89.9062    12.9154     0.0269    221.322    223.991    34.9698    34.9711    27.7521    27.7531    1493.06    1493.07         18 0.0000e+00
      44376  70.057663   1548.000   1533.803     4.2221     4.2217   3.340722   3.340800     1.7589     2.2044    0.00006    0.00074    89.9063    12.9161     0.0253    221.434    224.061    34.9699    34.9712    27.7523    27.7534    1493.08    1493.08         19 0.0000e+00
      44396  70.057671   1549.000   1534.790     4.2210     4.2206   3.340680   3.340755     1.7590     2.2052    0.00001    0.00073    89.9064    12.9135     0.0243    221.482    224.210    34.9700    34.9713    27.7525    27.7536    1493.09    1493.09         21 0.0000e+00
      44419  70.057686   1550.000   1535.776     4.2197     4.2193   3.340590   3.340681     1.7596     2.2054    0.00023    0.00058    89.9075    12.9082     0.0220    221.622    224.278    34.9699    34.9713    27.7525    27.7537    1493.10    1493.10         26 0.0000e+00
      44447  70.057693   1551.000   1536.760     4.2182     4.2180   3.340527   3.340605     1.7604     2.2063    0.00034    0.00064    89.9075    12.9064     0.0175    221.795    224.429    34.9702    34.9714    27.7529    27.7539    1493.11    1493.11         29 0.0000e+00
      44476  70.057709   1552.000   1537.747     4.2175     4.2173   3.340500   3.340596     1.7609     2.2066    0.00050    0.00048    89.9075    12.9080     0.0198    221.913    224.504    34.9702    34.9715    27.7530    27.7541    1493.13    1493.13         29 0.0000e+00
      44505  70.057724   1553.000   1538.733     4.2173     4.2170   3.340526   3.340609     1.7609     2.2066    0.00063    0.00069    89.8988    12.9138     0.0203    221.945    224.536    34.9702    34.9715    27.7530    27.7541    1493.14    1493.14         28 0.0000e+00
      44532  70.057739   1554.000   1539.719     4.2160     4.2157   3.340464   3.340542     1.7609     2.2066    0.00053    0.00030    89.9003    12.9087     0.0221    221.983    224.573    34.9703    34.9715    27.7533    27.7543    1493.15    1493.15         26 0.0000e+00
      44556  70.057747   1555.000   1540.706     4.2154     4.2151   3.340450   3.340528     1.7614     2.2072    0.00010    0.00015    89.8890    12.9077     0.0235    222.117    224.690    34.9703    34.9716    27.7534    27.7544    1493.17    1493.17         23 0.0000e+00
      44578  70.057762   1556.000   1541.692     4.2155     4.2151   3.340499   3.340584     1.7620     2.2078    0.00007    0.00013    89.9031    12.9194     0.0222    222.242    224.787    34.9703    34.9717    27.7533    27.7545    1493.18    1493.18         21 0.0000e+00
      44597  70.057770   1557.000   1542.681     4.2156     4.2152   3.340545   3.340639     1.7619     2.2075    0.00026    0.00025    89.8984    12.9187     0.0225    222.255    224.786    34.9702    34.9717    27.7533    27.7545    1493.20    1493.20         18 0.0000e+00
      44615  70.057777   1558.000   1543.668     4.2157     4.2154   3.340601   3.340690     1.7613     2.2068    0.00037    0.00034    89.8919    12.9162     0.0230    222.176    224.714    34.9703    34.9716    27.7533    27.7545    1493.22    1493.22         18 0.0000e+00
      44633  70.057785   1559.000   1544.658     4.2158     4.2154   3.340646   3.340732     1.7613     2.2058    0.00035    0.00038    89.9018    12.9147     0.0250    222.209    224.611    34.9703    34.9716    27.7534    27.7545    1493.24    1493.24         17 0.0000e+00
      44650  70.057793   1560.000   1545.647     4.2148     4.2144   3.340604   3.340679     1.7609     2.2056    0.00016    0.00009    89.8972    12.9163     0.0267    222.168    224.615    34.9703    34.9716    27.7535    27.7545    1493.25    1493.25         18 0.0000e+00
      44670  70.057800   1561.000   1546.637     4.2127     4.2123   3.340466   3.340550     1.7609     2.2055   -0.00040   -0.00069    89.9030    12.9143     0.0248    222.210    224.647    34.9704    34.9719    27.7538    27.7550    1493.26    1493.26         21 0.0000e+00
      44693  70.057816   1562.000   1547.622     4.2116     4.2111   3.340407   3.340492     1.7610     2.2057   -0.00036   -0.00102    89.9039    12.9160     0.0257    222.255    224.714    34.9704    34.9719    27.7539    27.7551    1493.27    1493.27         26 0.0000e+00
      44722  70.057831   1563.000   1548.608     4.2089     4.2087   3.340218   3.340315     1.7614     2.2070   -0.00022   -0.00032    89.8974    12.9151     0.0255    222.380    224.936    34.9706    34.9719    27.7543    27.7554    1493.27    1493.28         32 0.0000e+00
      44756  70.057846   1564.000   1549.591     4.2072     4.2071   3.340127   3.340220     1.7621     2.2078    0.00008    0.00036    89.9041    12.9176     0.0246    222.539    225.082    34.9707    34.9720    27.7547    27.7557    1493.28    1493.29         33 0.0000e+00
      44785  70.057861   1565.000   1550.576     4.2070     4.2067   3.340150   3.340231     1.7622     2.2079    0.00046    0.00107    89.9076    12.9171     0.0200    222.581    225.126    34.9708    34.9721    27.7548    27.7558    1493.30    1493.30         26 0.0000e+00
      44809  70.057869   1566.000   1551.564     4.2065     4.2061   3.340160   3.340230     1.7622     2.2079    0.00053    0.00074    89.9034    12.9092     0.0231    222.614    225.158    34.9709    34.9721    27.7549    27.7559    1493.32    1493.31         23 0.0000e+00
      44830  70.057884   1567.000   1552.549     4.2045     4.2041   3.340031   3.340093     1.7622     2.2079    0.00019    0.00024    89.8891    12.9105     0.0269    222.657    225.200    34.9710    34.9722    27.7552    27.7562    1493.32    1493.32         19 0.0000e+00
      44849  70.057892   1568.000   1553.540     4.2029     4.2025   3.339931   3.340007     1.7622     2.2080    0.00010    0.00003    89.9037    12.9148     0.0276    222.696    225.250    34.9711    34.9723    27.7554    27.7565    1493.33    1493.33         18 0.0000e+00
