data/CTD/cnv/dfr29005.cnv
* Sea-Bird SBE 9 Data File:
* FileName = C:\SEASOFT\PIRATA-FR29\data\fr29005.hex
* Software Version Seasave V 7.26.7.107
* Temperature SN = 6083
* Conductivity SN = 4509
* Number of Bytes Per Scan = 42
* Number of Voltage Words = 3
* Number of Scans Averaged by the Deck Unit = 1
* NMEA Latitude = 00 00.04 N
* NMEA Longitude = 006 00.04 W
* NMEA UTC (Time) = Mar 08 2019 17:09:40
** Cruise: PIRATA-FR29
** Ship: THALASSA
** Station: 5
** Bottom Depth: 5012
** Barometric pressure : 1006.6
** Temp Air: 29.2
** Operator: PS/MG
** Comments:
# nquan = 25
# nvalues = 4059                        
# units = specified
# name 0 = scan: Scan Count
# name 1 = timeJ: Julian Days
# name 2 = prDM: Pressure, Digiquartz [db]
# name 3 = depSM: Depth [salt water, m]
# name 4 = t090C: Temperature [ITS-90, deg C]
# name 5 = t190C: Temperature, 2 [ITS-90, deg C]
# name 6 = c0S/m: Conductivity [S/m]
# name 7 = c1S/m: Conductivity, 2 [S/m]
# name 8 = sbeox0V: Oxygen raw, SBE 43 [V]
# name 9 = sbeox1V: Oxygen raw, SBE 43, 2 [V]
# name 10 = sbox0dV/dT: Oxygen, SBE 43 [dov/dt]
# name 11 = sbox1dV/dT: Oxygen, SBE 43, 2 [dov/dt]
# name 12 = CStarTr0: Beam Transmission, WET Labs C-Star [%]
# name 13 = flECO-AFL: Fluorescence, WET Labs ECO-AFL/FL [mg/m^3]
# name 14 = flC: Fluorescence, Chelsea Aqua 3 Chl Con [ug/l]
# name 15 = sbox0Mm/Kg: Oxygen, SBE 43 [umol/kg], WS = 2
# name 16 = sbox1Mm/Kg: Oxygen, SBE 43, 2 [umol/kg], WS = 2
# name 17 = sal00: Salinity, Practical [PSU]
# name 18 = sal11: Salinity, Practical, 2 [PSU]
# name 19 = sigma-é00: Density [sigma-theta, kg/m^3]
# name 20 = sigma-é11: Density, 2 [sigma-theta, kg/m^3]
# name 21 = svCM: Sound Velocity [Chen-Millero, m/s]
# name 22 = svCM1: Sound Velocity, 2 [Chen-Millero, m/s]
# name 23 = nbin: number of scans per bin
# name 24 = flag: flag
# span 0 =        705,     103422       
# span 1 =  67.715386,  67.764921       
# span 2 =      4.000,   4062.000       
# span 3 =      3.982,   4001.410       
# span 4 =     2.3243,    29.8968       
# span 5 =     2.3243,    29.8963       
# span 6 =   3.245636,   5.802946       
# span 7 =   3.245787,   5.803026       
# span 8 =     1.1215,     2.6672       
# span 9 =     1.3421,     3.3726       
# span 10 =   -0.02921,    0.01248      
# span 11 =   -0.03854,    0.01630      
# span 12 =    87.0048,    90.0502      
# span 13 =     0.0367,     1.4205      
# span 14 =     0.0033,     0.4118      
# span 15 =     77.199,    235.126      
# span 16 =     77.161,    238.267      
# span 17 =    34.4956,    36.5537      
# span 18 =    34.4968,    36.5526      
# span 19 =    21.6506,    27.8792      
# span 20 =    21.6515,    27.8808      
# span 21 =    1483.13,    1545.33      
# span 22 =    1483.13,    1545.33      
# span 23 =         15,        148      
# span 24 = 0.0000e+00, 0.0000e+00      
# interval = decibars: 1                
# start_time = Mar 08 2019 17:09:40 [System UTC, first data scan.]
# bad_flag = -9.990e-29
*END*
[from data line 3189]
      81583  67.754387   3193.000   3151.608     2.5446     2.5446   3.250439   3.250586     1.4915     1.8550   -0.00016   -0.00039    90.0436     0.0438     0.0158    226.820    230.661    34.9014    34.9032    27.8695    27.8709    1513.68    1513.68         24 0.0000e+00
      81607  67.754402   3194.000   3152.587     2.5439     2.5438   3.250405   3.250544     1.4913     1.8550   -0.00012   -0.00036    90.0376     0.0462     0.0194    226.798    230.698    34.9013    34.9031    27.8695    27.8710    1513.69    1513.70         24 0.0000e+00
      81631  67.754410   3195.000   3153.570     2.5429     2.5429   3.250360   3.250509     1.4912     1.8550   -0.00040   -0.00014    90.0381     0.0522     0.0163    226.811    230.737    34.9014    34.9032    27.8696    27.8711    1513.71    1513.71         25 0.0000e+00
      81658  67.754425   3196.000   3154.549     2.5423     2.5423   3.250338   3.250484     1.4910     1.8551   -0.00025   -0.00011    90.0409     0.0458     0.0173    226.812    230.776    34.9014    34.9031    27.8697    27.8711    1513.72    1513.72         28 0.0000e+00
      81686  67.754440   3197.000   3155.526     2.5416     2.5416   3.250309   3.250462     1.4910     1.8551   -0.00009    0.00002    90.0354     0.0583     0.0211    226.840    230.813    34.9012    34.9031    27.8696    27.8712    1513.73    1513.74         29 0.0000e+00
      81713  67.754456   3198.000   3156.505     2.5412     2.5412   3.250309   3.250460     1.4910     1.8551   -0.00008   -0.00001    90.0447     0.0533     0.0232    226.874    230.848    34.9012    34.9031    27.8697    27.8712    1513.75    1513.75         25 0.0000e+00
      81738  67.754463   3199.000   3157.487     2.5413     2.5412   3.250348   3.250495     1.4910     1.8551    0.00005    0.00002    90.0334     0.0516     0.0189    226.905    230.878    34.9012    34.9031    27.8697    27.8712    1513.77    1513.77         25 0.0000e+00
      81763  67.754478   3200.000   3158.467     2.5411     2.5410   3.250368   3.250516     1.4911     1.8542   -0.00020    0.00008    90.0408     0.0450     0.0192    226.950    230.762    34.9011    34.9030    27.8696    27.8711    1513.78    1513.79         25 0.0000e+00
      81788  67.754486   3201.000   3159.445     2.5402     2.5401   3.250311   3.250459     1.4907     1.8540    0.00007   -0.00013    90.0376     0.0525     0.0183    226.911    230.752    34.9010    34.9029    27.8696    27.8711    1513.80    1513.80         26 0.0000e+00
      81813  67.754501   3202.000   3160.423     2.5383     2.5383   3.250168   3.250305     1.4908     1.8538    0.00001   -0.00050    90.0403     0.0440     0.0181    226.972    230.762    34.9008    34.9025    27.8696    27.8710    1513.81    1513.81         23 0.0000e+00
      81835  67.754509   3203.000   3161.403     2.5374     2.5374   3.250108   3.250269     1.4904     1.8534   -0.00018   -0.00032    90.0406     0.0434     0.0145    226.907    230.735    34.9006    34.9026    27.8695    27.8711    1513.82    1513.82         21 0.0000e+00
      81856  67.754524   3204.000   3162.383     2.5369     2.5369   3.250114   3.250242     1.4902     1.8530   -0.00017   -0.00021    90.0342     0.0449     0.0176    226.893    230.701    34.9008    34.9023    27.8697    27.8710    1513.83    1513.84         20 0.0000e+00
      81875  67.754532   3205.000   3163.366     2.5358     2.5358   3.250037   3.250193     1.4898     1.8526   -0.00003   -0.00022    90.0273     0.0468     0.0191    226.849    230.666    34.9006    34.9025    27.8697    27.8712    1513.85    1513.85         20 0.0000e+00
      81895  67.754539   3206.000   3164.346     2.5359     2.5358   3.250084   3.250235     1.4898     1.8525   -0.00022   -0.00039    90.0378     0.0517     0.0184    226.878    230.676    34.9006    34.9025    27.8697    27.8712    1513.86    1513.87         20 0.0000e+00
      81917  67.754547   3207.000   3165.330     2.5352     2.5351   3.250055   3.250201     1.4898     1.8522   -0.00024   -0.00045    90.0331     0.0536     0.0189    226.914    230.660    34.9005    34.9024    27.8697    27.8712    1513.88    1513.88         23 0.0000e+00
      81942  67.754562   3208.000   3166.308     2.5331     2.5330   3.249910   3.250051     1.4897     1.8517   -0.00032   -0.00037    90.0371     0.0533     0.0192    226.923    230.615    34.9006    34.9024    27.8699    27.8714    1513.89    1513.89         27 0.0000e+00
      81973  67.754578   3209.000   3167.288     2.5315     2.5316   3.249809   3.249969     1.4894     1.8515   -0.00010   -0.00030    90.0258     0.0478     0.0180    226.889    230.617    34.9006    34.9024    27.8701    27.8715    1513.90    1513.90         37 0.0000e+00
      82015  67.754601   3210.000   3168.260     2.5314     2.5314   3.249844   3.249989     1.4892     1.8515   -0.00025   -0.00038    90.0361     0.0535     0.0188    226.877    230.652    34.9007    34.9024    27.8701    27.8716    1513.91    1513.91         40 0.0000e+00
      82046  67.754616   3211.000   3169.237     2.5318     2.5316   3.249906   3.250046     1.4893     1.8515   -0.00024   -0.00002    90.0407     0.0454     0.0144    226.937    230.685    34.9006    34.9025    27.8701    27.8716    1513.93    1513.93         24 0.0000e+00
      82067  67.754623   3212.000   3170.218     2.5315     2.5315   3.249930   3.250085     1.4895     1.8515   -0.00006   -0.00005    90.0355     0.0519     0.0108    227.001    230.716    34.9008    34.9026    27.8702    27.8717    1513.95    1513.95         20 0.0000e+00
      82085  67.754631   3213.000   3171.201     2.5313     2.5312   3.249948   3.250097     1.4893     1.8515    0.00021   -0.00009    90.0444     0.0491     0.0119    226.990    230.751    34.9007    34.9026    27.8702    27.8717    1513.96    1513.97         18 0.0000e+00
      82104  67.754639   3214.000   3172.185     2.5314     2.5313   3.249997   3.250147     1.4894     1.8515    0.00005    0.00007    90.0432     0.0454     0.0138    227.037    230.783    34.9007    34.9027    27.8702    27.8718    1513.98    1513.98         18 0.0000e+00
      82122  67.754646   3215.000   3173.163     2.5312     2.5312   3.250022   3.250169     1.4889     1.8515    0.00012    0.00006    90.0459     0.0530     0.0161    226.969    230.816    34.9008    34.9026    27.8703    27.8718    1514.00    1514.00         19 0.0000e+00
      82142  67.754662   3216.000   3174.145     2.5309     2.5309   3.250028   3.250180     1.4889     1.8516   -0.00002   -0.00009    90.0437     0.0431     0.0174    226.986    230.849    34.9008    34.9026    27.8704    27.8718    1514.01    1514.02         20 0.0000e+00
      82163  67.754669   3217.000   3175.124     2.5303     2.5303   3.250006   3.250144     1.4887     1.8508   -0.00021   -0.00007    90.0335     0.0424     0.0172    226.979    230.756    34.9007    34.9024    27.8703    27.8717    1514.03    1514.03         22 0.0000e+00
      82187  67.754684   3218.000   3176.107     2.5292     2.5292   3.249945   3.250091     1.4887     1.8506   -0.00022   -0.00002    90.0259     0.0494     0.0186    227.019    230.746    34.9006    34.9024    27.8704    27.8718    1514.04    1514.04         28 0.0000e+00
      82218  67.754692   3219.000   3177.078     2.5289     2.5289   3.249945   3.250103     1.4887     1.8505   -0.00008   -0.00034    90.0306     0.0485     0.0135    227.053    230.762    34.9006    34.9025    27.8703    27.8719    1514.06    1514.06         33 0.0000e+00
      82248  67.754707   3220.000   3178.058     2.5283     2.5281   3.249932   3.250080     1.4887     1.8507   -0.00006   -0.00021    90.0395     0.0470     0.0132    227.079    230.839    34.9006    34.9025    27.8704    27.8720    1514.07    1514.07         26 0.0000e+00
      82272  67.754723   3221.000   3179.037     2.5274     2.5272   3.249876   3.250028     1.4887     1.8506   -0.00007   -0.00007    90.0182     0.0448     0.0125    227.128    230.858    34.9004    34.9024    27.8704    27.8720    1514.08    1514.08         22 0.0000e+00
      82293  67.754730   3222.000   3180.023     2.5267     2.5266   3.249842   3.249993     1.4885     1.8502    0.00001    0.00004    90.0137     0.0474     0.0107    227.110    230.824    34.9004    34.9023    27.8704    27.8719    1514.10    1514.10         21 0.0000e+00
      82315  67.754745   3223.000   3181.003     2.5263     2.5263   3.249854   3.250001     1.4885     1.8502   -0.00003    0.00013    90.0473     0.0506     0.0103    227.136    230.862    34.9004    34.9022    27.8705    27.8719    1514.11    1514.11         23 0.0000e+00
      82340  67.754753   3224.000   3181.983     2.5260     2.5259   3.249853   3.250002     1.4879     1.8499   -0.00006   -0.00026    90.0368     0.0453     0.0120    227.040    230.841    34.9003    34.9022    27.8704    27.8719    1514.13    1514.13         28 0.0000e+00
      82370  67.754768   3225.000   3182.958     2.5257     2.5257   3.249873   3.250021     1.4875     1.8492   -0.00012   -0.00009    90.0359     0.0445     0.0146    226.980    230.742    34.9004    34.9022    27.8706    27.8719    1514.14    1514.15         30 0.0000e+00
      82398  67.754784   3226.000   3183.938     2.5254     2.5253   3.249883   3.250030     1.4875     1.8492   -0.00045   -0.00023    90.0380     0.0515     0.0137    227.014    230.775    34.9004    34.9023    27.8706    27.8721    1514.16    1514.16         27 0.0000e+00
      82424  67.754791   3227.000   3184.917     2.5254     2.5254   3.249925   3.250072     1.4875     1.8492   -0.00027   -0.00046    90.0418     0.0577     0.0132    227.045    230.808    34.9005    34.9022    27.8706    27.8720    1514.18    1514.18         25 0.0000e+00
      82448  67.754807   3228.000   3185.895     2.5256     2.5256   3.249978   3.250123     1.4875     1.8492   -0.00017   -0.00018    90.0433     0.0544     0.0169    227.077    230.841    34.9005    34.9022    27.8707    27.8720    1514.19    1514.20         23 0.0000e+00
      82471  67.754814   3229.000   3186.875     2.5257     2.5257   3.250015   3.250170     1.4871     1.8492    0.00002    0.00004    90.0462     0.0522     0.0164    227.008    230.861    34.9003    34.9023    27.8705    27.8721    1514.21    1514.21         21 0.0000e+00
      82491  67.754829   3230.000   3187.855     2.5252     2.5252   3.250005   3.250156     1.4873     1.8492   -0.00015   -0.00005    90.0247     0.0442     0.0129    227.086    230.907    34.9004    34.9022    27.8706    27.8721    1514.23    1514.23         20 0.0000e+00
      82510  67.754837   3231.000   3188.838     2.5251     2.5251   3.250037   3.250188     1.4865     1.8489   -0.00002    0.00001    90.0286     0.0435     0.0076    226.934    230.883    34.9004    34.9022    27.8706    27.8721    1514.24    1514.25         19 0.0000e+00
      82530  67.754845   3232.000   3189.824     2.5250     2.5249   3.250063   3.250212     1.4865     1.8488   -0.00012   -0.00012    90.0458     0.0460     0.0062    226.958    230.894    34.9004    34.9022    27.8706    27.8721    1514.26    1514.26         22 0.0000e+00
      82555  67.754860   3233.000   3190.800     2.5249     2.5249   3.250092   3.250236     1.4864     1.8483   -0.00031   -0.00010    90.0410     0.0445     0.0118    226.962    230.841    34.9004    34.9021    27.8706    27.8720    1514.28    1514.28         28 0.0000e+00
      82585  67.754875   3234.000   3191.774     2.5249     2.5249   3.250131   3.250273     1.4863     1.8480   -0.00031   -0.00019    90.0370     0.0434     0.0148    226.983    230.819    34.9004    34.9021    27.8706    27.8720    1514.29    1514.30         31 0.0000e+00
      82614  67.754890   3235.000   3192.747     2.5234     2.5238   3.250022   3.250209     1.4864     1.8481   -0.00004   -0.00026    90.0284     0.0440     0.0190    227.025    230.862    34.9002    34.9020    27.8707    27.8721    1514.30    1514.31         26 0.0000e+00
      82638  67.754898   3236.000   3193.740     2.5221     2.5222   3.249938   3.250086     1.4864     1.8481   -0.00004   -0.00020    90.0434     0.0449     0.0166    227.067    230.904    34.9001    34.9019    27.8707    27.8721    1514.32    1514.32         23 0.0000e+00
      82661  67.754906   3237.000   3194.715     2.5219     2.5220   3.249957   3.250120     1.4861     1.8478   -0.00007   -0.00016    90.0412     0.0450     0.0201    227.037    230.890    34.9001    34.9020    27.8707    27.8722    1514.33    1514.34         23 0.0000e+00
      82685  67.754921   3238.000   3195.697     2.5220     2.5222   3.250000   3.250172     1.4858     1.8472   -0.00015   -0.00019    90.0430     0.0459     0.0233    226.999    230.809    34.9001    34.9019    27.8707    27.8721    1514.35    1514.35         26 0.0000e+00
      82712  67.754936   3239.000   3196.675     2.5223     2.5221   3.250053   3.250188     1.4855     1.8469   -0.00006   -0.00016    90.0475     0.0455     0.0293    226.956    230.791    34.9000    34.9019    27.8706    27.8721    1514.37    1514.37         28 0.0000e+00
      82741  67.754951   3240.000   3197.651     2.5217     2.5219   3.250033   3.250208     1.4853     1.8468   -0.00020   -0.00049    90.0424     0.0441     0.0222    226.950    230.810    34.8999    34.9019    27.8706    27.8722    1514.38    1514.39         28 0.0000e+00
      82768  67.754959   3241.000   3198.631     2.5215     2.5215   3.250057   3.250202     1.4852     1.8468   -0.00032   -0.00033    90.0467     0.0439     0.0203    226.943    230.836    34.9000    34.9018    27.8707    27.8721    1514.40    1514.40         26 0.0000e+00
      82793  67.754974   3242.000   3199.610     2.5213     2.5212   3.250061   3.250214     1.4852     1.8468   -0.00021   -0.00004    90.0327     0.0447     0.0221    226.977    230.869    34.8999    34.9018    27.8706    27.8721    1514.41    1514.42         23 0.0000e+00
      82814  67.754982   3243.000   3200.589     2.5213     2.5212   3.250101   3.250248     1.4852     1.8461   -0.00007   -0.00012    90.0316     0.0445     0.0210    227.008    230.782    34.8999    34.9018    27.8706    27.8722    1514.43    1514.43         21 0.0000e+00
      82834  67.754990   3244.000   3201.571     2.5207     2.5208   3.250080   3.250232     1.4852     1.8457   -0.00006    0.00002    90.0423     0.0439     0.0190    227.044    230.746    34.8998    34.9016    27.8707    27.8720    1514.45    1514.45         19 0.0000e+00
      82854  67.755005   3245.000   3202.554     2.5200     2.5201   3.250068   3.250207     1.4848     1.8456   -0.00017   -0.00010    90.0295     0.0456     0.0230    226.991    230.761    34.8999    34.9016    27.8708    27.8721    1514.46    1514.46         20 0.0000e+00
      82874  67.755013   3246.000   3203.533     2.5198     2.5198   3.250088   3.250221     1.4845     1.8452   -0.00009   -0.00056    90.0394     0.0451     0.0258    226.948    230.723    34.8999    34.9016    27.8708    27.8721    1514.48    1514.48         21 0.0000e+00
      82897  67.755020   3247.000   3204.513     2.5198     2.5198   3.250122   3.250281     1.4842     1.8447   -0.00011   -0.00045    90.0418     0.0444     0.0271    226.915    230.655    34.8999    34.9019    27.8708    27.8724    1514.49    1514.50         25 0.0000e+00
      82924  67.755035   3248.000   3205.494     2.5198     2.5197   3.250164   3.250308     1.4841     1.8445   -0.00029   -0.00031    90.0421     0.0499     0.0292    226.908    230.653    34.9000    34.9018    27.8709    27.8723    1514.51    1514.51         30 0.0000e+00
      82957  67.755051   3249.000   3206.469     2.5192     2.5193   3.250148   3.250298     1.4840     1.8444   -0.00024   -0.00054    90.0352     0.0523     0.0279    226.933    230.682    34.9000    34.9017    27.8709    27.8723    1514.53    1514.53         34 0.0000e+00
