data/CTD/cnv/dfr29007.cnv
* Sea-Bird SBE 9 Data File:
* FileName = C:\SEASOFT\PIRATA-FR29\data\fr29007.hex
* Software Version Seasave V 7.26.7.107
* Temperature SN = 6083
* Conductivity SN = 4509
* Number of Bytes Per Scan = 42
* Number of Voltage Words = 3
* Number of Scans Averaged by the Deck Unit = 1
* NMEA Latitude = 01 00.07 N
* NMEA Longitude = 000 00.01 E
* NMEA UTC (Time) = Mar 11 2019 00:52:12
** Cruise: PIRATA-FR29
** Ship: THALASSA
** Station: 7
** Bottom Depth: 4893.7
** Barometric pressure : 1010.3
** Temp Air: 28.7
** Operator: AT/FN
** Comments:
# nquan = 25
# nvalues = 2023                        
# units = specified
# name 0 = scan: Scan Count
# name 1 = timeJ: Julian Days
# name 2 = prDM: Pressure, Digiquartz [db]
# name 3 = depSM: Depth [salt water, m]
# name 4 = t090C: Temperature [ITS-90, deg C]
# name 5 = t190C: Temperature, 2 [ITS-90, deg C]
# name 6 = c0S/m: Conductivity [S/m]
# name 7 = c1S/m: Conductivity, 2 [S/m]
# name 8 = sbeox0V: Oxygen raw, SBE 43 [V]
# name 9 = sbeox1V: Oxygen raw, SBE 43, 2 [V]
# name 10 = sbox0dV/dT: Oxygen, SBE 43 [dov/dt]
# name 11 = sbox1dV/dT: Oxygen, SBE 43, 2 [dov/dt]
# name 12 = CStarTr0: Beam Transmission, WET Labs C-Star [%]
# name 13 = flECO-AFL: Fluorescence, WET Labs ECO-AFL/FL [mg/m^3]
# name 14 = flC: Fluorescence, Chelsea Aqua 3 Chl Con [ug/l]
# name 15 = sbox0Mm/Kg: Oxygen, SBE 43 [umol/kg], WS = 2
# name 16 = sbox1Mm/Kg: Oxygen, SBE 43, 2 [umol/kg], WS = 2
# name 17 = sal00: Salinity, Practical [PSU]
# name 18 = sal11: Salinity, Practical, 2 [PSU]
# name 19 = sigma-é00: Density [sigma-theta, kg/m^3]
# name 20 = sigma-é11: Density, 2 [sigma-theta, kg/m^3]
# name 21 = svCM: Sound Velocity [Chen-Millero, m/s]
# name 22 = svCM1: Sound Velocity, 2 [Chen-Millero, m/s]
# name 23 = nbin: number of scans per bin
# name 24 = flag: flag
# span 0 =        861,      56146       
# span 1 =  70.036676,  70.063338       
# span 2 =      4.000,   2026.000       
# span 3 =      3.978,   2005.159       
# span 4 =     3.5293,    29.6423       
# span 5 =     3.5290,    29.6443       
# span 6 =   3.297693,   5.731041       
# span 7 =   3.297795,   5.730974       
# span 8 =     1.0240,     2.6564       
# span 9 =     1.2186,     3.3422       
# span 10 =   -0.04284,    0.00916      
# span 11 =   -0.05820,    0.01074      
# span 12 =    87.5587,    89.9312      
# span 13 =    11.9944,    13.4281      
# span 14 =     0.0123,     0.3243      
# span 15 =     66.889,    234.088      
# span 16 =     67.039,    236.953      
# span 17 =    34.4879,    36.2017      
# span 18 =    34.4885,    36.1980      
# span 19 =    21.4643,    27.8201      
# span 20 =    21.4640,    27.8214      
# span 21 =    1483.62,    1544.78      
# span 22 =    1483.62,    1544.78      
# span 23 =         14,        189      
# span 24 = 0.0000e+00, 0.0000e+00      
# interval = decibars: 1                
# start_time = Mar 11 2019 00:52:13 [System UTC, first data scan.]
# bad_flag = -9.990e-29
*END*
[from data line 1450]
      42225  70.056625   1454.000   1440.981     4.2894     4.2891   3.342035   3.342120     1.7431     2.1836    0.00063    0.00099    89.8841    12.9019     0.0289    215.613    218.225    34.9605    34.9618    27.7368    27.7379    1491.78    1491.78         24 0.0000e+00
      42248  70.056633   1455.000   1441.965     4.2892     4.2888   3.342078   3.342150     1.7430     2.1838    0.00049    0.00066    89.8841    12.9021     0.0284    215.633    218.275    34.9607    34.9619    27.7370    27.7380    1491.79    1491.79         24 0.0000e+00
      42274  70.056648   1456.000   1442.962     4.2891     4.2888   3.342132   3.342211     1.7431     2.1837    0.00013    0.00049    89.8841    12.9011     0.0267    215.678    218.299    34.9609    34.9621    27.7372    27.7382    1491.81    1491.81         28 0.0000e+00
      42302  70.056664   1457.000   1443.941     4.2891     4.2887   3.342171   3.342256     1.7437     2.1837    0.00003    0.00039    89.8913    12.9000     0.0260    215.808    218.327    34.9610    34.9623    27.7372    27.7383    1491.83    1491.83         26 0.0000e+00
      42327  70.056671   1458.000   1444.928     4.2887     4.2882   3.342185   3.342263     1.7437     2.1837    0.00003    0.00009    89.8860    12.9073     0.0266    215.829    218.359    34.9610    34.9624    27.7373    27.7385    1491.84    1491.84         24 0.0000e+00
      42349  70.056686   1459.000   1445.913     4.2879     4.2875   3.342170   3.342246     1.7439     2.1843    0.00034   -0.00017    89.8896    12.9020     0.0271    215.906    218.461    34.9612    34.9625    27.7376    27.7386    1491.85    1491.85         21 0.0000e+00
      42369  70.056694   1460.000   1446.913     4.2870     4.2866   3.342144   3.342208     1.7439     2.1850    0.00038    0.00008    89.8981    12.9043     0.0277    215.937    218.593    34.9613    34.9625    27.7377    27.7387    1491.87    1491.87         20 0.0000e+00
      42390  70.056702   1461.000   1447.894     4.2857     4.2853   3.342066   3.342146     1.7442     2.1850    0.00006    0.00023    89.8916    12.9078     0.0262    216.029    218.629    34.9613    34.9626    27.7379    27.7390    1491.88    1491.88         22 0.0000e+00
      42412  70.056717   1462.000   1448.880     4.2847     4.2844   3.342047   3.342113     1.7444     2.1850    0.00017    0.00039    89.8930    12.9146     0.0242    216.083    218.662    34.9616    34.9627    27.7383    27.7392    1491.89    1491.89         21 0.0000e+00
      42433  70.056725   1463.000   1449.868     4.2841     4.2837   3.342035   3.342104     1.7444     2.1850    0.00011    0.00031    89.8853    12.9089     0.0287    216.125    218.693    34.9616    34.9628    27.7383    27.7393    1491.91    1491.91         21 0.0000e+00
      42453  70.056732   1464.000   1450.856     4.2830     4.2826   3.341979   3.342055     1.7446     2.1858    0.00021    0.00023    89.8718    12.9065     0.0245    216.195    218.841    34.9617    34.9630    27.7385    27.7396    1491.92    1491.92         19 0.0000e+00
      42472  70.056740   1465.000   1451.845     4.2821     4.2817   3.341966   3.342046     1.7447     2.1863    0.00019    0.00018    89.8839    12.9046     0.0210    216.238    218.926    34.9620    34.9632    27.7388    27.7399    1491.93    1491.93         20 0.0000e+00
      42492  70.056755   1466.000   1452.835     4.2821     4.2818   3.342004   3.342097     1.7452     2.1863    0.00013    0.00024    89.8910    12.9019     0.0255    216.361    218.955    34.9619    34.9633    27.7388    27.7399    1491.95    1491.95         20 0.0000e+00
      42514  70.056763   1467.000   1453.822     4.2820     4.2817   3.342041   3.342115     1.7457     2.1863    0.00019    0.00067    89.8902    12.9138     0.0248    216.465    218.985    34.9619    34.9631    27.7388    27.7398    1491.96    1491.96         23 0.0000e+00
      42538  70.056778   1468.000   1454.809     4.2818     4.2815   3.342061   3.342148     1.7456     2.1863    0.00029    0.00041    89.8897    12.9076     0.0285    216.479    219.014    34.9619    34.9633    27.7389    27.7400    1491.98    1491.98         25 0.0000e+00
      42563  70.056786   1469.000   1455.794     4.2812     4.2809   3.342059   3.342133     1.7456     2.1868    0.00054   -0.00006    89.8925    12.9075     0.0311    216.519    219.113    34.9620    34.9632    27.7390    27.7400    1491.99    1491.99         25 0.0000e+00
      42589  70.056801   1470.000   1456.785     4.2807     4.2805   3.342060   3.342147     1.7459     2.1872    0.00011    0.00007    89.8902    12.8941     0.0262    216.598    219.206    34.9620    34.9633    27.7391    27.7401    1492.01    1492.01         27 0.0000e+00
      42616  70.056816   1471.000   1457.770     4.2807     4.2803   3.342103   3.342184     1.7462     2.1877   -0.00000    0.00029    89.8883    12.9038     0.0266    216.679    219.295    34.9621    34.9634    27.7392    27.7402    1492.03    1492.03         28 0.0000e+00
      42644  70.056824   1472.000   1458.757     4.2805     4.2803   3.342129   3.342216     1.7464     2.1878    0.00026    0.00056    89.8902    12.9073     0.0272    216.737    219.340    34.9621    34.9634    27.7391    27.7402    1492.04    1492.04         27 0.0000e+00
      42670  70.056839   1473.000   1459.743     4.2802     4.2798   3.342154   3.342225     1.7463     2.1875    0.00026    0.00034    89.8897    12.9007     0.0265    216.761    219.335    34.9623    34.9635    27.7393    27.7404    1492.06    1492.06         25 0.0000e+00
      42695  70.056854   1474.000   1460.731     4.2797     4.2792   3.342140   3.342225     1.7462     2.1876    0.00017    0.00026    89.9038    12.9068     0.0272    216.766    219.367    34.9621    34.9636    27.7393    27.7405    1492.07    1492.07         23 0.0000e+00
      42716  70.056862   1475.000   1461.715     4.2790     4.2786   3.342141   3.342223     1.7466     2.1876    0.00008   -0.00009    89.9008    12.9075     0.0277    216.870    219.400    34.9623    34.9637    27.7396    27.7407    1492.09    1492.09         21 0.0000e+00
      42736  70.056870   1476.000   1462.704     4.2784     4.2780   3.342153   3.342211     1.7465     2.1876   -0.00014   -0.00023    89.9010    12.9100     0.0249    216.881    219.434    34.9626    34.9637    27.7398    27.7408    1492.10    1492.10         18 0.0000e+00
      42754  70.056877   1477.000   1463.695     4.2776     4.2773   3.342131   3.342191     1.7468     2.1874   -0.00005   -0.00009    89.8892    12.9139     0.0248    216.971    219.439    34.9627    34.9638    27.7400    27.7409    1492.11    1492.11         18 0.0000e+00
      42771  70.056885   1478.000   1464.683     4.2765     4.2762   3.342079   3.342159     1.7469     2.1870    0.00031   -0.00006    89.9049    12.9152     0.0231    217.022    219.425    34.9628    34.9641    27.7402    27.7413    1492.13    1492.13         17 0.0000e+00
      42789  70.056900   1479.000   1465.672     4.2757     4.2753   3.342058   3.342124     1.7469     2.1867    0.00008   -0.00003    89.8930    12.9147     0.0237    217.054    219.417    34.9629    34.9641    27.7404    27.7413    1492.14    1492.14         18 0.0000e+00
      42807  70.056908   1480.000   1466.658     4.2745     4.2742   3.341999   3.342068     1.7469     2.1865    0.00005   -0.00007    89.9002    12.9147     0.0221    217.091    219.434    34.9630    34.9641    27.7406    27.7415    1492.15    1492.15         19 0.0000e+00
      42826  70.056915   1481.000   1467.647     4.2730     4.2726   3.341906   3.341989     1.7469     2.1867    0.00004   -0.00033    89.9052    12.9077     0.0228    217.128    219.487    34.9630    34.9643    27.7407    27.7418    1492.16    1492.16         20 0.0000e+00
      42847  70.056923   1482.000   1468.639     4.2717     4.2714   3.341850   3.341930     1.7470     2.1869    0.00006   -0.00039    89.8943    12.9008     0.0223    217.175    219.553    34.9632    34.9644    27.7411    27.7421    1492.17    1492.17         21 0.0000e+00
      42871  70.056938   1483.000   1469.625     4.2709     4.2705   3.341830   3.341901     1.7472     2.1877    0.00007   -0.00019    89.9007    12.9082     0.0254    217.251    219.690    34.9634    34.9645    27.7413    27.7423    1492.19    1492.19         28 0.0000e+00
      42907  70.056953   1484.000   1470.610     4.2700     4.2695   3.341792   3.341854     1.7482     2.1892    0.00016    0.00031    89.9028    12.9145     0.0250    217.463    219.922    34.9633    34.9645    27.7414    27.7424    1492.20    1492.20         45 0.0000e+00
      42949  70.056976   1485.000   1471.590     4.2684     4.2680   3.341698   3.341766     1.7490     2.1902    0.00065    0.00099    89.9026    12.9025     0.0282    217.636    220.098    34.9634    34.9647    27.7416    27.7427    1492.21    1492.21         33 0.0000e+00
      42977  70.056984   1486.000   1472.580     4.2677     4.2672   3.341679   3.341762     1.7491     2.1901    0.00050    0.00093    89.8894    12.9050     0.0292    217.686    220.110    34.9635    34.9649    27.7418    27.7429    1492.22    1492.22         26 0.0000e+00
      43000  70.056999   1487.000   1473.559     4.2671     4.2667   3.341676   3.341757     1.7486     2.1900    0.00042    0.00061    89.8915    12.9110     0.0271    217.622    220.134    34.9635    34.9649    27.7419    27.7430    1492.24    1492.24         22 0.0000e+00
      43021  70.057007   1488.000   1474.562     4.2662     4.2658   3.341648   3.341727     1.7486     2.1898    0.00040    0.00012    89.8915    12.9126     0.0264    217.655    220.141    34.9637    34.9650    27.7421    27.7432    1492.25    1492.25         19 0.0000e+00
      43039  70.057014   1489.000   1475.543     4.2654     4.2651   3.341626   3.341722     1.7483     2.1895   -0.00008   -0.00011    89.8910    12.9078     0.0254    217.633    220.130    34.9638    34.9652    27.7423    27.7434    1492.26    1492.27         17 0.0000e+00
      43056  70.057022   1490.000   1476.530     4.2651     4.2648   3.341656   3.341726     1.7482     2.1889   -0.00050   -0.00013    89.8896    12.9049     0.0224    217.651    220.083    34.9639    34.9650    27.7424    27.7434    1492.28    1492.28         17 0.0000e+00
      43072  70.057030   1491.000   1477.520     4.2649     4.2647   3.341665   3.341752     1.7482     2.1885   -0.00022   -0.00005    89.8899    12.9063     0.0202    217.681    220.063    34.9637    34.9650    27.7423    27.7434    1492.30    1492.30         16 0.0000e+00
      43088  70.057037   1492.000   1478.507     4.2632     4.2629   3.341578   3.341638     1.7482     2.1887   -0.00021   -0.00033    89.9002    12.9068     0.0207    217.720    220.123    34.9640    34.9651    27.7427    27.7436    1492.31    1492.31         16 0.0000e+00
      43105  70.057045   1493.000   1479.499     4.2619     4.2616   3.341501   3.341578     1.7482     2.1888   -0.00025   -0.00064    89.8973    12.9072     0.0203    217.757    220.170    34.9640    34.9652    27.7429    27.7439    1492.32    1492.32         16 0.0000e+00
      43122  70.057060   1494.000   1480.486     4.2610     4.2607   3.341463   3.341535     1.7482     2.1887   -0.00012   -0.00060    89.8964    12.9085     0.0210    217.789    220.191    34.9640    34.9652    27.7430    27.7440    1492.33    1492.33         19 0.0000e+00
      43142  70.057068   1495.000   1481.476     4.2604     4.2601   3.341459   3.341542     1.7482     2.1888    0.00000   -0.00026    89.8973    12.9080     0.0201    217.823    220.243    34.9641    34.9654    27.7431    27.7442    1492.34    1492.35         23 0.0000e+00
      43171  70.057083   1496.000   1482.463     4.2603     4.2599   3.341478   3.341560     1.7484     2.1893   -0.00008    0.00005    89.9004    12.9142     0.0231    217.881    220.342    34.9640    34.9653    27.7431    27.7441    1492.36    1492.36         37 0.0000e+00
      43213  70.057098   1497.000   1483.441     4.2596     4.2591   3.341461   3.341538     1.7488     2.1904    0.00012    0.00022    89.9011    12.9097     0.0257    217.981    220.520    34.9640    34.9654    27.7432    27.7443    1492.37    1492.37         40 0.0000e+00
      43247  70.057114   1498.000   1484.431     4.2572     4.2569   3.341311   3.341395     1.7493     2.1913    0.00024    0.00063    89.8920    12.9135     0.0280    218.117    220.673    34.9643    34.9656    27.7437    27.7447    1492.38    1492.38         29 0.0000e+00
      43274  70.057129   1499.000   1485.416     4.2568     4.2564   3.341314   3.341396     1.7495     2.1914    0.00023    0.00060    89.9022    12.9210     0.0284    218.180    220.726    34.9643    34.9656    27.7437    27.7448    1492.40    1492.40         26 0.0000e+00
      43298  70.057144   1500.000   1486.404     4.2563     4.2559   3.341315   3.341385     1.7495     2.1914    0.00035    0.00062    89.9022    12.9171     0.0261    218.212    220.758    34.9643    34.9656    27.7438    27.7448    1492.41    1492.41         22 0.0000e+00
      43318  70.057152   1501.000   1487.391     4.2537     4.2533   3.341149   3.341206     1.7495     2.1914    0.00015    0.00035    89.8927    12.9189     0.0251    218.253    220.800    34.9646    34.9657    27.7443    27.7452    1492.42    1492.42         19 0.0000e+00
      43336  70.057159   1502.000   1488.378     4.2525     4.2521   3.341086   3.341166     1.7495     2.1914    0.00004    0.00017    89.9065    12.9175     0.0248    218.290    220.841    34.9647    34.9660    27.7445    27.7455    1492.43    1492.43         17 0.0000e+00
      43353  70.057167   1503.000   1489.370     4.2513     4.2510   3.341037   3.341105     1.7495     2.1914    0.00000    0.00025    89.9048    12.9067     0.0250    218.322    220.878    34.9648    34.9660    27.7447    27.7457    1492.44    1492.44         17 0.0000e+00
      43370  70.057175   1504.000   1490.359     4.2495     4.2492   3.340932   3.341001     1.7495     2.1913   -0.00010    0.00033    89.8993    12.9117     0.0255    218.367    220.896    34.9650    34.9661    27.7451    27.7460    1492.45    1492.45         17 0.0000e+00
      43387  70.057182   1505.000   1491.346     4.2488     4.2484   3.340899   3.340978     1.7495     2.1911   -0.00001    0.00005    89.9023    12.9129     0.0231    218.401    220.905    34.9649    34.9662    27.7451    27.7462    1492.46    1492.46         18 0.0000e+00
      43406  70.057198   1506.000   1492.337     4.2477     4.2474   3.340862   3.340949     1.7495     2.1911   -0.00007   -0.00027    89.9005    12.9079     0.0242    218.436    220.936    34.9651    34.9664    27.7453    27.7464    1492.48    1492.48         20 0.0000e+00
      43428  70.057205   1507.000   1493.320     4.2467     4.2464   3.340818   3.340892     1.7495     2.1910    0.00005   -0.00027    89.8983    12.9156     0.0300    218.469    220.963    34.9651    34.9663    27.7455    27.7465    1492.49    1492.49         23 0.0000e+00
      43452  70.057213   1508.000   1494.307     4.2447     4.2444   3.340699   3.340761     1.7498     2.1914    0.00019   -0.00031    89.9047    12.9207     0.0303    218.560    221.049    34.9653    34.9664    27.7459    27.7467    1492.50    1492.50         24 0.0000e+00
      43476  70.057228   1509.000   1495.296     4.2437     4.2433   3.340650   3.340724     1.7505     2.1918    0.00015   -0.00008    89.8888    12.9117     0.0235    218.710    221.137    34.9653    34.9667    27.7460    27.7471    1492.51    1492.51         25 0.0000e+00
      43502  70.057243   1510.000   1496.283     4.2428     4.2425   3.340626   3.340705     1.7507     2.1922    0.00021    0.00027    89.9033    12.9187     0.0212    218.788    221.231    34.9655    34.9668    27.7462    27.7473    1492.52    1492.52         28 0.0000e+00
