data/CTD/cnv/ufr29001.cnv
* Sea-Bird SBE 9 Data File:
* FileName = C:\SEASOFT\PIRATA-FR29\data\fr29001.hex
* Software Version Seasave V 7.26.7.107
* Temperature SN = 6083
* Conductivity SN = 4509
* Number of Bytes Per Scan = 42
* Number of Voltage Words = 3
* Number of Scans Averaged by the Deck Unit = 1
* NMEA Latitude = 12 29.57 N
* NMEA Longitude = 023 20.56 W
* NMEA UTC (Time) = Mar 02 2019 15:20:02
** Cruise: PIRATA-FR29
** Ship: THALASSA
** Station: 001
** Bottom Depth: 4894
** Barometric pressure : 1013.5
** Temp Air: 23.8
** Operator: JG
** Comments:
# nquan = 25
# nvalues = 4073                        
# units = specified
# name 0 = scan: Scan Count
# name 1 = timeJ: Julian Days
# name 2 = prDM: Pressure, Digiquartz [db]
# name 3 = depSM: Depth [salt water, m]
# name 4 = t090C: Temperature [ITS-90, deg C]
# name 5 = t190C: Temperature, 2 [ITS-90, deg C]
# name 6 = c0S/m: Conductivity [S/m]
# name 7 = c1S/m: Conductivity, 2 [S/m]
# name 8 = sbeox0V: Oxygen raw, SBE 43 [V]
# name 9 = sbeox1V: Oxygen raw, SBE 43, 2 [V]
# name 10 = sbox0dV/dT: Oxygen, SBE 43 [dov/dt]
# name 11 = sbox1dV/dT: Oxygen, SBE 43, 2 [dov/dt]
# name 12 = CStarTr0: Beam Transmission, WET Labs C-Star [%]
# name 13 = flECO-AFL: Fluorescence, WET Labs ECO-AFL/FL [mg/m^3]
# name 14 = flC: Fluorescence, Chelsea Aqua 3 Chl Con [ug/l]
# name 15 = sbox0Mm/Kg: Oxygen, SBE 43 [umol/kg], WS = 2
# name 16 = sbox1Mm/Kg: Oxygen, SBE 43, 2 [umol/kg], WS = 2
# name 17 = sal00: Salinity, Practical [PSU]
# name 18 = sal11: Salinity, Practical, 2 [PSU]
# name 19 = sigma-é00: Density [sigma-theta, kg/m^3]
# name 20 = sigma-é11: Density, 2 [sigma-theta, kg/m^3]
# name 21 = svCM: Sound Velocity [Chen-Millero, m/s]
# name 22 = svCM1: Sound Velocity, 2 [Chen-Millero, m/s]
# name 23 = nbin: number of scans per bin
# name 24 = flag: flag
# span 0 =     106156,     210482       
# span 1 =  61.690117,  61.740429       
# span 2 =      2.000,   4074.000       
# span 3 =      1.957,   4012.124       
# span 4 =     2.3602,    24.0118       
# span 5 =     2.3598,    24.0117       
# span 6 =   3.258956,   5.331661       
# span 7 =   3.259096,   5.331753       
# span 8 =     0.8205,     2.6602       
# span 9 =     0.9518,     3.3668       
# span 10 =   -0.01397,    0.11432      
# span 11 =   -0.01644,    0.16516      
# span 12 =    86.1295,    90.0276      
# span 13 =     0.0278,     1.7149      
# span 14 =    -0.0020,     0.4788      
# span 15 =     41.796,    232.421      
# span 16 =     42.196,    235.845      
# span 17 =    34.8168,    35.9775      
# span 18 =    34.8190,    36.0032      
# span 19 =    24.3620,    27.8861      
# span 20 =    24.3628,    27.8880      
# span 21 =    1489.54,    1533.82      
# span 22 =    1489.55,    1533.82      
# span 23 =         10,        118      
# span 24 = 0.0000e+00, 0.0000e+00      
# interval = decibars: 1                
# start_time = Mar 02 2019 15:20:03 [System UTC, first data scan.]
# bad_flag = -9.990e-29
*END*
[from data line 2551]
     173144  61.722424   1523.000   1508.745     4.3720     4.3719   3.354223   3.354386     1.6673     2.0802    0.00002   -0.00004    89.9994     0.0525     0.0069    203.806    205.950    34.9825    34.9845    27.7462    27.7478    1493.30    1493.30         25 0.0000e+00
     173172  61.722435   1522.000   1507.752     4.3734     4.3732   3.354329   3.354460     1.6673     2.0802    0.00005   -0.00025    89.9971     0.0486     0.0077    203.771    205.920    34.9828    34.9844    27.7462    27.7476    1493.29    1493.29         32 0.0000e+00
     173217  61.722458   1521.000   1506.776     4.3785     4.3857   3.354662   3.355563     1.6673     2.0802    0.00002   -0.00006    90.0000     0.0489     0.0095    203.712    205.821    34.9818    34.9848    27.7449    27.7465    1493.29    1493.32         52 0.0000e+00
     173253  61.722473   1520.000   1505.795     4.3917     4.3911   3.355932   3.356050     1.6673     2.0801    0.00002    0.00001    90.0015     0.0439     0.0124    203.619    205.752    34.9832    34.9852    27.7447    27.7463    1493.33    1493.33         22 0.0000e+00
     173271  61.722485   1519.000   1504.808     4.3940     4.3932   3.356099   3.356205     1.6677     2.0801    0.00002    0.00003    90.0014     0.0480     0.0097    203.638    205.711    34.9833    34.9853    27.7444    27.7461    1493.32    1493.32         16 0.0000e+00
     173286  61.722492   1518.000   1503.821     4.3969     4.3962   3.356341   3.356454     1.6683     2.0809   -0.00002    0.00000    90.0014     0.0600     0.0077    203.710    205.770    34.9835    34.9855    27.7443    27.7460    1493.32    1493.32         14 0.0000e+00
     173298  61.722496   1517.000   1502.827     4.4005     4.4003   3.356653   3.356834     1.6686     2.0818   -0.00003   -0.00011    90.0014     0.0587     0.0129    203.710    205.842    34.9839    34.9862    27.7442    27.7461    1493.32    1493.32         12 0.0000e+00
     173311  61.722504   1516.000   1501.836     4.4027     4.4048   3.356819   3.357249     1.6696     2.0829   -0.00004   -0.00017    90.0014     0.0526     0.0155    203.850    205.939    34.9840    34.9867    27.7440    27.7460    1493.31    1493.32         12 0.0000e+00
     173322  61.722507   1515.000   1500.850     4.4083     4.4108   3.357352   3.357815     1.6704     2.0841    0.00001   -0.00009    90.0014     0.0518     0.0153    203.933    206.039    34.9848    34.9875    27.7441    27.7460    1493.32    1493.33         12 0.0000e+00
     173335  61.722515   1514.000   1499.854     4.4134     4.4154   3.357800   3.358185     1.6714     2.0857    0.00041    0.00030    90.0014     0.0439     0.0114    204.045    206.192    34.9851    34.9876    27.7438    27.7455    1493.32    1493.33         13 0.0000e+00
     173349  61.722523   1513.000   1498.855     4.4147     4.4180   3.357875   3.358361     1.6727     2.0869    0.00081    0.00103    90.0014     0.0463     0.0097    204.229    206.304    34.9852    34.9873    27.7437    27.7450    1493.31    1493.33         16 0.0000e+00
     173372  61.722534   1512.000   1497.872     4.4114     4.4105   3.357515   3.357578     1.6742     2.0885    0.00130    0.00205    90.0014     0.0505     0.0069    204.494    206.535    34.9849    34.9866    27.7438    27.7453    1493.28    1493.28         26 0.0000e+00
     173454  61.722572   1511.000   1496.917     4.4186     4.4213   3.358127   3.358548     1.6746     2.0877    0.00068    0.00121    89.9783     0.0413     0.0078    204.495    206.345    34.9850    34.9870    27.7431    27.7444    1493.29    1493.31         17 0.0000e+00
     173468  61.722580   1510.000   1495.919     4.4186     4.4197   3.358058   3.358365     1.6745     2.0874    0.00032    0.00071    89.9826     0.0367     0.0101    204.448    206.281    34.9847    34.9870    27.7429    27.7446    1493.28    1493.28         10 0.0000e+00
     173479  61.722584   1509.000   1494.929     4.4199     4.4203   3.358154   3.358371     1.6746     2.0866    0.00014   -0.00000    90.0014     0.0349     0.0129    204.434    206.148    34.9850    34.9870    27.7429    27.7444    1493.26    1493.27         11 0.0000e+00
     173489  61.722588   1508.000   1493.928     4.4227     4.4229   3.358333   3.358525     1.6740     2.0862    0.00001   -0.00069    90.0014     0.0443     0.0117    204.287    206.063    34.9846    34.9866    27.7423    27.7439    1493.26    1493.26         10 0.0000e+00
     173501  61.722595   1507.000   1492.935     4.4241     4.4248   3.358364   3.358581     1.6736     2.0859   -0.00020   -0.00114    90.0014     0.0449     0.0103    204.178    205.988    34.9840    34.9857    27.7416    27.7430    1493.25    1493.25         13 0.0000e+00
     173516  61.722603   1506.000   1491.941     4.4247     4.4278   3.358379   3.358783     1.6725     2.0847   -0.00027   -0.00121    89.9868     0.0441     0.0073    203.969    205.775    34.9840    34.9855    27.7416    27.7424    1493.23    1493.25         18 0.0000e+00
     173564  61.722626   1505.000   1490.976     4.4198     4.4217   3.357944   3.358246     1.6705     2.0824   -0.00085   -0.00144    89.9897     0.0467     0.0077    203.621    205.483    34.9846    34.9860    27.7425    27.7435    1493.20    1493.21         47 0.0000e+00
     173612  61.722649   1504.000   1490.003     4.4263     4.4311   3.358445   3.359015     1.6697     2.0808   -0.00111   -0.00110    89.9991     0.0512     0.0077    203.409    205.201    34.9841    34.9857    27.7415    27.7422    1493.21    1493.23         18 0.0000e+00
     173627  61.722656   1503.000   1489.008     4.4274     4.4300   3.358463   3.358828     1.6695     2.0801   -0.00050   -0.00035    89.9983     0.0440     0.0048    203.339    205.089    34.9836    34.9852    27.7409    27.7419    1493.19    1493.21         15 0.0000e+00
     173642  61.722664   1502.000   1488.022     4.4315     4.4331   3.358891   3.359236     1.6690     2.0797   -0.00034   -0.00035    89.9828     0.0448     0.0030    203.207    204.984    34.9847    34.9871    27.7414    27.7431    1493.20    1493.21         14 0.0000e+00
     173656  61.722668   1501.000   1487.027     4.4432     4.4431   3.359825   3.360004     1.6687     2.0789   -0.00040   -0.00068    89.9948     0.0444     0.0063    203.071    204.798    34.9839    34.9861    27.7395    27.7412    1493.23    1493.23         14 0.0000e+00
     173670  61.722675   1500.000   1486.032     4.4434     4.4435   3.359781   3.359919     1.6684     2.0787   -0.00039   -0.00114    89.9999     0.0453     0.0069    202.983    204.747    34.9836    34.9852    27.7392    27.7404    1493.21    1493.21         15 0.0000e+00
     173687  61.722683   1499.000   1485.040     4.4434     4.4432   3.359706   3.359837     1.6678     2.0781   -0.00043   -0.00118    89.9991     0.0468     0.0039    202.862    204.634    34.9833    34.9850    27.7389    27.7403    1493.19    1493.19         20 0.0000e+00
     173716  61.722698   1498.000   1484.063     4.4388     4.4369   3.359316   3.359288     1.6671     2.0774   -0.00061   -0.00086    90.0013     0.0562     0.0050    202.743    204.559    34.9840    34.9856    27.7400    27.7415    1493.16    1493.15         39 0.0000e+00
     173753  61.722717   1497.000   1483.088     4.4366     4.4442   3.359070   3.359890     1.6665     2.0774   -0.00064   -0.00085    90.0014     0.0529     0.0076    202.617    204.489    34.9839    34.9855    27.7401    27.7406    1493.13    1493.17         30 0.0000e+00
     173778  61.722729   1496.000   1482.093     4.4441     4.4454   3.359665   3.359934     1.6664     2.0767   -0.00062   -0.00039    90.0014     0.0531     0.0088    202.528    204.360    34.9835    34.9853    27.7390    27.7403    1493.15    1493.15         24 0.0000e+00
     173802  61.722740   1495.000   1481.108     4.4558     4.4562   3.360612   3.360826     1.6647     2.0749   -0.00045    0.00005    90.0014     0.0517     0.0131    202.144    204.035    34.9828    34.9848    27.7372    27.7387    1493.18    1493.18         23 0.0000e+00
     173825  61.722752   1494.000   1480.121     4.4597     4.4601   3.360913   3.361150     1.6620     2.0721   -0.00002   -0.00029    90.0014     0.0559     0.0130    201.634    203.627    34.9826    34.9850    27.7366    27.7385    1493.18    1493.18         22 0.0000e+00
     173846  61.722759   1493.000   1479.133     4.4636     4.4634   3.361249   3.361397     1.6598     2.0697   -0.00063   -0.00105    90.0014     0.0561     0.0095    201.209    203.261    34.9830    34.9849    27.7364    27.7380    1493.18    1493.18         20 0.0000e+00
     173865  61.722771   1492.000   1478.142     4.4651     4.4645   3.361330   3.361452     1.6583     2.0680   -0.00196   -0.00203    90.0014     0.0457     0.0067    200.900    203.011    34.9829    34.9849    27.7362    27.7378    1493.16    1493.17         20 0.0000e+00
     173886  61.722778   1491.000   1477.153     4.4661     4.4661   3.361395   3.361559     1.6570     2.0670   -0.00259   -0.00279    90.0014     0.0442     0.0064    200.657    202.836    34.9830    34.9849    27.7362    27.7377    1493.15    1493.16         22 0.0000e+00
     173911  61.722794   1490.000   1476.165     4.4682     4.4684   3.361533   3.361710     1.6563     2.0660   -0.00244   -0.00260    90.0014     0.0501     0.0061    200.484    202.663    34.9830    34.9848    27.7359    27.7374    1493.14    1493.15         29 0.0000e+00
     173942  61.722809   1489.000   1475.185     4.4701     4.4706   3.361648   3.361858     1.6554     2.0646   -0.00151   -0.00146    90.0014     0.0584     0.0055    200.306    202.447    34.9828    34.9846    27.7355    27.7370    1493.14    1493.14         31 0.0000e+00
     173970  61.722820   1488.000   1474.201     4.4746     4.4748   3.362023   3.362221     1.6547     2.0635   -0.00086   -0.00099    90.0014     0.0532     0.0081    200.123    202.252    34.9829    34.9849    27.7352    27.7368    1493.14    1493.14         24 0.0000e+00
     173991  61.722832   1487.000   1473.212     4.4832     4.4821   3.362777   3.362862     1.6547     2.0628   -0.00062   -0.00099    90.0014     0.0551     0.0101    200.049    202.099    34.9832    34.9853    27.7344    27.7363    1493.16    1493.15         19 0.0000e+00
     174010  61.722839   1486.000   1472.224     4.4863     4.4859   3.363025   3.363182     1.6547     2.0633   -0.00062   -0.00113    89.9988     0.0523     0.0091    200.005    202.108    34.9833    34.9855    27.7342    27.7360    1493.15    1493.15         18 0.0000e+00
     174028  61.722847   1485.000   1471.233     4.4890     4.4893   3.363253   3.363437     1.6554     2.0638   -0.00062   -0.00104    90.0015     0.0517     0.0076    200.095    202.135    34.9836    34.9854    27.7341    27.7355    1493.15    1493.15         18 0.0000e+00
     174046  61.722858   1484.000   1470.243     4.4902     4.4899   3.363272   3.363401     1.6561     2.0647   -0.00024   -0.00072    90.0001     0.0437     0.0066    200.179    202.221    34.9831    34.9848    27.7336    27.7350    1493.14    1493.14         18 0.0000e+00
     174064  61.722866   1483.000   1469.255     4.4908     4.4910   3.363269   3.363447     1.6562     2.0642   -0.00000    0.00007    89.9852     0.0396     0.0072    200.177    202.127    34.9828    34.9848    27.7333    27.7348    1493.12    1493.12         20 0.0000e+00
     174087  61.722878   1482.000   1468.265     4.4923     4.4930   3.363357   3.363593     1.6551     2.0628    0.00072    0.00071    89.9930     0.0484     0.0065    199.945    201.899    34.9828    34.9848    27.7331    27.7346    1493.11    1493.12         26 0.0000e+00
     174124  61.722897   1481.000   1467.282     4.4935     4.4953   3.363423   3.363744     1.6529     2.0594    0.00007   -0.00026    90.0012     0.0547     0.0062    199.524    201.421    34.9828    34.9847    27.7330    27.7342    1493.10    1493.11         49 0.0000e+00
     174166  61.722916   1480.000   1466.309     4.4970     4.4978   3.363726   3.363944     1.6509     2.0562   -0.00143   -0.00198    90.0014     0.0526     0.0064    199.139    200.963    34.9832    34.9848    27.7329    27.7341    1493.10    1493.10         28 0.0000e+00
     174187  61.722927   1479.000   1465.321     4.5008     4.4999   3.364007   3.364111     1.6494     2.0547   -0.00151   -0.00228    90.0014     0.0533     0.0050    198.838    200.724    34.9830    34.9851    27.7323    27.7340    1493.10    1493.09         18 0.0000e+00
     174204  61.722935   1478.000   1464.331     4.5038     4.5030   3.364254   3.364348     1.6491     2.0537   -0.00133   -0.00215    90.0014     0.0525     0.0055    198.734    200.554    34.9831    34.9851    27.7321    27.7337    1493.09    1493.09         15 0.0000e+00
     174218  61.722939   1477.000   1463.335     4.5057     4.5051   3.364417   3.364536     1.6490     2.0539   -0.00106   -0.00172    90.0014     0.0470     0.0056    198.691    200.544    34.9835    34.9855    27.7321    27.7338    1493.08    1493.08         14 0.0000e+00
     174232  61.722946   1476.000   1462.349     4.5080     4.5079   3.364579   3.364758     1.6498     2.0546   -0.00111   -0.00147    90.0014     0.0426     0.0070    198.791    200.594    34.9835    34.9856    27.7319    27.7336    1493.08    1493.08         14 0.0000e+00
     174246  61.722954   1475.000   1461.354     4.5093     4.5098   3.364653   3.364857     1.6508     2.0560   -0.00136   -0.00165    90.0014     0.0440     0.0069    198.935    200.740    34.9835    34.9854    27.7317    27.7332    1493.06    1493.07         15 0.0000e+00
     174262  61.722961   1474.000   1460.362     4.5105     4.5109   3.364725   3.364914     1.6520     2.0576   -0.00099   -0.00144    90.0014     0.0455     0.0068    199.098    200.921    34.9835    34.9853    27.7316    27.7330    1493.05    1493.06         18 0.0000e+00
     174286  61.722973   1473.000   1459.375     4.5104     4.5109   3.364662   3.364856     1.6534     2.0593    0.00039    0.00040    90.0014     0.0501     0.0088    199.316    201.108    34.9835    34.9852    27.7316    27.7329    1493.04    1493.04         33 0.0000e+00
     174331  61.722996   1472.000   1458.406     4.5098     4.5094   3.364573   3.364710     1.6550     2.0622    0.00170    0.00219    90.0014     0.0493     0.0115    199.570    201.470    34.9835    34.9854    27.7317    27.7333    1493.02    1493.02         45 0.0000e+00
     174361  61.723011   1471.000   1457.422     4.5126     4.5155   3.364779   3.365178     1.6554     2.0629    0.00139    0.00174    90.0014     0.0451     0.0091    199.595    201.506    34.9834    34.9851    27.7313    27.7323    1493.01    1493.03         21 0.0000e+00
     174380  61.723019   1470.000   1456.430     4.5205     4.5195   3.365383   3.365486     1.6558     2.0634    0.00082    0.00139    90.0014     0.0520     0.0082    199.596    201.520    34.9827    34.9849    27.7298    27.7317    1493.03    1493.03         18 0.0000e+00
     174397  61.723026   1469.000   1455.437     4.5242     4.5232   3.365651   3.365743     1.6551     2.0633    0.00026    0.00123    90.0014     0.0493     0.0073    199.441    201.468    34.9824    34.9845    27.7292    27.7310    1493.02    1493.02         16 0.0000e+00
     174413  61.723034   1468.000   1454.443     4.5266     4.5262   3.365852   3.365984     1.6540     2.0625    0.00038    0.00085    90.0014     0.0456     0.0063    199.202    201.313    34.9827    34.9847    27.7292    27.7308    1493.02    1493.02         18 0.0000e+00
     174433  61.723045   1467.000   1453.453     4.5277     4.5281   3.365903   3.366108     1.6520     2.0603    0.00049    0.00048    90.0014     0.0450     0.0078    198.839    200.994    34.9827    34.9846    27.7290    27.7305    1493.01    1493.01         22 0.0000e+00
