data/CTD/cnv/ufr29002.cnv
* Sea-Bird SBE 9 Data File:
* FileName = C:\SEASOFT\PIRATA-FR29\data\fr29002.hex
* Software Version Seasave V 7.26.7.107
* Temperature SN = 6083
* Conductivity SN = 4509
* Number of Bytes Per Scan = 42
* Number of Voltage Words = 3
* Number of Scans Averaged by the Deck Unit = 1
* NMEA Latitude = 08 59.92 N
* NMEA Longitude = 020 07.05 W
* NMEA UTC (Time) = Mar 03 2019 20:26:29
** Cruise: PIRATA-FR29
** Ship: THALASSA
** Station: 002
** Bottom Depth: 3603
** Barometric pressure : 1012.2
** Temp Air: 24.1
** Operator: MG/PR
** Comments:
# nquan = 25
# nvalues = 2025                        
# units = specified
# name 0 = scan: Scan Count
# name 1 = timeJ: Julian Days
# name 2 = prDM: Pressure, Digiquartz [db]
# name 3 = depSM: Depth [salt water, m]
# name 4 = t090C: Temperature [ITS-90, deg C]
# name 5 = t190C: Temperature, 2 [ITS-90, deg C]
# name 6 = c0S/m: Conductivity [S/m]
# name 7 = c1S/m: Conductivity, 2 [S/m]
# name 8 = sbeox0V: Oxygen raw, SBE 43 [V]
# name 9 = sbeox1V: Oxygen raw, SBE 43, 2 [V]
# name 10 = sbox0dV/dT: Oxygen, SBE 43 [dov/dt]
# name 11 = sbox1dV/dT: Oxygen, SBE 43, 2 [dov/dt]
# name 12 = CStarTr0: Beam Transmission, WET Labs C-Star [%]
# name 13 = flECO-AFL: Fluorescence, WET Labs ECO-AFL/FL [mg/m^3]
# name 14 = flC: Fluorescence, Chelsea Aqua 3 Chl Con [ug/l]
# name 15 = sbox0Mm/Kg: Oxygen, SBE 43 [umol/kg], WS = 2
# name 16 = sbox1Mm/Kg: Oxygen, SBE 43, 2 [umol/kg], WS = 2
# name 17 = sal00: Salinity, Practical [PSU]
# name 18 = sal11: Salinity, Practical, 2 [PSU]
# name 19 = sigma-é00: Density [sigma-theta, kg/m^3]
# name 20 = sigma-é11: Density, 2 [sigma-theta, kg/m^3]
# name 21 = svCM: Sound Velocity [Chen-Millero, m/s]
# name 22 = svCM1: Sound Velocity, 2 [Chen-Millero, m/s]
# name 23 = nbin: number of scans per bin
# name 24 = flag: flag
# span 0 =      55427,     145073       
# span 1 =  62.878466,  62.921697       
# span 2 =      2.000,   2026.000       
# span 3 =      1.979,   2004.902       
# span 4 =     3.4589,    24.5478       
# span 5 =     3.4585,    24.5485       
# span 6 =   3.290440,   5.346375       
# span 7 =   3.290435,   5.346621       
# span 8 =     0.7728,     2.6725       
# span 9 =     0.8888,     3.3827       
# span 10 =   -0.01854,    0.10560      
# span 11 =   -0.02330,    0.14343      
# span 12 =    80.7558,    88.4069      
# span 13 =     0.0404,     2.9389      
# span 14 =     0.0108,     0.9531      
# span 15 =     35.125,    226.501      
# span 16 =     35.490,    228.951      
# span 17 =    34.7023,    35.8377      
# span 18 =    34.7040,    35.8675      
# span 19 =    23.9655,    27.8203      
# span 20 =    23.9661,    27.8222      
# span 21 =    1487.55,    1534.27      
# span 22 =    1487.53,    1534.27      
# span 23 =         14,        144      
# span 24 = 0.0000e+00, 0.0000e+00      
# interval = decibars: 1                
# start_time = Mar 03 2019 20:26:30 [System UTC, first data scan.]
# bad_flag = -9.990e-29
*END*
[from data line 1914]
     126739  62.912857    112.000    111.340    14.7691    14.7676   4.332296   4.332422     1.3340     1.6325   -0.00051   -0.00067    87.9784     0.2683     0.0771     95.110     96.293    35.5343    35.5368    26.4385    26.4407    1508.42    1508.42         38 0.0000e+00
     126779  62.912876    111.000    110.347    14.7798    14.7793   4.333394   4.333549     1.3303     1.6270   -0.00250   -0.00290    87.9750     0.2778     0.0867     94.662     95.776    35.5351    35.5369    26.4367    26.4382    1508.44    1508.44         40 0.0000e+00
     126813  62.912891    110.000    109.362    14.7795    14.7815   4.333314   4.333734     1.3281     1.6242   -0.00253   -0.00349    87.9783     0.2692     0.0817     94.401     95.516    35.5350    35.5370    26.4367    26.4378    1508.42    1508.43         26 0.0000e+00
     126835  62.912903    109.000    108.362    14.7828    14.7902   4.333734   4.334825     1.3273     1.6232   -0.00210   -0.00341    87.9613     0.2430     0.0847     94.289     95.400    35.5363    35.5395    26.4369    26.4378    1508.42    1508.45         20 0.0000e+00
     126854  62.912910    108.000    107.362    14.8282    14.8260   4.338714   4.338820     1.3267     1.6226   -0.00191   -0.00237    87.9432     0.2173     0.0857     94.125     95.272    35.5409    35.5439    26.4305    26.4333    1508.55    1508.55         19 0.0000e+00
     126874  62.912922    107.000    106.364    14.8536    14.8518   4.341534   4.341674     1.3253     1.6211   -0.00136   -0.00174    87.9518     0.2223     0.0866     93.904     95.075    35.5440    35.5469    26.4273    26.4299    1508.62    1508.62         23 0.0000e+00
     126901  62.912933    106.000    105.374    14.9270    14.9190   4.349692   4.349228     1.3190     1.6141   -0.00085   -0.00105    87.9254     0.2599     0.0905     93.035     94.333    35.5521    35.5552    26.4174    26.4216    1508.84    1508.82         30 0.0000e+00
     126933  62.912949    105.000    104.385    15.0646    15.0766   4.365157   4.367141     1.3043     1.5927   -0.00175   -0.00171    87.9614     0.2927     0.0929     91.094     92.180    35.5686    35.5757    26.3997    26.4026    1509.28    1509.33         32 0.0000e+00
     126962  62.912964    104.000    103.392    15.1228    15.1419   4.371576   4.373884     1.2923     1.5737   -0.00593   -0.00697    87.9485     0.3198     0.0952     89.622     90.416    35.5745    35.5782    26.3914    26.3900    1509.45    1509.52         25 0.0000e+00
     126987  62.912975    103.000    102.386    15.1671    15.1833   4.376192   4.378414     1.2843     1.5633   -0.01049   -0.01522    87.9194     0.2758     0.0949     88.629     89.428    35.5767    35.5822    26.3832    26.3838    1509.58    1509.64         30 0.0000e+00
     127072  62.913017    102.000    101.400    15.1865    15.2166   4.378269   4.381801     1.2767     1.5471   -0.00365   -0.00714    87.9216     0.2840     0.1000     87.715     87.967    35.5783    35.5831    26.3801    26.3771    1509.63    1509.73         79 0.0000e+00
     127205  62.913082    101.000    100.404    15.2282    15.2262   4.382670   4.382633     1.2660     1.5391   -0.00102   -0.00214    87.8899     0.3085     0.1068     86.426     87.250    35.5809    35.5824    26.3729    26.3744    1509.74    1509.74         71 0.0000e+00
     128811  62.913857    100.000     99.415    15.1976    15.1949   4.379271   4.379238     1.2730     1.5506    0.00006    0.00015    87.8811     0.3196     0.1153     87.262     88.290    35.5783    35.5803    26.3775    26.3798    1509.63    1509.62         55 0.0000e+00
     129137  62.914013     99.000     98.425    15.1989    15.1998   4.379451   4.379708     1.2727     1.5502   -0.00061   -0.00140    87.8879     0.2997     0.1149     87.209     88.234    35.5791    35.5806    26.3779    26.3789    1509.62    1509.62         24 0.0000e+00
     129151  62.914021     98.000     97.424    15.2117    15.2093   4.380825   4.380773     1.2698     1.5477   -0.00200   -0.00227    87.8848     0.2829     0.1164     86.850     87.989    35.5803    35.5820    26.3759    26.3778    1509.64    1509.63         23 0.0000e+00
     129189  62.914036     97.000     96.426    15.2136    15.2182   4.380974   4.381649     1.2680     1.5446   -0.00233   -0.00243    87.8787     0.3079     0.1126     86.638     87.695    35.5804    35.5824    26.3755    26.3761    1509.63    1509.65         68 0.0000e+00
     129267  62.914074     96.000     95.449    15.2125    15.2168   4.380805   4.381428     1.2684     1.5426   -0.00028   -0.00157    87.8752     0.3616     0.1065     86.674     87.513    35.5803    35.5821    26.3757    26.3761    1509.61    1509.63         48 0.0000e+00
     129292  62.914085     95.000     94.450    15.2165    15.2205   4.381183   4.381780     1.2678     1.5424    0.00050   -0.00053    87.8631     0.3318     0.1062     86.586     87.485    35.5804    35.5823    26.3748    26.3754    1509.61    1509.62         24 0.0000e+00
     129314  62.914097     94.000     93.451    15.2332    15.2317   4.383063   4.383289     1.2660     1.5411    0.00024    0.00010    87.8653     0.3054     0.1096     86.340     87.336    35.5828    35.5862    26.3729    26.3759    1509.64    1509.64         21 0.0000e+00
     129337  62.914108     93.000     92.448    15.2681    15.2773   4.386849   4.388167     1.2630     1.5384   -0.00022   -0.00015    87.8653     0.2878     0.1132     85.939     87.020    35.5860    35.5895    26.3675    26.3682    1509.74    1509.77         26 0.0000e+00
     129369  62.914124     92.000     91.460    15.2732    15.2993   4.387274   4.390492     1.2611     1.5354   -0.00157   -0.00118    87.8653     0.3151     0.1123     85.700     86.711    35.5856    35.5911    26.3661    26.3645    1509.74    1509.83         38 0.0000e+00
     129405  62.914143     91.000     90.476    15.2585    15.2713   4.385733   4.387176     1.2616     1.5346   -0.00276   -0.00289    87.8626     0.3956     0.1263     85.774     86.678    35.5853    35.5868    26.3691    26.3674    1509.68    1509.72         31 0.0000e+00
     129432  62.914154     90.000     89.474    15.2955    15.2928   4.389764   4.390081     1.2625     1.5361   -0.00104   -0.00181    87.8270     0.3668     0.1182     85.804     86.758    35.5887    35.5941    26.3635    26.3682    1509.78    1509.78         24 0.0000e+00
     129458  62.914165     89.000     88.473    15.3504    15.3545   4.395879   4.396698     1.2633     1.5375    0.00040   -0.00055    87.8428     0.3283     0.1220     85.777     86.768    35.5948    35.5986    26.3559    26.3578    1509.94    1509.96         31 0.0000e+00
     129499  62.914188     88.000     87.487    15.3514    15.4039   4.395624   4.402395     1.2629     1.5398    0.00077    0.00128    87.8418     0.3944     0.1195     85.729     86.866    35.5920    35.6058    26.3534    26.3523    1509.93    1510.11         50 0.0000e+00
     129542  62.914207     87.000     86.496    15.3169    15.3831   4.392031   4.399357     1.2638     1.5416   -0.00041    0.00127    87.8433     0.4427     0.1171     85.880     87.052    35.5912    35.5975    26.3605    26.3505    1509.80    1510.01         33 0.0000e+00
     129572  62.914223     86.000     85.498    15.4217    15.4533   4.403852   4.407953     1.2673     1.5459    0.00045    0.00110    87.8248     0.3775     0.1192     86.079     87.283    35.6036    35.6121    26.3465    26.3460    1510.13    1510.23         30 0.0000e+00
     129603  62.914238     85.000     84.502    15.5388    15.5782   4.416766   4.421604     1.2725     1.5534    0.00088    0.00138    87.7740     0.3706     0.1311     86.436     87.707    35.6147    35.6228    26.3287    26.3261    1510.49    1510.62         33 0.0000e+00
     129639  62.914253     84.000     83.510    15.6325    15.6372   4.426801   4.427547     1.2781     1.5581    0.00316    0.00435    87.7474     0.4038     0.1353     86.898     87.999    35.6209    35.6234    26.3123    26.3132    1510.77    1510.79         37 0.0000e+00
     129676  62.914272     83.000     82.516    15.6322    15.6300   4.426771   4.426708     1.2802     1.5591    0.00424    0.00486    87.7538     0.4223     0.1374     87.113     88.081    35.6213    35.6228    26.3126    26.3143    1510.75    1510.75         39 0.0000e+00
     129718  62.914291     82.000     81.522    15.6406    15.6010   4.427430   4.423521     1.2804     1.5602    0.00202    0.00110    87.7452     0.4433     0.1349     87.116     88.214    35.6201    35.6207    26.3097    26.3191    1510.76    1510.64         43 0.0000e+00
     129761  62.914314     81.000     80.529    15.6469    15.6538   4.428139   4.429345     1.2817     1.5631    0.00026    0.00065    87.7361     0.4591     0.1376     87.234     88.362    35.6213    35.6258    26.3092    26.3111    1510.76    1510.79         42 0.0000e+00
     130393  62.914619     80.000     79.530    15.6407    15.6480   4.427381   4.428214     1.2825     1.5623    0.00031    0.00091    87.7407     0.4685     0.1417     87.326     88.291    35.6204    35.6213    26.3099    26.3090    1510.73    1510.75        116 0.0000e+00
     131832  62.915314     79.000     78.549    15.6722    15.6684   4.430780   4.430602     1.2820     1.5598   -0.00014   -0.00037    87.7468     0.4824     0.1519     87.201     88.035    35.6230    35.6248    26.3047    26.3070    1510.81    1510.80         53 0.0000e+00
     131719  62.915257     78.000     77.546    15.7046    15.7018   4.434309   4.434261     1.2844     1.5655    0.00032 3.5009e-07    87.7310     0.3908     0.1467     87.402     88.448    35.6258    35.6280    26.2995    26.3018    1510.90    1510.89         37 0.0000e+00
     131760  62.915276     77.000     76.552    15.7322    15.7304   4.437364   4.437376     1.2915     1.5726    0.00081    0.00254    87.7130     0.4254     0.1461     88.139     88.995    35.6288    35.6306    26.2955    26.2973    1510.97    1510.97         43 0.0000e+00
     131800  62.915295     76.000     75.562    15.7453    15.7451   4.438869   4.439087     1.2997     1.5853    0.00364    0.00388    87.7268     0.4410     0.1535     89.008     90.040    35.6310    35.6331    26.2941    26.2959    1511.00    1511.00         35 0.0000e+00
     131833  62.915314     75.000     74.562    15.7665    15.7830   4.441277   4.443636     1.3107     1.6061    0.00459    0.00571    87.7238     0.3983     0.1504     90.190     91.728    35.6339    35.6402    26.2915    26.2926    1511.05    1511.11         35 0.0000e+00
     131879  62.915333     74.000     73.568    15.7638    15.8164   4.440880   4.447058     1.3164     1.6326    0.00698    0.01294    87.6925     0.4547     0.1457     90.816     93.908    35.6332    35.6412    26.2916    26.2858    1511.02    1511.19         61 0.0000e+00
     131951  62.915371     73.000     72.580    15.7433    15.7813   4.438577   4.442837     1.3099     1.6242   -0.00123    0.00839    87.7126     0.5359     0.1383     90.119     93.243    35.6313    35.6354    26.2948    26.2892    1510.94    1511.06         65 0.0000e+00
     131996  62.915390     72.000     71.584    15.8444    15.8532   4.450093   4.451373     1.3375     1.6464   -0.00255   -0.01000    87.7124     0.4219     0.1518     92.985     94.982    35.6440    35.6476    26.2814    26.2822    1511.25    1511.28         36 0.0000e+00
     132030  62.915409     71.000     70.588    15.8980    15.8970   4.456017   4.456265     1.3591     1.6666    0.00950    0.00826    87.7011     0.4229     0.1512     95.265     96.601    35.6492    35.6523    26.2732    26.2758    1511.41    1511.41         34 0.0000e+00
     132066  62.915424     70.000     69.594    15.9126    15.9124   4.457634   4.457792     1.3710     1.6785    0.01736    0.01515    87.7010     0.4415     0.1495     96.544     97.567    35.6509    35.6525    26.2711    26.2724    1511.44    1511.44         37 0.0000e+00
     132109  62.915447     69.000     68.598    15.9109    15.9138   4.457386   4.457889     1.3750     1.6848    0.01037    0.00998    87.6859     0.5300     0.1489     96.977     98.087    35.6507    35.6525    26.2713    26.2720    1511.41    1511.43         53 0.0000e+00
     132163  62.915470     68.000     67.612    15.9067    15.9183   4.456920   4.458334     1.3763     1.6879    0.00174    0.00307    87.6842     0.5691     0.1477     97.116     98.325    35.6507    35.6528    26.2722    26.2712    1511.38    1511.42         45 0.0000e+00
     132197  62.915489     67.000     66.614    15.9323    15.9312   4.459618   4.459768     1.3807     1.6931    0.00034    0.00145    87.6994     0.4911     0.1489     97.545     98.734    35.6522    35.6545    26.2675    26.2695    1511.45    1511.45         28 0.0000e+00
     132224  62.915501     66.000     65.616    16.0944    16.0613   4.477442   4.474776     1.3892     1.7025    0.00074    0.00127    87.6764     0.4242     0.1586     98.158     99.264    35.6660    35.6720    26.2407    26.2530    1511.95    1511.85         29 0.0000e+00
     132261  62.915520     65.000     64.620    16.1330    16.1958   4.481519   4.488788     1.3938     1.7124    0.00462    0.00530    87.6227     0.5121     0.1685     98.572     99.838    35.6682    35.6765    26.2335    26.2254    1512.05    1512.25         48 0.0000e+00
     132314  62.915543     64.000     63.635    16.0487    16.2507   4.472646   4.494620     1.3942     1.7226    0.00407    0.00708    87.6249     0.6210     0.1766     98.770    100.576    35.6651    35.6795    26.2505    26.2149    1511.77    1512.41         46 0.0000e+00
     132350  62.915562     63.000     62.635    16.2888    16.2972   4.498504   4.499898     1.4043     1.7276   -0.00109    0.00468    87.5983     0.5519     0.1830     99.401    100.895    35.6803    35.6852    26.2067    26.2085    1512.51    1512.54         34 0.0000e+00
     132418  62.915596     62.000     61.642    16.2546    16.3098   4.494917   4.501049     1.4089     1.7329    0.00351    0.00342    87.4889     0.5924     0.1848     99.961    101.308    35.6794    35.6845    26.2138    26.2050    1512.38    1512.56         85 0.0000e+00
     132496  62.915634     61.000     60.650    16.3874    16.4053   4.509533   4.512175     1.4147     1.7391   -0.00336   -0.00187    87.5680     0.5722     0.1821    100.316    101.625    35.6907    35.6981    26.1915    26.1931    1512.79    1512.85         42 0.0000e+00
     132566  62.915665     60.000     59.652    16.4368    16.4813   4.514686   4.519973     1.4223     1.7505    0.00221    0.00212    87.5225     0.6144     0.1942    101.043    102.424    35.6925    35.6995    26.1814    26.1764    1512.92    1513.06         76 0.0000e+00
     134004  62.916359     59.000     58.658    16.5599    16.5461   4.528068   4.526860     1.4344     1.7604   -0.00025   -0.00001    87.4471     0.5955     0.1868    102.114    103.121    35.7012    35.7029    26.1592    26.1638    1513.29    1513.25         84 0.0000e+00
     134822  62.916756     58.000     57.670    16.5267    16.5264   4.524439   4.524637     1.4332     1.7588    0.00130    0.00126    87.4231     0.5851     0.2002    102.031    103.012    35.6992    35.7012    26.1654    26.1671    1513.17    1513.17         36 0.0000e+00
     134831  62.916759     57.000     56.676    16.5578    16.5622   4.527845   4.528641     1.4354     1.7637    0.00208    0.00176    87.4266     0.5610     0.1990    102.203    103.336    35.7019    35.7051    26.1602    26.1616    1513.25    1513.27         26 0.0000e+00
     134855  62.916771     56.000     55.677    16.6096    16.6013   4.533693   4.533168     1.4397     1.7678    0.00161    0.00181    87.4213     0.5535     0.2038    102.551    103.588    35.7077    35.7105    26.1524    26.1565    1513.40    1513.37         23 0.0000e+00
