data/CTD/cnv/ufr29002.cnv
* Sea-Bird SBE 9 Data File:
* FileName = C:\SEASOFT\PIRATA-FR29\data\fr29002.hex
* Software Version Seasave V 7.26.7.107
* Temperature SN = 6083
* Conductivity SN = 4509
* Number of Bytes Per Scan = 42
* Number of Voltage Words = 3
* Number of Scans Averaged by the Deck Unit = 1
* NMEA Latitude = 08 59.92 N
* NMEA Longitude = 020 07.05 W
* NMEA UTC (Time) = Mar 03 2019 20:26:29
** Cruise: PIRATA-FR29
** Ship: THALASSA
** Station: 002
** Bottom Depth: 3603
** Barometric pressure : 1012.2
** Temp Air: 24.1
** Operator: MG/PR
** Comments:
# nquan = 25
# nvalues = 2025                        
# units = specified
# name 0 = scan: Scan Count
# name 1 = timeJ: Julian Days
# name 2 = prDM: Pressure, Digiquartz [db]
# name 3 = depSM: Depth [salt water, m]
# name 4 = t090C: Temperature [ITS-90, deg C]
# name 5 = t190C: Temperature, 2 [ITS-90, deg C]
# name 6 = c0S/m: Conductivity [S/m]
# name 7 = c1S/m: Conductivity, 2 [S/m]
# name 8 = sbeox0V: Oxygen raw, SBE 43 [V]
# name 9 = sbeox1V: Oxygen raw, SBE 43, 2 [V]
# name 10 = sbox0dV/dT: Oxygen, SBE 43 [dov/dt]
# name 11 = sbox1dV/dT: Oxygen, SBE 43, 2 [dov/dt]
# name 12 = CStarTr0: Beam Transmission, WET Labs C-Star [%]
# name 13 = flECO-AFL: Fluorescence, WET Labs ECO-AFL/FL [mg/m^3]
# name 14 = flC: Fluorescence, Chelsea Aqua 3 Chl Con [ug/l]
# name 15 = sbox0Mm/Kg: Oxygen, SBE 43 [umol/kg], WS = 2
# name 16 = sbox1Mm/Kg: Oxygen, SBE 43, 2 [umol/kg], WS = 2
# name 17 = sal00: Salinity, Practical [PSU]
# name 18 = sal11: Salinity, Practical, 2 [PSU]
# name 19 = sigma-é00: Density [sigma-theta, kg/m^3]
# name 20 = sigma-é11: Density, 2 [sigma-theta, kg/m^3]
# name 21 = svCM: Sound Velocity [Chen-Millero, m/s]
# name 22 = svCM1: Sound Velocity, 2 [Chen-Millero, m/s]
# name 23 = nbin: number of scans per bin
# name 24 = flag: flag
# span 0 =      55427,     145073       
# span 1 =  62.878466,  62.921697       
# span 2 =      2.000,   2026.000       
# span 3 =      1.979,   2004.902       
# span 4 =     3.4589,    24.5478       
# span 5 =     3.4585,    24.5485       
# span 6 =   3.290440,   5.346375       
# span 7 =   3.290435,   5.346621       
# span 8 =     0.7728,     2.6725       
# span 9 =     0.8888,     3.3827       
# span 10 =   -0.01854,    0.10560      
# span 11 =   -0.02330,    0.14343      
# span 12 =    80.7558,    88.4069      
# span 13 =     0.0404,     2.9389      
# span 14 =     0.0108,     0.9531      
# span 15 =     35.125,    226.501      
# span 16 =     35.490,    228.951      
# span 17 =    34.7023,    35.8377      
# span 18 =    34.7040,    35.8675      
# span 19 =    23.9655,    27.8203      
# span 20 =    23.9661,    27.8222      
# span 21 =    1487.55,    1534.27      
# span 22 =    1487.53,    1534.27      
# span 23 =         14,        144      
# span 24 = 0.0000e+00, 0.0000e+00      
# interval = decibars: 1                
# start_time = Mar 03 2019 20:26:30 [System UTC, first data scan.]
# bad_flag = -9.990e-29
*END*
[from data line 696]
      78740  62.889709   1330.000   1318.305     4.4987     4.4982   3.351211   3.351346     1.5711     1.9500    0.00022   -0.00004    88.3817     0.0535     0.0280    181.860    183.509    34.9092    34.9113    27.6723    27.6741    1490.51    1490.51         20 0.0000e+00
      78760  62.889717   1329.000   1317.320     4.4986     4.4982   3.351165   3.351309     1.5711     1.9500    0.00031   -0.00016    88.3817     0.0461     0.0255    181.847    183.493    34.9093    34.9113    27.6724    27.6741    1490.49    1490.49         21 0.0000e+00
      78783  62.889729   1328.000   1316.331     4.4985     4.4983   3.351110   3.351262     1.5712     1.9506    0.00036    0.00004    88.3817     0.0517     0.0287    181.834    183.536    34.9092    34.9112    27.6724    27.6740    1490.48    1490.48         25 0.0000e+00
      78809  62.889740   1327.000   1315.347     4.4985     4.4983   3.351069   3.351212     1.5712     1.9511    0.00009    0.00014    88.3817     0.0458     0.0258    181.810    183.579    34.9093    34.9111    27.6724    27.6739    1490.46    1490.46         26 0.0000e+00
      78834  62.889755   1326.000   1314.361     4.4986     4.4983   3.351018   3.351171     1.5712     1.9511    0.00009    0.00035    88.3817     0.0449     0.0227    181.786    183.559    34.9091    34.9112    27.6722    27.6739    1490.44    1490.44         23 0.0000e+00
      78856  62.889763   1325.000   1313.375     4.4989     4.4986   3.351001   3.351161     1.5712     1.9512    0.00013    0.00054    88.3817     0.0439     0.0259    181.762    183.548    34.9090    34.9112    27.6722    27.6739    1490.43    1490.43         20 0.0000e+00
      78875  62.889774   1324.000   1312.381     4.5003     4.4998   3.351052   3.351205     1.5712     1.9512   -0.00003    0.00034    88.3817     0.0468     0.0251    181.731    183.517    34.9086    34.9109    27.6717    27.6735    1490.42    1490.42         19 0.0000e+00
      78894  62.889782   1323.000   1311.392     4.5006     4.5005   3.351034   3.351204     1.5712     1.9512   -0.00004    0.00006    88.3817     0.0524     0.0233    181.705    183.491    34.9086    34.9107    27.6716    27.6733    1490.40    1490.40         19 0.0000e+00
      78914  62.889793   1322.000   1310.399     4.5013     4.5016   3.351049   3.351231     1.5712     1.9512    0.00012    0.00003    88.3817     0.0464     0.0210    181.678    183.462    34.9085    34.9104    27.6714    27.6729    1490.39    1490.39         22 0.0000e+00
      78941  62.889805   1321.000   1309.410     4.5021     4.5026   3.351051   3.351258     1.5711     1.9510    0.00003   -0.00016    88.3817     0.0686     0.0223    181.646    183.408    34.9082    34.9100    27.6711    27.6725    1490.37    1490.38         34 0.0000e+00
      78984  62.889828   1320.000   1308.432     4.5001     4.5007   3.350886   3.351073     1.5709     1.9510   -0.00006    0.00010    88.3817     0.0441     0.0218    181.596    183.387    34.9089    34.9104    27.6718    27.6730    1490.35    1490.35         47 0.0000e+00
      79022  62.889843   1319.000   1307.443     4.5020     4.5008   3.350967   3.351044     1.5709     1.9510   -0.00013   -0.00013    88.3817     0.0465     0.0227    181.550    183.368    34.9083    34.9105    27.6712    27.6730    1490.34    1490.34         31 0.0000e+00
      79053  62.889858   1318.000   1306.453     4.5097     4.5080   3.351486   3.351563     1.5704     1.9508   -0.00006    0.00001    88.3817     0.0549     0.0213    181.417    183.279    34.9068    34.9094    27.6691    27.6714    1490.35    1490.35         31 0.0000e+00
      79083  62.889874   1317.000   1305.469     4.5154     4.5157   3.351869   3.352078     1.5697     1.9498   -0.00011    0.00013    88.3817     0.0592     0.0203    181.245    183.090    34.9058    34.9079    27.6677    27.6693    1490.36    1490.36         27 0.0000e+00
      79107  62.889885   1316.000   1304.483     4.5176     4.5196   3.351997   3.352341     1.5689     1.9479   -0.00031   -0.00012    88.3817     0.0528     0.0202    181.077    182.815    34.9055    34.9074    27.6672    27.6686    1490.35    1490.36         23 0.0000e+00
      79128  62.889896   1315.000   1303.488     4.5231     4.5238   3.352383   3.352643     1.5681     1.9466   -0.00052   -0.00068    88.3817     0.0535     0.0189    180.893    182.604    34.9047    34.9070    27.6660    27.6678    1490.35    1490.36         19 0.0000e+00
      79147  62.889904   1314.000   1302.502     4.5288     4.5285   3.352788   3.352949     1.5670     1.9451   -0.00054   -0.00109    88.3817     0.0468     0.0211    180.656    182.366    34.9040    34.9061    27.6648    27.6665    1490.36    1490.36         19 0.0000e+00
      79166  62.889915   1313.000   1301.511     4.5300     4.5300   3.352842   3.353037     1.5660     1.9445   -0.00073   -0.00156    88.3817     0.0494     0.0214    180.455    182.254    34.9038    34.9060    27.6645    27.6663    1490.35    1490.35         19 0.0000e+00
      79185  62.889923   1312.000   1300.524     4.5299     4.5305   3.352801   3.353027     1.5653     1.9430   -0.00104   -0.00170    88.3817     0.0527     0.0223    180.311    182.038    34.9039    34.9059    27.6646    27.6661    1490.33    1490.34         18 0.0000e+00
      79204  62.889931   1311.000   1299.534     4.5300     4.5311   3.352759   3.353030     1.5644     1.9420   -0.00117   -0.00163    88.3817     0.0530     0.0214    180.132    181.883    34.9038    34.9058    27.6645    27.6659    1490.32    1490.32         21 0.0000e+00
      79225  62.889942   1310.000   1298.543     4.5308     4.5324   3.352781   3.353091     1.5637     1.9408   -0.00130   -0.00127    88.3806     0.0518     0.0208    179.987    181.689    34.9038    34.9057    27.6643    27.6657    1490.30    1490.31         21 0.0000e+00
      79247  62.889954   1309.000   1297.559     4.5320     4.5343   3.352832   3.353207     1.5628     1.9400   -0.00111   -0.00155    88.3807     0.0574     0.0195    179.812    181.565    34.9036    34.9055    27.6640    27.6653    1490.29    1490.30         24 0.0000e+00
      79272  62.889965   1308.000   1296.569     4.5345     4.5350   3.352980   3.353207     1.5625     1.9392   -0.00088   -0.00136    88.3604     0.0564     0.0180    179.732    181.431    34.9032    34.9053    27.6634    27.6651    1490.28    1490.29         25 0.0000e+00
      79300  62.889977   1307.000   1295.580     4.5360     4.5366   3.353057   3.353256     1.5617     1.9384   -0.00094   -0.00107    88.3456     0.0570     0.0196    179.569    181.295    34.9030    34.9047    27.6631    27.6645    1490.27    1490.28         31 0.0000e+00
      79337  62.889996   1306.000   1294.594     4.5282     4.5466   3.352416   3.354027     1.5609     1.9368   -0.00039   -0.00081    88.3663     0.0516     0.0214    179.444    181.024    34.9041    34.9037    27.6649    27.6626    1490.23    1490.30         43 0.0000e+00
      79378  62.890015   1305.000   1293.609     4.5366     4.5541   3.352972   3.354570     1.5613     1.9336   -0.00077   -0.00079    88.3755     0.0563     0.0218    179.439    180.553    34.9024    34.9027    27.6626    27.6609    1490.24    1490.31         37 0.0000e+00
      79410  62.890030   1304.000   1292.622     4.5543     4.5540   3.354393   3.354548     1.5603     1.9316    0.00003   -0.00138    88.3810     0.0521     0.0193    179.162    180.272    34.9009    34.9030    27.6594    27.6611    1490.30    1490.30         29 0.0000e+00
      79437  62.890045   1303.000   1291.631     4.5755     4.5757   3.355997   3.356264     1.5576     1.9297    0.00019   -0.00210    88.3817     0.0528     0.0184    178.596    179.905    34.8979    34.9008    27.6547    27.6571    1490.36    1490.37         25 0.0000e+00
      79461  62.890057   1302.000   1290.644     4.5839     4.5848   3.356605   3.356873     1.5543     1.9264   -0.00064   -0.00167    88.3817     0.0575     0.0228    177.975    179.421    34.8967    34.8989    27.6528    27.6545    1490.38    1490.38         22 0.0000e+00
      79482  62.890064   1301.000   1289.663     4.5890     4.5908   3.356962   3.357307     1.5515     1.9228   -0.00148   -0.00128    88.3817     0.0570     0.0218    177.456    178.902    34.8960    34.8982    27.6517    27.6533    1490.38    1490.39         21 0.0000e+00
      79502  62.890076   1300.000   1288.664     4.5934     4.5951   3.357264   3.357603     1.5488     1.9206   -0.00266   -0.00216    88.3817     0.0537     0.0221    176.956    178.577    34.8955    34.8976    27.6508    27.6523    1490.38    1490.39         19 0.0000e+00
      79521  62.890083   1299.000   1287.674     4.5994     4.6023   3.357710   3.358141     1.5466     1.9172   -0.00331   -0.00327    88.3817     0.0610     0.0212    176.531    178.093    34.8949    34.8968    27.6497    27.6509    1490.39    1490.40         19 0.0000e+00
      79541  62.890095   1298.000   1286.687     4.6052     4.6073   3.358116   3.358470     1.5443     1.9146   -0.00330   -0.00376    88.3817     0.0543     0.0177    176.101    177.710    34.8940    34.8959    27.6483    27.6496    1490.40    1490.41         20 0.0000e+00
      79561  62.890102   1297.000   1285.698     4.6080     4.6102   3.358259   3.358620     1.5420     1.9116   -0.00315   -0.00334    88.3817     0.0525     0.0178    175.676    177.291    34.8932    34.8951    27.6474    27.6487    1490.39    1490.40         22 0.0000e+00
      79585  62.890114   1296.000   1284.715     4.6095     4.6125   3.358347   3.358774     1.5396     1.9088   -0.00280   -0.00360    88.3817     0.0530     0.0181    175.230    176.894    34.8931    34.8950    27.6472    27.6483    1490.38    1490.39         24 0.0000e+00
      79608  62.890125   1295.000   1283.723     4.6130     4.6159   3.358564   3.358980     1.5372     1.9065   -0.00282   -0.00345    88.3817     0.0485     0.0215    174.792    176.567    34.8925    34.8943    27.6463    27.6474    1490.38    1490.39         23 0.0000e+00
      79630  62.890137   1294.000   1282.735     4.6156     4.6204   3.358726   3.359311     1.5359     1.9037   -0.00261   -0.00330    88.3817     0.0460     0.0216    174.545    176.159    34.8922    34.8939    27.6457    27.6466    1490.37    1490.39         22 0.0000e+00
      79656  62.890148   1293.000   1281.740     4.6239     4.6259   3.359326   3.359672     1.5341     1.9002   -0.00248   -0.00263    88.3817     0.0546     0.0212    174.177    175.663    34.8910    34.8929    27.6438    27.6451    1490.39    1490.40         33 0.0000e+00
      79705  62.890175   1292.000   1280.767     4.6095     4.6186   3.358182   3.359050     1.5315     1.8967   -0.00151   -0.00315    88.3782     0.0520     0.0223    173.785    175.232    34.8932    34.8938    27.6472    27.6467    1490.31    1490.35         49 0.0000e+00
      79735  62.890186   1291.000   1279.779     4.6214     4.6291   3.359033   3.359802     1.5317     1.8969   -0.00181   -0.00261    88.3784     0.0585     0.0275    173.740    175.188    34.8912    34.8921    27.6443    27.6441    1490.34    1490.38         21 0.0000e+00
      79753  62.890198   1290.000   1278.785     4.6385     4.6372   3.360332   3.360467     1.5312     1.8959   -0.00123   -0.00159    88.3726     0.0610     0.0272    173.560    175.006    34.8889    34.8918    27.6405    27.6430    1490.39    1490.39         18 0.0000e+00
      79772  62.890205   1289.000   1277.789     4.6484     4.6478   3.361041   3.361189     1.5293     1.8943   -0.00031   -0.00043    88.3608     0.0498     0.0266    173.172    174.728    34.8873    34.8896    27.6382    27.6401    1490.42    1490.42         19 0.0000e+00
      79795  62.890217   1288.000   1276.797     4.6482     4.6497   3.360980   3.361291     1.5267     1.8915   -0.00010   -0.00025    88.3613     0.0505     0.0295    172.714    174.334    34.8873    34.8893    27.6382    27.6396    1490.40    1490.41         30 0.0000e+00
      79832  62.890236   1287.000   1275.825     4.6396     4.6383   3.360281   3.360322     1.5235     1.8884   -0.00195   -0.00204    88.3613     0.0474     0.0264    172.191    173.969    34.8886    34.8904    27.6402    27.6418    1490.35    1490.34         38 0.0000e+00
      79861  62.890247   1286.000   1274.833     4.6426     4.6446   3.360457   3.360812     1.5232     1.8871   -0.00270   -0.00269    88.3695     0.0540     0.0226    172.098    173.757    34.8881    34.8901    27.6394    27.6408    1490.34    1490.35         23 0.0000e+00
      79883  62.890259   1285.000   1273.844     4.6530     4.6525   3.361223   3.361400     1.5225     1.8864   -0.00208   -0.00215    88.3739     0.0521     0.0265    171.912    173.611    34.8866    34.8891    27.6371    27.6391    1490.37    1490.37         21 0.0000e+00
      79905  62.890270   1284.000   1272.850     4.6593     4.6591   3.361671   3.361839     1.5214     1.8851   -0.00102   -0.00132    88.3721     0.0478     0.0246    171.678    173.391    34.8857    34.8878    27.6357    27.6374    1490.37    1490.38         22 0.0000e+00
      79927  62.890282   1283.000   1271.865     4.6608     4.6612   3.361755   3.361967     1.5201     1.8831   -0.00030   -0.00086    88.3745     0.0532     0.0244    171.431    173.101    34.8855    34.8876    27.6354    27.6369    1490.36    1490.37         23 0.0000e+00
      79950  62.890293   1282.000   1270.875     4.6618     4.6624   3.361796   3.362024     1.5183     1.8816   -0.00094   -0.00103    88.3710     0.0581     0.0299    171.107    172.876    34.8855    34.8875    27.6353    27.6367    1490.35    1490.36         24 0.0000e+00
      79975  62.890305   1281.000   1269.889     4.6629     4.6639   3.361838   3.362097     1.5170     1.8799   -0.00129   -0.00185    88.3723     0.0529     0.0277    170.859    172.639    34.8853    34.8873    27.6350    27.6364    1490.34    1490.35         25 0.0000e+00
      80000  62.890316   1280.000   1268.903     4.6639     4.6649   3.361868   3.362133     1.5160     1.8787   -0.00166   -0.00182    88.3673     0.0533     0.0277    170.669    172.456    34.8851    34.8872    27.6347    27.6362    1490.33    1490.33         23 0.0000e+00
      80021  62.890327   1279.000   1267.914     4.6672     4.6683   3.362090   3.362358     1.5156     1.8780   -0.00155   -0.00161    88.3638     0.0537     0.0290    170.572    172.328    34.8847    34.8868    27.6340    27.6355    1490.32    1490.33         21 0.0000e+00
      80042  62.890335   1278.000   1266.920     4.6723     4.6726   3.362435   3.362637     1.5150     1.8771   -0.00116   -0.00146    88.3562     0.0451     0.0288    170.421    172.176    34.8839    34.8860    27.6328    27.6344    1490.33    1490.33         21 0.0000e+00
      80065  62.890347   1277.000   1265.930     4.6738     4.6738   3.362499   3.362679     1.5136     1.8759   -0.00083   -0.00104    88.3617     0.0518     0.0257    170.154    171.995    34.8836    34.8857    27.6323    27.6340    1490.31    1490.32         26 0.0000e+00
      80095  62.890362   1276.000   1264.948     4.6735     4.6724   3.362430   3.362494     1.5123     1.8743   -0.00061   -0.00099    88.3700     0.0462     0.0249    169.925    171.778    34.8836    34.8855    27.6324    27.6339    1490.30    1490.30         34 0.0000e+00
      80126  62.890377   1275.000   1263.962     4.6720     4.6730   3.362278   3.362526     1.5118     1.8727   -0.00133   -0.00123    88.3819     0.0560     0.0280    169.810    171.540    34.8839    34.8857    27.6328    27.6341    1490.27    1490.28         27 0.0000e+00
      80152  62.890388   1274.000   1262.972     4.6770     4.6762   3.362612   3.362737     1.5112     1.8717   -0.00107   -0.00123    88.3817     0.0667     0.0220    169.675    171.380    34.8830    34.8854    27.6315    27.6334    1490.28    1490.28         24 0.0000e+00
