data/CTD/cnv/ufr29001.cnv
* Sea-Bird SBE 9 Data File:
* FileName = C:\SEASOFT\PIRATA-FR29\data\fr29001.hex
* Software Version Seasave V 7.26.7.107
* Temperature SN = 6083
* Conductivity SN = 4509
* Number of Bytes Per Scan = 42
* Number of Voltage Words = 3
* Number of Scans Averaged by the Deck Unit = 1
* NMEA Latitude = 12 29.57 N
* NMEA Longitude = 023 20.56 W
* NMEA UTC (Time) = Mar 02 2019 15:20:02
** Cruise: PIRATA-FR29
** Ship: THALASSA
** Station: 001
** Bottom Depth: 4894
** Barometric pressure : 1013.5
** Temp Air: 23.8
** Operator: JG
** Comments:
# nquan = 25
# nvalues = 4073                        
# units = specified
# name 0 = scan: Scan Count
# name 1 = timeJ: Julian Days
# name 2 = prDM: Pressure, Digiquartz [db]
# name 3 = depSM: Depth [salt water, m]
# name 4 = t090C: Temperature [ITS-90, deg C]
# name 5 = t190C: Temperature, 2 [ITS-90, deg C]
# name 6 = c0S/m: Conductivity [S/m]
# name 7 = c1S/m: Conductivity, 2 [S/m]
# name 8 = sbeox0V: Oxygen raw, SBE 43 [V]
# name 9 = sbeox1V: Oxygen raw, SBE 43, 2 [V]
# name 10 = sbox0dV/dT: Oxygen, SBE 43 [dov/dt]
# name 11 = sbox1dV/dT: Oxygen, SBE 43, 2 [dov/dt]
# name 12 = CStarTr0: Beam Transmission, WET Labs C-Star [%]
# name 13 = flECO-AFL: Fluorescence, WET Labs ECO-AFL/FL [mg/m^3]
# name 14 = flC: Fluorescence, Chelsea Aqua 3 Chl Con [ug/l]
# name 15 = sbox0Mm/Kg: Oxygen, SBE 43 [umol/kg], WS = 2
# name 16 = sbox1Mm/Kg: Oxygen, SBE 43, 2 [umol/kg], WS = 2
# name 17 = sal00: Salinity, Practical [PSU]
# name 18 = sal11: Salinity, Practical, 2 [PSU]
# name 19 = sigma-é00: Density [sigma-theta, kg/m^3]
# name 20 = sigma-é11: Density, 2 [sigma-theta, kg/m^3]
# name 21 = svCM: Sound Velocity [Chen-Millero, m/s]
# name 22 = svCM1: Sound Velocity, 2 [Chen-Millero, m/s]
# name 23 = nbin: number of scans per bin
# name 24 = flag: flag
# span 0 =     106156,     210482       
# span 1 =  61.690117,  61.740429       
# span 2 =      2.000,   4074.000       
# span 3 =      1.957,   4012.124       
# span 4 =     2.3602,    24.0118       
# span 5 =     2.3598,    24.0117       
# span 6 =   3.258956,   5.331661       
# span 7 =   3.259096,   5.331753       
# span 8 =     0.8205,     2.6602       
# span 9 =     0.9518,     3.3668       
# span 10 =   -0.01397,    0.11432      
# span 11 =   -0.01644,    0.16516      
# span 12 =    86.1295,    90.0276      
# span 13 =     0.0278,     1.7149      
# span 14 =    -0.0020,     0.4788      
# span 15 =     41.796,    232.421      
# span 16 =     42.196,    235.845      
# span 17 =    34.8168,    35.9775      
# span 18 =    34.8190,    36.0032      
# span 19 =    24.3620,    27.8861      
# span 20 =    24.3628,    27.8880      
# span 21 =    1489.54,    1533.82      
# span 22 =    1489.55,    1533.82      
# span 23 =         10,        118      
# span 24 = 0.0000e+00, 0.0000e+00      
# interval = decibars: 1                
# start_time = Mar 02 2019 15:20:03 [System UTC, first data scan.]
# bad_flag = -9.990e-29
*END*
[from data line 2319]
     167910  61.719898   1755.000   1737.627     3.9309     3.9305   3.324195   3.324321     1.7310     2.1668   -0.00005    0.00054    90.0014     0.0435     0.0113    224.207    226.803    34.9817    34.9836    27.7937    27.7952    1495.34    1495.34         17 0.0000e+00
     167927  61.719906   1754.000   1736.639     3.9320     3.9317   3.324257   3.324386     1.7310     2.1672   -0.00001    0.00026    90.0014     0.0439     0.0128    224.176    226.820    34.9817    34.9836    27.7936    27.7951    1495.33    1495.33         16 0.0000e+00
     167943  61.719913   1753.000   1735.648     3.9332     3.9329   3.324326   3.324465     1.7310     2.1669    0.00003   -0.00031    90.0014     0.0401     0.0094    224.135    226.737    34.9818    34.9838    27.7935    27.7951    1495.32    1495.32         17 0.0000e+00
     167960  61.719921   1752.000   1734.663     3.9336     3.9334   3.324309   3.324466     1.7315     2.1668    0.00010   -0.00024    90.0014     0.0361     0.0116    224.191    226.694    34.9816    34.9837    27.7933    27.7950    1495.30    1495.30         17 0.0000e+00
     167977  61.719929   1751.000   1733.676     3.9339     3.9346   3.324306   3.324533     1.7317     2.1666    0.00005    0.00002    90.0014     0.0453     0.0115    224.199    226.636    34.9818    34.9837    27.7934    27.7949    1495.29    1495.29         17 0.0000e+00
     167995  61.719940   1750.000   1732.685     3.9349     3.9361   3.324354   3.324625     1.7316     2.1662    0.00014    0.00001    90.0014     0.0483     0.0080    224.144    226.539    34.9818    34.9837    27.7933    27.7947    1495.27    1495.28         20 0.0000e+00
     168035  61.719959   1749.000   1731.702     3.9365     3.9376   3.324450   3.324715     1.7312     2.1660    0.00004   -0.00018    90.0014     0.0506     0.0075    224.028    226.469    34.9817    34.9837    27.7930    27.7945    1495.26    1495.27         52 0.0000e+00
     168105  61.719994   1748.000   1730.739     3.9382     3.9391   3.324560   3.324780     1.7309     2.1654   -0.00035   -0.00066    90.0014     0.0436     0.0055    223.941    226.357    34.9817    34.9833    27.7928    27.7941    1495.25    1495.26         22 0.0000e+00
     168120  61.720001   1747.000   1729.745     3.9398     3.9395   3.324649   3.324798     1.7310     2.1655    0.00013   -0.00039    90.0014     0.0460     0.0076    223.906    226.324    34.9815    34.9836    27.7925    27.7942    1495.24    1495.25         16 0.0000e+00
     168135  61.720005   1746.000   1728.752     3.9406     3.9404   3.324676   3.324832     1.7309     2.1655    0.00001   -0.00016    90.0014     0.0536     0.0091    223.869    226.291    34.9815    34.9835    27.7924    27.7941    1495.23    1495.23         14 0.0000e+00
     168149  61.720013   1745.000   1727.760     3.9416     3.9414   3.324734   3.324893     1.7309     2.1655    0.00010   -0.00001    90.0014     0.0484     0.0068    223.832    226.255    34.9816    34.9836    27.7924    27.7941    1495.22    1495.22         15 0.0000e+00
     168164  61.720020   1744.000   1726.774     3.9421     3.9419   3.324736   3.324889     1.7309     2.1658   -0.00005    0.00001    90.0014     0.0444     0.0063    223.802    226.266    34.9816    34.9836    27.7924    27.7940    1495.20    1495.21         15 0.0000e+00
     168179  61.720028   1743.000   1725.786     3.9428     3.9426   3.324751   3.324893     1.7309     2.1659   -0.00014    0.00006    90.0014     0.0458     0.0074    223.766    226.251    34.9815    34.9834    27.7922    27.7937    1495.19    1495.19         16 0.0000e+00
     168196  61.720036   1742.000   1724.797     3.9438     3.9431   3.324812   3.324897     1.7309     2.1663    0.00002    0.00015    90.0014     0.0444     0.0113    223.727    226.276    34.9817    34.9834    27.7922    27.7937    1495.18    1495.18         18 0.0000e+00
     168217  61.720047   1741.000   1723.809     3.9449     3.9464   3.324865   3.325181     1.7309     2.1664    0.00008    0.00015    90.0014     0.0450     0.0083    223.692    226.237    34.9816    34.9837    27.7920    27.7935    1495.17    1495.17         25 0.0000e+00
     168256  61.720066   1740.000   1722.834     3.9419     3.9459   3.324579   3.325098     1.7310     2.1664   -0.00007    0.00038    90.0014     0.0534     0.0057    223.689    226.209    34.9818    34.9838    27.7925    27.7936    1495.14    1495.16         50 0.0000e+00
     168292  61.720081   1739.000   1721.867     3.9511     3.9501   3.325359   3.325472     1.7309     2.1666   -0.00016   -0.00016    90.0014     0.0513     0.0065    223.590    226.184    34.9818    34.9842    27.7916    27.7936    1495.16    1495.16         19 0.0000e+00
     168307  61.720089   1738.000   1720.870     3.9511     3.9510   3.325308   3.325465     1.7313     2.1666    0.00000   -0.00030    90.0014     0.0479     0.0074    223.637    226.152    34.9817    34.9837    27.7915    27.7931    1495.14    1495.14         15 0.0000e+00
     168321  61.720097   1737.000   1719.881     3.9551     3.9543   3.325635   3.325753     1.7314     2.1666    0.00009    0.00001    90.0014     0.0445     0.0042    223.592    226.098    34.9818    34.9840    27.7912    27.7930    1495.14    1495.14         13 0.0000e+00
     168333  61.720100   1736.000   1718.884     3.9565     3.9563   3.325735   3.325890     1.7315     2.1666    0.00004    0.00028    90.0014     0.0442     0.0018    223.579    226.055    34.9820    34.9840    27.7911    27.7928    1495.13    1495.13         12 0.0000e+00
     168346  61.720108   1735.000   1717.893     3.9576     3.9576   3.325798   3.325971     1.7314     2.1666   -0.00004    0.00055    90.0014     0.0426     0.0036    223.527    226.017    34.9821    34.9841    27.7911    27.7927    1495.12    1495.12         14 0.0000e+00
     168361  61.720116   1734.000   1716.905     3.9586     3.9592   3.325851   3.326082     1.7312     2.1666    0.00019    0.00024    90.0014     0.0429     0.0051    223.452    225.976    34.9821    34.9842    27.7910    27.7926    1495.11    1495.11         16 0.0000e+00
     168382  61.720127   1733.000   1715.914     3.9571     3.9575   3.325682   3.325881     1.7315     2.1666    0.00024    0.00006    90.0014     0.0479     0.0056    223.484    225.956    34.9822    34.9841    27.7912    27.7927    1495.08    1495.09         29 0.0000e+00
     168433  61.720150   1732.000   1714.953     3.9583     3.9589   3.325761   3.325979     1.7313     2.1672    0.00002   -0.00013    90.0014     0.0455     0.0088    223.412    226.007    34.9824    34.9843    27.7912    27.7927    1495.07    1495.08         56 0.0000e+00
     168467  61.720165   1731.000   1713.960     3.9596     3.9638   3.325813   3.326339     1.7310     2.1674    0.00004    0.00025    90.0014     0.0499     0.0046    223.323    225.972    34.9822    34.9838    27.7909    27.7918    1495.06    1495.08         23 0.0000e+00
     168488  61.720177   1730.000   1712.973     3.9654     3.9651   3.326330   3.326487     1.7312     2.1667   -0.00027    0.00031    90.0014     0.0487     0.0027    223.303    225.835    34.9825    34.9847    27.7906    27.7923    1495.07    1495.07         21 0.0000e+00
     168509  61.720188   1729.000   1711.988     3.9697     3.9692   3.326653   3.326766     1.7313     2.1670   -0.00034    0.00037    90.0014     0.0448     0.0036    223.249    225.819    34.9823    34.9842    27.7899    27.7915    1495.07    1495.07         20 0.0000e+00
     168529  61.720196   1728.000   1711.000     3.9704     3.9701   3.326665   3.326812     1.7309     2.1668    0.00007   -0.00011    90.0145     0.0528     0.0059    223.158    225.764    34.9823    34.9842    27.7898    27.7914    1495.05    1495.06         20 0.0000e+00
     168548  61.720207   1727.000   1710.013     3.9713     3.9713   3.326704   3.326886     1.7309     2.1670    0.00017   -0.00046    90.0167     0.0462     0.0030    223.123    225.747    34.9822    34.9844    27.7897    27.7914    1495.04    1495.04         20 0.0000e+00
     168568  61.720215   1726.000   1709.024     3.9726     3.9725   3.326793   3.326958     1.7308     2.1665   -0.00008   -0.00014    90.0028     0.0447     0.0024    223.064    225.643    34.9823    34.9844    27.7897    27.7913    1495.03    1495.03         20 0.0000e+00
     168589  61.720226   1725.000   1708.038     3.9738     3.9738   3.326869   3.327036     1.7308     2.1665   -0.00014    0.00010    90.0025     0.0430     0.0030    223.024    225.606    34.9825    34.9845    27.7896    27.7913    1495.02    1495.02         22 0.0000e+00
     168615  61.720238   1724.000   1707.052     3.9748     3.9751   3.326914   3.327095     1.7308     2.1665   -0.00006   -0.00006    90.0015     0.0473     0.0043    222.987    225.568    34.9825    34.9843    27.7895    27.7909    1495.01    1495.01         31 0.0000e+00
     168650  61.720257   1723.000   1706.072     3.9767     3.9768   3.327052   3.327233     1.7308     2.1658   -0.00004   -0.00027    90.0014     0.0492     0.0033    222.948    225.429    34.9826    34.9846    27.7894    27.7910    1495.00    1495.00         34 0.0000e+00
     168677  61.720268   1722.000   1705.090     3.9811     3.9806   3.327415   3.327539     1.7308     2.1652   -0.00010   -0.00000    90.0014     0.0451     0.0041    222.886    225.297    34.9827    34.9846    27.7891    27.7906    1495.00    1495.00         21 0.0000e+00
     168695  61.720276   1721.000   1704.105     3.9845     3.9837   3.327685   3.327790     1.7308     2.1652   -0.00001   -0.00044    90.0014     0.0439     0.0026    222.835    225.247    34.9828    34.9848    27.7888    27.7905    1495.00    1495.00         16 0.0000e+00
     168710  61.720284   1720.000   1703.116     3.9857     3.9852   3.327709   3.327837     1.7307     2.1652    0.00015   -0.00074    90.0014     0.0439     0.0046    222.799    225.213    34.9823    34.9842    27.7882    27.7898    1494.98    1494.99         15 0.0000e+00
     168724  61.720291   1719.000   1702.124     3.9858     3.9854   3.327679   3.327803     1.7307     2.1652    0.00012   -0.00048    90.0014     0.0437     0.0047    222.768    225.182    34.9822    34.9841    27.7882    27.7897    1494.97    1494.97         14 0.0000e+00
     168738  61.720299   1718.000   1701.132     3.9861     3.9861   3.327662   3.327835     1.7307     2.1652   -0.00003   -0.00005    90.0014     0.0449     0.0044    222.737    225.144    34.9823    34.9842    27.7882    27.7897    1494.95    1494.96         14 0.0000e+00
     168754  61.720306   1717.000   1700.144     3.9869     3.9876   3.327682   3.327922     1.7307     2.1651   -0.00011   -0.00021    90.0014     0.0428     0.0056    222.687    225.091    34.9822    34.9842    27.7880    27.7896    1494.94    1494.95         17 0.0000e+00
     168773  61.720314   1716.000   1699.154     3.9881     3.9893   3.327755   3.328032     1.7302     2.1644   -0.00009   -0.00034    90.0014     0.0446     0.0025    222.570    224.965    34.9822    34.9842    27.7879    27.7894    1494.93    1494.94         23 0.0000e+00
     168806  61.720329   1715.000   1698.174     3.9869     3.9861   3.327621   3.327712     1.7298     2.1640   -0.00017   -0.00011    90.0014     0.0481     0.0042    222.470    224.894    34.9824    34.9843    27.7882    27.7897    1494.91    1494.91         45 0.0000e+00
     168851  61.720352   1714.000   1697.204     3.9883     3.9900   3.327714   3.328062     1.7295     2.1632   -0.00040   -0.00043    90.0014     0.0426     0.0044    222.378    224.733    34.9825    34.9848    27.7881    27.7897    1494.90    1494.91         34 0.0000e+00
     168876  61.720364   1713.000   1696.215     3.9971     3.9965   3.328466   3.328576     1.7292     2.1628   -0.00026   -0.00033    90.0014     0.0413     0.0026    222.236    224.609    34.9826    34.9844    27.7872    27.7888    1494.92    1494.92         21 0.0000e+00
     168894  61.720371   1712.000   1695.228     4.0015     4.0009   3.328818   3.328934     1.7288     2.1620   -0.00015   -0.00026    90.0014     0.0603     0.0028    222.120    224.441    34.9825    34.9846    27.7867    27.7884    1494.92    1494.92         16 0.0000e+00
     168910  61.720379   1711.000   1694.232     4.0038     4.0032   3.328976   3.329097     1.7286     2.1619   -0.00013   -0.00053    90.0014     0.0504     0.0037    222.036    224.389    34.9824    34.9845    27.7864    27.7882    1494.91    1494.91         16 0.0000e+00
     168925  61.720387   1710.000   1693.244     4.0051     4.0049   3.329054   3.329205     1.7282     2.1615   -0.00011   -0.00049    90.0014     0.0439     0.0050    221.930    224.286    34.9825    34.9844    27.7863    27.7879    1494.90    1494.90         16 0.0000e+00
     168943  61.720398   1709.000   1692.250     4.0066     4.0066   3.329149   3.329309     1.7278     2.1612   -0.00043   -0.00057    90.0014     0.0445     0.0085    221.814    224.209    34.9825    34.9844    27.7862    27.7876    1494.89    1494.89         20 0.0000e+00
     168978  61.720413   1708.000   1691.273     4.0056     4.0043   3.329033   3.329061     1.7267     2.1603   -0.00049   -0.00053    90.0014     0.0448     0.0098    221.589    224.071    34.9827    34.9844    27.7864    27.7879    1494.87    1494.86         52 0.0000e+00
     169019  61.720432   1707.000   1690.307     4.0062     4.0078   3.329016   3.329355     1.7257     2.1595   -0.00072   -0.00069    90.0014     0.0514     0.0095    221.381    223.916    34.9824    34.9846    27.7861    27.7877    1494.85    1494.86         22 0.0000e+00
     169036  61.720440   1706.000   1689.313     4.0071     4.0095   3.329081   3.329448     1.7259     2.1589   -0.00076   -0.00061    90.0014     0.0525     0.0101    221.389    223.792    34.9826    34.9844    27.7862    27.7874    1494.84    1494.85         16 0.0000e+00
     169051  61.720448   1705.000   1688.319     4.0134     4.0124   3.329569   3.329668     1.7257     2.1589   -0.00070   -0.00030    90.0014     0.0528     0.0105    221.279    223.735    34.9822    34.9844    27.7852    27.7871    1494.85    1494.85         14 0.0000e+00
     169065  61.720455   1704.000   1687.327     4.0145     4.0145   3.329637   3.329809     1.7257     2.1588   -0.00063   -0.00032    90.0014     0.0498     0.0117    221.242    223.692    34.9823    34.9844    27.7852    27.7868    1494.84    1494.84         14 0.0000e+00
     169080  61.720463   1703.000   1686.336     4.0150     4.0164   3.329653   3.329948     1.7254     2.1588   -0.00031   -0.00058    90.0014     0.0449     0.0099    221.167    223.651    34.9825    34.9845    27.7852    27.7867    1494.82    1494.83         16 0.0000e+00
     169098  61.720470   1702.000   1685.346     4.0163     4.0186   3.329723   3.330113     1.7248     2.1588   -0.00007   -0.00066    90.0014     0.0446     0.0090    221.023    223.606    34.9825    34.9846    27.7851    27.7866    1494.81    1494.82         22 0.0000e+00
     169128  61.720486   1701.000   1684.369     4.0127     4.0161   3.329385   3.329830     1.7246     2.1588   -0.00023   -0.00001    90.0014     0.0502     0.0130    220.981    223.591    34.9827    34.9844    27.7857    27.7867    1494.78    1494.80         38 0.0000e+00
     169162  61.720501   1700.000   1683.394     4.0119     4.0205   3.329261   3.330176     1.7245     2.1585   -0.00055   -0.00011    90.0014     0.0448     0.0081    220.938    223.491    34.9826    34.9843    27.7856    27.7861    1494.76    1494.80         27 0.0000e+00
     169186  61.720512   1699.000   1682.403     4.0224     4.0228   3.330195   3.330415     1.7246     2.1575   -0.00023   -0.00009    90.0014     0.0448     0.0107    220.859    223.316    34.9830    34.9852    27.7849    27.7866    1494.79    1494.79         22 0.0000e+00
