data/CTD/cnv/ufr29001.cnv
* Sea-Bird SBE 9 Data File:
* FileName = C:\SEASOFT\PIRATA-FR29\data\fr29001.hex
* Software Version Seasave V 7.26.7.107
* Temperature SN = 6083
* Conductivity SN = 4509
* Number of Bytes Per Scan = 42
* Number of Voltage Words = 3
* Number of Scans Averaged by the Deck Unit = 1
* NMEA Latitude = 12 29.57 N
* NMEA Longitude = 023 20.56 W
* NMEA UTC (Time) = Mar 02 2019 15:20:02
** Cruise: PIRATA-FR29
** Ship: THALASSA
** Station: 001
** Bottom Depth: 4894
** Barometric pressure : 1013.5
** Temp Air: 23.8
** Operator: JG
** Comments:
# nquan = 25
# nvalues = 4073                        
# units = specified
# name 0 = scan: Scan Count
# name 1 = timeJ: Julian Days
# name 2 = prDM: Pressure, Digiquartz [db]
# name 3 = depSM: Depth [salt water, m]
# name 4 = t090C: Temperature [ITS-90, deg C]
# name 5 = t190C: Temperature, 2 [ITS-90, deg C]
# name 6 = c0S/m: Conductivity [S/m]
# name 7 = c1S/m: Conductivity, 2 [S/m]
# name 8 = sbeox0V: Oxygen raw, SBE 43 [V]
# name 9 = sbeox1V: Oxygen raw, SBE 43, 2 [V]
# name 10 = sbox0dV/dT: Oxygen, SBE 43 [dov/dt]
# name 11 = sbox1dV/dT: Oxygen, SBE 43, 2 [dov/dt]
# name 12 = CStarTr0: Beam Transmission, WET Labs C-Star [%]
# name 13 = flECO-AFL: Fluorescence, WET Labs ECO-AFL/FL [mg/m^3]
# name 14 = flC: Fluorescence, Chelsea Aqua 3 Chl Con [ug/l]
# name 15 = sbox0Mm/Kg: Oxygen, SBE 43 [umol/kg], WS = 2
# name 16 = sbox1Mm/Kg: Oxygen, SBE 43, 2 [umol/kg], WS = 2
# name 17 = sal00: Salinity, Practical [PSU]
# name 18 = sal11: Salinity, Practical, 2 [PSU]
# name 19 = sigma-é00: Density [sigma-theta, kg/m^3]
# name 20 = sigma-é11: Density, 2 [sigma-theta, kg/m^3]
# name 21 = svCM: Sound Velocity [Chen-Millero, m/s]
# name 22 = svCM1: Sound Velocity, 2 [Chen-Millero, m/s]
# name 23 = nbin: number of scans per bin
# name 24 = flag: flag
# span 0 =     106156,     210482       
# span 1 =  61.690117,  61.740429       
# span 2 =      2.000,   4074.000       
# span 3 =      1.957,   4012.124       
# span 4 =     2.3602,    24.0118       
# span 5 =     2.3598,    24.0117       
# span 6 =   3.258956,   5.331661       
# span 7 =   3.259096,   5.331753       
# span 8 =     0.8205,     2.6602       
# span 9 =     0.9518,     3.3668       
# span 10 =   -0.01397,    0.11432      
# span 11 =   -0.01644,    0.16516      
# span 12 =    86.1295,    90.0276      
# span 13 =     0.0278,     1.7149      
# span 14 =    -0.0020,     0.4788      
# span 15 =     41.796,    232.421      
# span 16 =     42.196,    235.845      
# span 17 =    34.8168,    35.9775      
# span 18 =    34.8190,    36.0032      
# span 19 =    24.3620,    27.8861      
# span 20 =    24.3628,    27.8880      
# span 21 =    1489.54,    1533.82      
# span 22 =    1489.55,    1533.82      
# span 23 =         10,        118      
# span 24 = 0.0000e+00, 0.0000e+00      
# interval = decibars: 1                
# start_time = Mar 02 2019 15:20:03 [System UTC, first data scan.]
# bad_flag = -9.990e-29
*END*
[from data line 1798]
     155616  61.713970   2276.000   2250.721     3.2820     3.2815   3.285531   3.285670     1.6526     2.0631    0.00038    0.00047    90.0074     0.0507     0.0190    228.848    231.588    34.9605    34.9627    27.8444    27.8462    1501.34    1501.34         20 0.0000e+00
     155635  61.713978   2275.000   2249.729     3.2825     3.2819   3.285544   3.285668     1.6527     2.0638    0.00003    0.00012    90.0089     0.0418     0.0167    228.822    231.656    34.9606    34.9626    27.8444    27.8461    1501.32    1501.32         19 0.0000e+00
     155655  61.713989   2274.000   2248.742     3.2827     3.2822   3.285523   3.285657     1.6530     2.0642    0.00032    0.00018    90.0049     0.0432     0.0183    228.852    231.685    34.9606    34.9627    27.8444    27.8461    1501.31    1501.31         21 0.0000e+00
     155678  61.714001   2273.000   2247.756     3.2827     3.2823   3.285496   3.285629     1.6533     2.0646    0.00038    0.00036    90.0091     0.0443     0.0178    228.889    231.711    34.9607    34.9627    27.8445    27.8461    1501.29    1501.29         27 0.0000e+00
     155710  61.714016   2272.000   2246.782     3.2830     3.2828   3.285482   3.285635     1.6539     2.0651    0.00027    0.00053    90.0097     0.0515     0.0141    228.966    231.762    34.9607    34.9627    27.8444    27.8460    1501.28    1501.28         34 0.0000e+00
     155739  61.714027   2271.000   2245.804     3.2845     3.2841   3.285567   3.285718     1.6541     2.0656    0.00023    0.00055    90.0093     0.0517     0.0138    228.984    231.793    34.9606    34.9628    27.8442    27.8460    1501.26    1501.27         24 0.0000e+00
     155759  61.714039   2270.000   2244.818     3.2851     3.2846   3.285585   3.285718     1.6544     2.0662    0.00052    0.00051    90.0106     0.0518     0.0147    229.002    231.852    34.9606    34.9627    27.8441    27.8459    1501.25    1501.25         18 0.0000e+00
     155776  61.714046   2269.000   2243.832     3.2854     3.2850   3.285566   3.285706     1.6546     2.0663    0.00051    0.00022    90.0103     0.0485     0.0174    229.007    231.829    34.9605    34.9627    27.8440    27.8458    1501.23    1501.24         16 0.0000e+00
     155792  61.714054   2268.000   2242.844     3.2862     3.2858   3.285608   3.285748     1.6550     2.0663    0.00026    0.00028    90.0031     0.0435     0.0184    229.046    231.803    34.9607    34.9628    27.8441    27.8458    1501.22    1501.22         16 0.0000e+00
     155808  61.714062   2267.000   2241.856     3.2870     3.2868   3.285639   3.285807     1.6552     2.0671    0.00018    0.00060    90.0015     0.0450     0.0176    229.059    231.883    34.9607    34.9629    27.8440    27.8458    1501.21    1501.21         17 0.0000e+00
     155828  61.714073   2266.000   2240.869     3.2874     3.2875   3.285638   3.285821     1.6554     2.0676    0.00026    0.00051    90.0014     0.0441     0.0175    229.067    231.916    34.9608    34.9628    27.8440    27.8456    1501.19    1501.20         21 0.0000e+00
     155853  61.714085   2265.000   2239.892     3.2883     3.2894   3.285685   3.285969     1.6558     2.0677    0.00041    0.00032    90.0094     0.0431     0.0163    229.111    231.898    34.9608    34.9630    27.8439    27.8456    1501.18    1501.19         29 0.0000e+00
     155881  61.714096   2264.000   2238.914     3.2904     3.2903   3.285852   3.286002     1.6562     2.0683    0.00036    0.00072    90.0198     0.0447     0.0144    229.147    231.954    34.9610    34.9629    27.8439    27.8454    1501.17    1501.17         27 0.0000e+00
     155906  61.714108   2263.000   2237.927     3.2931     3.2920   3.286062   3.286145     1.6565     2.0688    0.00034    0.00025    90.0188     0.0443     0.0161    229.149    231.978    34.9612    34.9633    27.8438    27.8455    1501.17    1501.17         23 0.0000e+00
     155929  61.714119   2262.000   2236.938     3.2940     3.2934   3.286096   3.286221     1.6567     2.0691    0.00031    0.00041    90.0101     0.0432     0.0211    229.152    231.982    34.9611    34.9632    27.8436    27.8453    1501.15    1501.15         25 0.0000e+00
     155961  61.714134   2261.000   2235.955     3.2948     3.2943   3.286142   3.286269     1.6571     2.0699    0.00028    0.00045    90.0197     0.0436     0.0201    229.196    232.065    34.9612    34.9632    27.8436    27.8453    1501.14    1501.14         40 0.0000e+00
     156006  61.714157   2260.000   2234.981     3.2957     3.2953   3.286192   3.286317     1.6578     2.0700    0.00023    0.00047    90.0216     0.0441     0.0185    229.314    232.051    34.9613    34.9633    27.8436    27.8453    1501.13    1501.13         41 0.0000e+00
     156036  61.714172   2259.000   2233.998     3.2964     3.2959   3.286209   3.286335     1.6579     2.0700    0.00043    0.00035    90.0081     0.0435     0.0167    229.289    232.011    34.9613    34.9633    27.8436    27.8452    1501.11    1501.11         24 0.0000e+00
     156057  61.714184   2258.000   2233.016     3.2971     3.2966   3.286229   3.286368     1.6581     2.0705    0.00053    0.00027    90.0051     0.0435     0.0182    229.298    232.056    34.9613    34.9635    27.8435    27.8453    1501.10    1501.10         19 0.0000e+00
     156075  61.714191   2257.000   2232.030     3.2976     3.2972   3.286237   3.286381     1.6586     2.0708    0.00016    0.00018    90.0163     0.0507     0.0185    229.354    232.070    34.9613    34.9634    27.8434    27.8451    1501.08    1501.09         16 0.0000e+00
     156091  61.714199   2256.000   2231.041     3.2985     3.2981   3.286281   3.286429     1.6585     2.0712   -0.00002   -0.00007    90.0139     0.0519     0.0181    229.309    232.092    34.9614    34.9635    27.8434    27.8451    1501.07    1501.07         15 0.0000e+00
     156105  61.714207   2255.000   2230.056     3.2991     3.2987   3.286281   3.286444     1.6589     2.0712    0.00013   -0.00003    90.0031     0.0510     0.0190    229.343    232.055    34.9612    34.9635    27.8432    27.8451    1501.06    1501.06         15 0.0000e+00
     156121  61.714214   2254.000   2229.064     3.2993     3.2990   3.286268   3.286419     1.6591     2.0719    0.00031    0.00037    90.0015     0.0475     0.0171    229.356    232.120    34.9613    34.9634    27.8433    27.8449    1501.04    1501.04         17 0.0000e+00
     156139  61.714222   2253.000   2228.076     3.2996     3.2998   3.286273   3.286446     1.6593     2.0723    0.00040    0.00051    90.0014     0.0437     0.0155    229.365    232.152    34.9615    34.9634    27.8433    27.8449    1501.03    1501.03         21 0.0000e+00
     156176  61.714241   2252.000   2227.105     3.2994     3.2995   3.286223   3.286394     1.6597     2.0732    0.00030    0.00050    90.0014     0.0455     0.0163    229.415    232.253    34.9616    34.9635    27.8434    27.8449    1501.01    1501.01         53 0.0000e+00
     156217  61.714260   2251.000   2226.137     3.3009     3.3011   3.286306   3.286512     1.6600     2.0739    0.00026    0.00074    90.0014     0.0441     0.0215    229.429    232.318    34.9615    34.9637    27.8432    27.8449    1501.00    1501.00         22 0.0000e+00
     156234  61.714268   2250.000   2225.145     3.3014     3.3011   3.286322   3.286459     1.6602     2.0739    0.00029    0.00045    90.0014     0.0451     0.0204    229.448    232.287    34.9616    34.9635    27.8432    27.8448    1500.98    1500.98         17 0.0000e+00
     156251  61.714275   2249.000   2224.149     3.3027     3.3023   3.286404   3.286552     1.6602     2.0740    0.00036    0.00040    90.0014     0.0443     0.0183    229.408    232.269    34.9617    34.9638    27.8432    27.8449    1500.97    1500.97         17 0.0000e+00
     156269  61.714283   2248.000   2223.162     3.3037     3.3033   3.286459   3.286613     1.6603     2.0740    0.00016    0.00049    90.0014     0.0435     0.0161    229.394    232.224    34.9617    34.9640    27.8431    27.8449    1500.96    1500.96         20 0.0000e+00
     156295  61.714298   2247.000   2222.179     3.3048     3.3049   3.286539   3.286719     1.6607     2.0745    0.00014    0.00014    90.0014     0.0472     0.0122    229.431    232.272    34.9620    34.9640    27.8432    27.8448    1500.95    1500.95         35 0.0000e+00
     156331  61.714314   2246.000   2221.212     3.3075     3.3075   3.286740   3.286925     1.6611     2.0750    0.00023    0.00017    90.0014     0.0475     0.0150    229.466    232.300    34.9621    34.9642    27.8430    27.8447    1500.94    1500.95         30 0.0000e+00
     156355  61.714325   2245.000   2220.223     3.3077     3.3080   3.286713   3.286916     1.6615     2.0753    0.00024    0.00046    90.0014     0.0434     0.0147    229.511    232.302    34.9620    34.9641    27.8429    27.8446    1500.93    1500.93         20 0.0000e+00
     156375  61.714336   2244.000   2219.236     3.3107     3.3102   3.286951   3.287100     1.6614     2.0760    0.00024    0.00034    90.0014     0.0468     0.0150    229.444    232.358    34.9621    34.9643    27.8427    27.8446    1500.92    1500.92         20 0.0000e+00
     156396  61.714344   2243.000   2218.244     3.3114     3.3111   3.286979   3.287114     1.6614     2.0761    0.00032    0.00030    90.0014     0.0576     0.0142    229.409    232.346    34.9621    34.9641    27.8427    27.8442    1500.91    1500.91         25 0.0000e+00
     156430  61.714363   2242.000   2217.264     3.3125     3.3119   3.287038   3.287152     1.6614     2.0767    0.00011    0.00047    90.0014     0.0493     0.0197    229.379    232.399    34.9622    34.9642    27.8426    27.8442    1500.90    1500.90         44 0.0000e+00
     156471  61.714382   2241.000   2216.294     3.3144     3.3140   3.287172   3.287318     1.6627     2.0769    0.00014    0.00035    90.0014     0.0445     0.0213    229.587    232.387    34.9622    34.9643    27.8425    27.8442    1500.89    1500.89         30 0.0000e+00
     156494  61.714394   2240.000   2215.310     3.3159     3.3153   3.287264   3.287404     1.6626     2.0769    0.00028    0.00048    90.0029     0.0443     0.0205    229.530    232.342    34.9622    34.9645    27.8423    27.8442    1500.88    1500.88         19 0.0000e+00
     156511  61.714401   2239.000   2214.321     3.3177     3.3173   3.287398   3.287542     1.6626     2.0769    0.00043    0.00008    90.0044     0.0446     0.0160    229.486    232.299    34.9624    34.9645    27.8422    27.8440    1500.87    1500.87         16 0.0000e+00
     156527  61.714409   2238.000   2213.335     3.3184     3.3180   3.287424   3.287569     1.6626     2.0773    0.00030    0.00001    90.0044     0.0445     0.0216    229.450    232.321    34.9624    34.9645    27.8422    27.8439    1500.85    1500.86         16 0.0000e+00
     156542  61.714417   2237.000   2212.349     3.3202     3.3200   3.287559   3.287724     1.6626     2.0777    0.00016    0.00009    90.0107     0.0455     0.0226    229.407    232.336    34.9625    34.9647    27.8421    27.8439    1500.85    1500.85         15 0.0000e+00
     156557  61.714424   2236.000   2211.359     3.3210     3.3214   3.287577   3.287804     1.6631     2.0781    0.00010    0.00002    90.0062     0.0445     0.0168    229.476    232.364    34.9625    34.9647    27.8420    27.8437    1500.83    1500.84         15 0.0000e+00
     156574  61.714432   2235.000   2210.374     3.3214     3.3221   3.287588   3.287825     1.6635     2.0785    0.00024    0.00006    90.0052     0.0451     0.0149    229.505    232.385    34.9626    34.9646    27.8420    27.8436    1500.82    1500.82         19 0.0000e+00
     156595  61.714443   2234.000   2209.388     3.3223     3.3228   3.287616   3.287843     1.6637     2.0785    0.00022    0.00042    90.0043     0.0505     0.0176    229.516    232.351    34.9625    34.9646    27.8419    27.8435    1500.80    1500.81         25 0.0000e+00
     156629  61.714458   2233.000   2208.413     3.3240     3.3239   3.287753   3.287909     1.6640     2.0785    0.00035    0.00060    90.0015     0.0462     0.0194    229.539    232.313    34.9627    34.9647    27.8419    27.8435    1500.79    1500.80         41 0.0000e+00
     156668  61.714478   2232.000   2207.430     3.3259     3.3251   3.287877   3.287968     1.6650     2.0796    0.00029    0.00011    90.0014     0.0436     0.0193    229.695    232.435    34.9627    34.9646    27.8417    27.8433    1500.79    1500.78         36 0.0000e+00
     156702  61.714493   2231.000   2206.449     3.3263     3.3256   3.287866   3.287972     1.6651     2.0797    0.00030    0.00019    90.0000     0.0452     0.0221    229.670    232.422    34.9626    34.9646    27.8415    27.8432    1500.77    1500.77         33 0.0000e+00
     156730  61.714508   2230.000   2205.471     3.3265     3.3259   3.287840   3.287962     1.6651     2.0797    0.00026    0.00052    90.0128     0.0441     0.0203    229.637    232.387    34.9626    34.9646    27.8415    27.8432    1500.75    1500.75         23 0.0000e+00
     156750  61.714516   2229.000   2204.482     3.3267     3.3262   3.287814   3.287953     1.6650     2.0799    0.00043    0.00035    90.0106     0.0566     0.0162    229.604    232.389    34.9625    34.9646    27.8414    27.8432    1500.74    1500.74         18 0.0000e+00
     156769  61.714527   2228.000   2203.491     3.3272     3.3267   3.287827   3.287946     1.6654     2.0805    0.00022   -0.00002    90.0158     0.0553     0.0162    229.639    232.444    34.9626    34.9646    27.8414    27.8431    1500.72    1500.72         18 0.0000e+00
     156789  61.714535   2227.000   2202.500     3.3276     3.3272   3.287813   3.287951     1.6656     2.0804    0.00003    0.00004    90.0027     0.0463     0.0213    229.643    232.390    34.9625    34.9646    27.8413    27.8430    1500.71    1500.71         23 0.0000e+00
     156822  61.714550   2226.000   2201.524     3.3278     3.3275   3.287804   3.287939     1.6656     2.0808    0.00019    0.00035    90.0015     0.0487     0.0185    229.615    232.426    34.9626    34.9646    27.8414    27.8430    1500.69    1500.69         46 0.0000e+00
     156863  61.714569   2225.000   2200.557     3.3288     3.3283   3.287847   3.287992     1.6662     2.0808    0.00002    0.00021    90.0014     0.0446     0.0189    229.700    232.391    34.9626    34.9648    27.8413    27.8431    1500.68    1500.68         26 0.0000e+00
     156882  61.714581   2224.000   2199.565     3.3294     3.3292   3.287868   3.288014     1.6663     2.0812    0.00011    0.00028    90.0014     0.0448     0.0196    229.675    232.414    34.9626    34.9646    27.8412    27.8429    1500.67    1500.67         18 0.0000e+00
     156898  61.714588   2223.000   2198.580     3.3305     3.3303   3.287932   3.288089     1.6663     2.0816    0.00024    0.00008    90.0014     0.0447     0.0237    229.638    232.434    34.9627    34.9648    27.8412    27.8429    1500.65    1500.65         15 0.0000e+00
     156914  61.714596   2222.000   2197.588     3.3317     3.3313   3.287997   3.288150     1.6662     2.0821    0.00044   -0.00004    90.0014     0.0448     0.0212    229.598    232.471    34.9627    34.9649    27.8411    27.8429    1500.64    1500.64         16 0.0000e+00
     156930  61.714603   2221.000   2196.601     3.3321     3.3318   3.288008   3.288144     1.6662     2.0821    0.00043    0.00014    90.0014     0.0495     0.0165    229.565    232.436    34.9629    34.9649    27.8411    27.8428    1500.63    1500.63         17 0.0000e+00
     156949  61.714611   2220.000   2195.617     3.3321     3.3318   3.287964   3.288126     1.6662     2.0821   -0.00004    0.00046    90.0014     0.0536     0.0179    229.533    232.404    34.9628    34.9650    27.8411    27.8429    1500.61    1500.61         21 0.0000e+00
