data/CTD/cnv/ufr29001.cnv
* Sea-Bird SBE 9 Data File:
* FileName = C:\SEASOFT\PIRATA-FR29\data\fr29001.hex
* Software Version Seasave V 7.26.7.107
* Temperature SN = 6083
* Conductivity SN = 4509
* Number of Bytes Per Scan = 42
* Number of Voltage Words = 3
* Number of Scans Averaged by the Deck Unit = 1
* NMEA Latitude = 12 29.57 N
* NMEA Longitude = 023 20.56 W
* NMEA UTC (Time) = Mar 02 2019 15:20:02
** Cruise: PIRATA-FR29
** Ship: THALASSA
** Station: 001
** Bottom Depth: 4894
** Barometric pressure : 1013.5
** Temp Air: 23.8
** Operator: JG
** Comments:
# nquan = 25
# nvalues = 4073                        
# units = specified
# name 0 = scan: Scan Count
# name 1 = timeJ: Julian Days
# name 2 = prDM: Pressure, Digiquartz [db]
# name 3 = depSM: Depth [salt water, m]
# name 4 = t090C: Temperature [ITS-90, deg C]
# name 5 = t190C: Temperature, 2 [ITS-90, deg C]
# name 6 = c0S/m: Conductivity [S/m]
# name 7 = c1S/m: Conductivity, 2 [S/m]
# name 8 = sbeox0V: Oxygen raw, SBE 43 [V]
# name 9 = sbeox1V: Oxygen raw, SBE 43, 2 [V]
# name 10 = sbox0dV/dT: Oxygen, SBE 43 [dov/dt]
# name 11 = sbox1dV/dT: Oxygen, SBE 43, 2 [dov/dt]
# name 12 = CStarTr0: Beam Transmission, WET Labs C-Star [%]
# name 13 = flECO-AFL: Fluorescence, WET Labs ECO-AFL/FL [mg/m^3]
# name 14 = flC: Fluorescence, Chelsea Aqua 3 Chl Con [ug/l]
# name 15 = sbox0Mm/Kg: Oxygen, SBE 43 [umol/kg], WS = 2
# name 16 = sbox1Mm/Kg: Oxygen, SBE 43, 2 [umol/kg], WS = 2
# name 17 = sal00: Salinity, Practical [PSU]
# name 18 = sal11: Salinity, Practical, 2 [PSU]
# name 19 = sigma-é00: Density [sigma-theta, kg/m^3]
# name 20 = sigma-é11: Density, 2 [sigma-theta, kg/m^3]
# name 21 = svCM: Sound Velocity [Chen-Millero, m/s]
# name 22 = svCM1: Sound Velocity, 2 [Chen-Millero, m/s]
# name 23 = nbin: number of scans per bin
# name 24 = flag: flag
# span 0 =     106156,     210482       
# span 1 =  61.690117,  61.740429       
# span 2 =      2.000,   4074.000       
# span 3 =      1.957,   4012.124       
# span 4 =     2.3602,    24.0118       
# span 5 =     2.3598,    24.0117       
# span 6 =   3.258956,   5.331661       
# span 7 =   3.259096,   5.331753       
# span 8 =     0.8205,     2.6602       
# span 9 =     0.9518,     3.3668       
# span 10 =   -0.01397,    0.11432      
# span 11 =   -0.01644,    0.16516      
# span 12 =    86.1295,    90.0276      
# span 13 =     0.0278,     1.7149      
# span 14 =    -0.0020,     0.4788      
# span 15 =     41.796,    232.421      
# span 16 =     42.196,    235.845      
# span 17 =    34.8168,    35.9775      
# span 18 =    34.8190,    36.0032      
# span 19 =    24.3620,    27.8861      
# span 20 =    24.3628,    27.8880      
# span 21 =    1489.54,    1533.82      
# span 22 =    1489.55,    1533.82      
# span 23 =         10,        118      
# span 24 = 0.0000e+00, 0.0000e+00      
# interval = decibars: 1                
# start_time = Mar 02 2019 15:20:03 [System UTC, first data scan.]
# bad_flag = -9.990e-29
*END*
[from data line 3247]
     188569  61.729862    827.000    820.616     6.5326     6.5320   3.506821   3.506921     1.1148     1.3426   -0.00078   -0.00104    89.9023     0.0606     0.0241     92.850     93.619    34.8277    34.8294    27.3572    27.3587    1490.24    1490.24         18 0.0000e+00
     188586  61.729870    826.000    819.623     6.5340     6.5344   3.506862   3.507080     1.1135     1.3417   -0.00109   -0.00097    89.8933     0.0530     0.0293     92.632     93.493    34.8272    34.8291    27.3567    27.3581    1490.23    1490.23         18 0.0000e+00
     188607  61.729881    825.000    818.624     6.5416     6.5491   3.507562   3.508579     1.1128     1.3405   -0.00121   -0.00113    89.8871     0.0575     0.0275     92.502     93.306    34.8277    34.8313    27.3561    27.3579    1490.24    1490.28         26 0.0000e+00
     188655  61.729904    824.000    817.648     6.5594     6.5725   3.509322   3.510850     1.1112     1.3378   -0.00105   -0.00145    89.8931     0.0632     0.0255     92.194     92.929    34.8296    34.8333    27.3552    27.3564    1490.30    1490.35         62 0.0000e+00
     188697  61.729923    823.000    816.670     6.5784     6.5808   3.511258   3.511626     1.1101     1.3354   -0.00097   -0.00137    89.8859     0.0601     0.0256     91.971     92.630    34.8323    34.8340    27.3548    27.3558    1490.36    1490.37         22 0.0000e+00
     188714  61.729931    822.000    815.679     6.5826     6.5838   3.511578   3.511897     1.1097     1.3349   -0.00073   -0.00125    89.9032     0.0657     0.0248     91.888     92.553    34.8321    34.8345    27.3541    27.3557    1490.36    1490.37         16 0.0000e+00
     188728  61.729939    821.000    814.682     6.5888     6.5880   3.512181   3.512294     1.1091     1.3349   -0.00050   -0.00137    89.9036     0.0658     0.0268     91.772     92.530    34.8329    34.8350    27.3539    27.3556    1490.37    1490.37         12 0.0000e+00
     188740  61.729942    820.000    813.689     6.5994     6.6007   3.513269   3.513685     1.1085     1.3338   -0.00054   -0.00139    89.9036     0.0624     0.0287     91.654     92.365    34.8348    34.8380    27.3539    27.3563    1490.40    1490.40         12 0.0000e+00
     188752  61.729950    819.000    812.692     6.6195     6.6214   3.515270   3.515765     1.1079     1.3340   -0.00069   -0.00138    89.8878     0.0587     0.0289     91.503     92.319    34.8370    34.8406    27.3530    27.3555    1490.46    1490.47         12 0.0000e+00
     188764  61.729954    818.000    811.701     6.6306     6.6445   3.516377   3.518169     1.1074     1.3338   -0.00065   -0.00118    89.8959     0.0589     0.0308     91.388     92.227    34.8385    34.8443    27.3527    27.3553    1490.49    1490.55         12 0.0000e+00
     188776  61.729961    817.000    810.704     6.6514     6.6639   3.518517   3.520013     1.1074     1.3335   -0.00069   -0.00070    89.8842     0.0597     0.0295     91.326     92.138    34.8416    34.8455    27.3523    27.3537    1490.56    1490.61         14 0.0000e+00
     188792  61.729969    816.000    809.706     6.6636     6.6704   3.519622   3.520530     1.1070     1.3325   -0.00091   -0.00063    89.8841     0.0529     0.0286     91.226     91.995    34.8420    34.8451    27.3510    27.3525    1490.59    1490.62         18 0.0000e+00
     188823  61.729984    815.000    808.724     6.6376     6.6415   3.516910   3.517466     1.1066     1.3324   -0.00081   -0.00068    89.8841     0.0531     0.0280     91.215     92.041    34.8388    34.8410    27.3519    27.3531    1490.47    1490.49         50 0.0000e+00
     188870  61.730007    814.000    807.762     6.6617     6.6913   3.519426   3.522891     1.1064     1.3323   -0.00051   -0.00067    89.8841     0.0592     0.0290     91.121     91.906    34.8427    34.8510    27.3517    27.3543    1490.55    1490.68         28 0.0000e+00
     188888  61.730015    813.000    806.764     6.6691     6.6998   3.520043   3.523330     1.1062     1.3314   -0.00024    0.00002    89.8841     0.0638     0.0288     91.058     91.766    34.8424    34.8477    27.3505    27.3506    1490.56    1490.69         16 0.0000e+00
     188902  61.730022    812.000    805.769     6.7201     6.7182   3.525209   3.525329     1.1057     1.3308   -0.00013    0.00011    89.8841     0.0663     0.0292     90.856     91.651    34.8484    34.8517    27.3484    27.3513    1490.75    1490.75         13 0.0000e+00
     188915  61.730026    811.000    804.768     6.7254     6.7243   3.525603   3.525666     1.1052     1.3299    0.00004   -0.00001    89.8822     0.0624     0.0287     90.747     91.517    34.8479    34.8497    27.3473    27.3488    1490.76    1490.75         13 0.0000e+00
     188929  61.730034    810.000    803.775     6.7230     6.7228   3.525299   3.525447     1.1044     1.3287   -0.00003   -0.00018    89.8841     0.0538     0.0272     90.620     91.370    34.8474    34.8492    27.3472    27.3487    1490.73    1490.73         14 0.0000e+00
     188944  61.730042    809.000    802.775     6.7231     6.7243   3.525269   3.525537     1.1031     1.3268   -0.00017   -0.00072    89.8841     0.0517     0.0276     90.417     91.144    34.8475    34.8492    27.3473    27.3484    1490.71    1490.72         18 0.0000e+00
     188968  61.730053    808.000    801.791     6.7186     6.7260   3.524819   3.525627     1.1014     1.3246   -0.00080   -0.00133    89.8785     0.0605     0.0271     90.164     90.873    34.8476    34.8490    27.3479    27.3481    1490.68    1490.71         32 0.0000e+00
     189004  61.730072    807.000    800.811     6.7167     6.7264   3.524569   3.525630     1.1005     1.3221   -0.00175   -0.00242    89.8740     0.0621     0.0299     90.024     90.582    34.8472    34.8490    27.3479    27.3480    1490.65    1490.70         36 0.0000e+00
     189043  61.730091    806.000    799.817     6.7310     6.7349   3.525833   3.526374     1.0992     1.3200   -0.00099   -0.00193    89.8836     0.0526     0.0285     89.785     90.309    34.8471    34.8491    27.3458    27.3469    1490.69    1490.71         47 0.0000e+00
     189089  61.730110    805.000    798.838     6.7522     6.7531   3.527893   3.528147     1.0970     1.3178   -0.00063   -0.00132    89.8841     0.0600     0.0341     89.397     90.012    34.8489    34.8508    27.3444    27.3458    1490.76    1490.77         35 0.0000e+00
     189113  61.730122    804.000    797.852     6.7595     6.7581   3.528610   3.528672     1.0966     1.3179   -0.00118   -0.00125    89.8841     0.0595     0.0330     89.297     89.999    34.8499    34.8520    27.3442    27.3460    1490.78    1490.77         18 0.0000e+00
     189130  61.730133    803.000    796.855     6.7727     6.7717   3.529911   3.530061     1.0965     1.3178   -0.00136   -0.00119    89.8841     0.0656     0.0369     89.242     89.936    34.8514    34.8541    27.3436    27.3458    1490.81    1490.81         15 0.0000e+00
     189144  61.730137    802.000    795.861     6.7855     6.7838   3.531126   3.531191     1.0962     1.3178   -0.00100   -0.00105    89.8841     0.0673     0.0377     89.164     89.899    34.8524    34.8548    27.3426    27.3448    1490.85    1490.84         14 0.0000e+00
     189157  61.730145    801.000    794.869     6.7907     6.7902   3.531597   3.531724     1.0962     1.3175   -0.00081   -0.00065    89.8841     0.0615     0.0356     89.141     89.842    34.8527    34.8546    27.3422    27.3437    1490.85    1490.85         13 0.0000e+00
     189170  61.730152    800.000    793.873     6.7917     6.7917   3.531629   3.531785     1.0956     1.3174   -0.00058   -0.00027    89.8841     0.0608     0.0388     89.036     89.817    34.8525    34.8543    27.3419    27.3433    1490.84    1490.84         14 0.0000e+00
     189184  61.730156    799.000    792.878     6.7923     6.7934   3.531632   3.531910     1.0951     1.3168   -0.00031    0.00001    89.8841     0.0543     0.0396     88.943     89.732    34.8525    34.8545    27.3417    27.3431    1490.82    1490.83         14 0.0000e+00
     189201  61.730164    798.000    791.887     6.7958     6.7983   3.531948   3.532342     1.0948     1.3161   -0.00021   -0.00008    89.8841     0.0535     0.0378     88.879     89.625    34.8529    34.8548    27.3415    27.3427    1490.82    1490.83         18 0.0000e+00
     189220  61.730175    797.000    790.900     6.7943     6.8017   3.531723   3.532660     1.0940     1.3147   -0.00045   -0.00021    89.8978     0.0597     0.0400     88.752     89.446    34.8525    34.8552    27.3414    27.3426    1490.80    1490.83         22 0.0000e+00
     189243  61.730186    796.000    789.916     6.8088     6.8171   3.533149   3.534194     1.0930     1.3135   -0.00073   -0.00070    89.8871     0.0521     0.0370     88.567     89.270    34.8540    34.8571    27.3406    27.3419    1490.84    1490.88         23 0.0000e+00
     189265  61.730198    795.000    788.928     6.8195     6.8268   3.534186   3.535095     1.0919     1.3117   -0.00072   -0.00129    89.8840     0.0597     0.0349     88.356     89.034    34.8550    34.8576    27.3400    27.3411    1490.87    1490.90         20 0.0000e+00
     189284  61.730206    794.000    787.934     6.8429     6.8411   3.536529   3.536539     1.0912     1.3111   -0.00086   -0.00142    89.8878     0.0548     0.0308     88.191     88.920    34.8577    34.8596    27.3389    27.3407    1490.95    1490.94         19 0.0000e+00
     189304  61.730217    793.000    786.939     6.8535     6.8547   3.537543   3.537870     1.0901     1.3097   -0.00108   -0.00140    89.8874     0.0537     0.0316     87.992     88.722    34.8587    34.8611    27.3382    27.3399    1490.97    1490.98         21 0.0000e+00
     189329  61.730228    792.000    785.948     6.8659     6.8682   3.538704   3.539147     1.0890     1.3081   -0.00113   -0.00157    89.8903     0.0575     0.0327     87.789     88.501    34.8594    34.8619    27.3371    27.3388    1491.00    1491.02         30 0.0000e+00
     189360  61.730244    791.000    784.964     6.8746     6.8759   3.539518   3.539804     1.0876     1.3065   -0.00108   -0.00132    89.8940     0.0528     0.0328     87.553     88.287    34.8600    34.8618    27.3364    27.3376    1491.02    1491.03         31 0.0000e+00
     189389  61.730255    790.000    783.971     6.8780     6.8791   3.539801   3.540063     1.0868     1.3055   -0.00114   -0.00154    89.8859     0.0613     0.0334     87.417     88.155    34.8602    34.8620    27.3360    27.3373    1491.02    1491.02         27 0.0000e+00
     189418  61.730270    789.000    782.981     6.8827     6.8823   3.540210   3.540337     1.0864     1.3051   -0.00105   -0.00122    89.8833     0.0622     0.0337     87.335     88.093    34.8605    34.8622    27.3356    27.3370    1491.02    1491.02         31 0.0000e+00
     189446  61.730286    788.000    782.000     6.8865     6.8862   3.540544   3.540698     1.0862     1.3051   -0.00057   -0.00085    89.8972     0.0605     0.0293     87.281     88.071    34.8607    34.8627    27.3353    27.3369    1491.02    1491.02         24 0.0000e+00
     189466  61.730293    787.000    781.008     6.8922     6.8920   3.541103   3.541259     1.0855     1.3050   -0.00052   -0.00055    89.8937     0.0603     0.0305     87.153     88.038    34.8615    34.8635    27.3351    27.3368    1491.03    1491.03         17 0.0000e+00
     189483  61.730301    786.000    780.011     6.9025     6.9019   3.542080   3.542221     1.0852     1.3048   -0.00028   -0.00013    89.8839     0.0582     0.0301     87.076     87.985    34.8624    34.8645    27.3344    27.3362    1491.05    1491.05         16 0.0000e+00
     189500  61.730309    785.000    779.013     6.9096     6.9090   3.542755   3.542883     1.0850     1.3041   -0.00028   -0.00003    89.8945     0.0653     0.0347     87.026     87.876    34.8632    34.8652    27.3340    27.3357    1491.06    1491.06         18 0.0000e+00
     189520  61.730320    784.000    778.018     6.9134     6.9145   3.543082   3.543375     1.0848     1.3032   -0.00046   -0.00004    89.8958     0.0596     0.0372     86.968     87.754    34.8634    34.8655    27.3337    27.3351    1491.06    1491.07         24 0.0000e+00
     189548  61.730331    783.000    777.043     6.9170     6.9186   3.543419   3.543766     1.0839     1.3019   -0.00048   -0.00046    89.8870     0.0581     0.0347     86.817     87.577    34.8639    34.8661    27.3335    27.3351    1491.06    1491.07         30 0.0000e+00
     189573  61.730347    782.000    776.058     6.9224     6.9243   3.543915   3.544268     1.0836     1.3005   -0.00024   -0.00100    89.8840     0.0568     0.0328     86.750     87.397    34.8644    34.8664    27.3332    27.3345    1491.06    1491.07         20 0.0000e+00
     189590  61.730354    781.000    775.067     6.9420     6.9386   3.545837   3.545760     1.0829     1.2996   -0.00055   -0.00113    89.8825     0.0544     0.0331     86.588     87.257    34.8663    34.8688    27.3320    27.3345    1491.13    1491.12         15 0.0000e+00
     189605  61.730362    780.000    774.068     6.9510     6.9498   3.546635   3.546713     1.0822     1.2990   -0.00076   -0.00116    89.8841     0.0524     0.0378     86.460     87.148    34.8664    34.8685    27.3308    27.3326    1491.14    1491.14         15 0.0000e+00
     189619  61.730366    779.000    773.071     6.9545     6.9558   3.546980   3.547306     1.0820     1.2989   -0.00041   -0.00123    89.8841     0.0567     0.0373     86.411     87.114    34.8671    34.8694    27.3309    27.3325    1491.14    1491.15         14 0.0000e+00
     189635  61.730373    778.000    772.077     6.9660     6.9687   3.548132   3.548583     1.0821     1.2990   -0.00047   -0.00129    89.8841     0.0618     0.0356     86.386     87.089    34.8686    34.8709    27.3305    27.3319    1491.17    1491.19         17 0.0000e+00
     189653  61.730385    777.000    771.088     6.9783     6.9819   3.549257   3.549858     1.0815     1.2988   -0.00091   -0.00125    89.8841     0.0553     0.0323     86.260     87.026    34.8690    34.8721    27.3291    27.3310    1491.20    1491.22         20 0.0000e+00
     189677  61.730396    776.000    770.100     6.9923     7.0024   3.550683   3.551912     1.0805     1.2979   -0.00061   -0.00059    89.8841     0.0533     0.0333     86.074     86.863    34.8711    34.8743    27.3288    27.3300    1491.24    1491.29         27 0.0000e+00
     189708  61.730412    775.000    769.113     7.0058     7.0088   3.551891   3.552434     1.0793     1.2960   -0.00041   -0.00012    89.8841     0.0590     0.0316     85.852     86.626    34.8712    34.8741    27.3271    27.3289    1491.28    1491.30         36 0.0000e+00
     189743  61.730427    774.000    768.129     7.0217     7.0246   3.553460   3.553873     1.0772     1.2930   -0.00100   -0.00105    89.8841     0.0606     0.0319     85.498     86.249    34.8729    34.8744    27.3261    27.3270    1491.33    1491.34         30 0.0000e+00
     189768  61.730438    773.000    767.139     7.0355     7.0341   3.554683   3.554736     1.0756     1.2908   -0.00093   -0.00149    89.8841     0.0540     0.0287     85.209     85.968    34.8728    34.8748    27.3242    27.3260    1491.36    1491.36         21 0.0000e+00
     189787  61.730450    772.000    766.145     7.0408     7.0397   3.555131   3.555233     1.0745     1.2887   -0.00134   -0.00197    89.8841     0.0602     0.0257     85.029     85.712    34.8729    34.8751    27.3235    27.3254    1491.37    1491.37         18 0.0000e+00
     189805  61.730457    771.000    765.152     7.0485     7.0478   3.555798   3.555918     1.0729     1.2873   -0.00145   -0.00208    89.8867     0.0640     0.0262     84.770     85.526    34.8729    34.8749    27.3224    27.3241    1491.38    1491.38         18 0.0000e+00
