data/CTD/cnv/ufr29002.cnv
* Sea-Bird SBE 9 Data File:
* FileName = C:\SEASOFT\PIRATA-FR29\data\fr29002.hex
* Software Version Seasave V 7.26.7.107
* Temperature SN = 6083
* Conductivity SN = 4509
* Number of Bytes Per Scan = 42
* Number of Voltage Words = 3
* Number of Scans Averaged by the Deck Unit = 1
* NMEA Latitude = 08 59.92 N
* NMEA Longitude = 020 07.05 W
* NMEA UTC (Time) = Mar 03 2019 20:26:29
** Cruise: PIRATA-FR29
** Ship: THALASSA
** Station: 002
** Bottom Depth: 3603
** Barometric pressure : 1012.2
** Temp Air: 24.1
** Operator: MG/PR
** Comments:
# nquan = 25
# nvalues = 2025                        
# units = specified
# name 0 = scan: Scan Count
# name 1 = timeJ: Julian Days
# name 2 = prDM: Pressure, Digiquartz [db]
# name 3 = depSM: Depth [salt water, m]
# name 4 = t090C: Temperature [ITS-90, deg C]
# name 5 = t190C: Temperature, 2 [ITS-90, deg C]
# name 6 = c0S/m: Conductivity [S/m]
# name 7 = c1S/m: Conductivity, 2 [S/m]
# name 8 = sbeox0V: Oxygen raw, SBE 43 [V]
# name 9 = sbeox1V: Oxygen raw, SBE 43, 2 [V]
# name 10 = sbox0dV/dT: Oxygen, SBE 43 [dov/dt]
# name 11 = sbox1dV/dT: Oxygen, SBE 43, 2 [dov/dt]
# name 12 = CStarTr0: Beam Transmission, WET Labs C-Star [%]
# name 13 = flECO-AFL: Fluorescence, WET Labs ECO-AFL/FL [mg/m^3]
# name 14 = flC: Fluorescence, Chelsea Aqua 3 Chl Con [ug/l]
# name 15 = sbox0Mm/Kg: Oxygen, SBE 43 [umol/kg], WS = 2
# name 16 = sbox1Mm/Kg: Oxygen, SBE 43, 2 [umol/kg], WS = 2
# name 17 = sal00: Salinity, Practical [PSU]
# name 18 = sal11: Salinity, Practical, 2 [PSU]
# name 19 = sigma-é00: Density [sigma-theta, kg/m^3]
# name 20 = sigma-é11: Density, 2 [sigma-theta, kg/m^3]
# name 21 = svCM: Sound Velocity [Chen-Millero, m/s]
# name 22 = svCM1: Sound Velocity, 2 [Chen-Millero, m/s]
# name 23 = nbin: number of scans per bin
# name 24 = flag: flag
# span 0 =      55427,     145073       
# span 1 =  62.878466,  62.921697       
# span 2 =      2.000,   2026.000       
# span 3 =      1.979,   2004.902       
# span 4 =     3.4589,    24.5478       
# span 5 =     3.4585,    24.5485       
# span 6 =   3.290440,   5.346375       
# span 7 =   3.290435,   5.346621       
# span 8 =     0.7728,     2.6725       
# span 9 =     0.8888,     3.3827       
# span 10 =   -0.01854,    0.10560      
# span 11 =   -0.02330,    0.14343      
# span 12 =    80.7558,    88.4069      
# span 13 =     0.0404,     2.9389      
# span 14 =     0.0108,     0.9531      
# span 15 =     35.125,    226.501      
# span 16 =     35.490,    228.951      
# span 17 =    34.7023,    35.8377      
# span 18 =    34.7040,    35.8675      
# span 19 =    23.9655,    27.8203      
# span 20 =    23.9661,    27.8222      
# span 21 =    1487.55,    1534.27      
# span 22 =    1487.53,    1534.27      
# span 23 =         14,        144      
# span 24 = 0.0000e+00, 0.0000e+00      
# interval = decibars: 1                
# start_time = Mar 03 2019 20:26:30 [System UTC, first data scan.]
# bad_flag = -9.990e-29
*END*
[from data line 754]
      80201  62.890411   1272.000   1260.989     4.6867     4.6879   3.363261   3.363526     1.5095     1.8690   -0.00048   -0.00109    88.3782     0.0527     0.0289    169.295    170.945    34.8814    34.8833    27.6291    27.6304    1490.28    1490.29         27 0.0000e+00
      80237  62.890430   1271.000   1260.003     4.6866     4.6914   3.363198   3.363762     1.5079     1.8667   -0.00072   -0.00114    88.3742     0.0525     0.0293    169.018    170.611    34.8813    34.8828    27.6290    27.6297    1490.26    1490.29         46 0.0000e+00
      80281  62.890450   1270.000   1259.023     4.6880     4.6936   3.363246   3.363866     1.5068     1.8638   -0.00118   -0.00160    88.3749     0.0607     0.0305    168.807    170.207    34.8809    34.8823    27.6286    27.6290    1490.25    1490.28         34 0.0000e+00
      80307  62.890465   1269.000   1258.034     4.6917     4.6947   3.363503   3.363899     1.5060     1.8624   -0.00075   -0.00157    88.3710     0.0521     0.0289    168.634    170.004    34.8805    34.8820    27.6278    27.6287    1490.25    1490.27         22 0.0000e+00
      80328  62.890472   1268.000   1257.042     4.7049     4.7042   3.364486   3.364651     1.5053     1.8619   -0.00054   -0.00173    88.3794     0.0533     0.0300    168.427    169.873    34.8787    34.8812    27.6249    27.6270    1490.29    1490.29         20 0.0000e+00
      80346  62.890484   1267.000   1256.052     4.7128     4.7123   3.365031   3.365195     1.5037     1.8606   -0.00061   -0.00146    88.3700     0.0484     0.0311    168.110    169.662    34.8772    34.8797    27.6228    27.6249    1490.30    1490.30         18 0.0000e+00
      80366  62.890491   1266.000   1255.062     4.7141     4.7144   3.365093   3.365306     1.5024     1.8584   -0.00070   -0.00111    88.3605     0.0477     0.0291    167.857    169.344    34.8771    34.8792    27.6226    27.6243    1490.29    1490.29         20 0.0000e+00
      80387  62.890503   1265.000   1254.069     4.7144     4.7145   3.365090   3.365270     1.5003     1.8561   -0.00106   -0.00091    88.3583     0.0589     0.0306    167.485    169.038    34.8772    34.8792    27.6226    27.6242    1490.27    1490.28         24 0.0000e+00
      80414  62.890514   1264.000   1253.083     4.7143     4.7141   3.365032   3.365196     1.4984     1.8541   -0.00176   -0.00192    88.3683     0.0554     0.0283    167.149    168.755    34.8771    34.8793    27.6226    27.6243    1490.26    1490.26         30 0.0000e+00
      80449  62.890533   1263.000   1252.097     4.7129     4.7156   3.364873   3.365262     1.4972     1.8522   -0.00204   -0.00248    88.3774     0.0602     0.0305    166.936    168.487    34.8772    34.8789    27.6228    27.6238    1490.23    1490.25         39 0.0000e+00
      80494  62.890553   1262.000   1251.108     4.7072     4.7224   3.364389   3.365743     1.4971     1.8506   -0.00116   -0.00144    88.3787     0.0573     0.0319    166.925    168.229    34.8781    34.8779    27.6241    27.6223    1490.20    1490.26         55 0.0000e+00
      81199  62.890896   1261.000   1250.119     4.7229     4.7279   3.365570   3.366171     1.4944     1.8459   -0.00004   -0.00082    88.3761     0.0554     0.0262    166.372    167.598    34.8758    34.8776    27.6206    27.6214    1490.24    1490.26         71 0.0000e+00
      83320  62.891918   1260.000   1249.137     4.7393     4.7393   3.366812   3.366988     1.4859     1.8386   -0.00022   -0.00096    88.3819     0.0563     0.0180    164.857    166.589    34.8737    34.8757    27.6170    27.6186    1490.29    1490.29         31 0.0000e+00
      83295  62.891907   1259.000   1248.145     4.7409     4.7409   3.366909   3.367088     1.4859     1.8383   -0.00041   -0.00055    88.3781     0.0496     0.0171    164.838    166.523    34.8736    34.8757    27.6168    27.6185    1490.28    1490.28         28 0.0000e+00
      83324  62.891918   1258.000   1247.153     4.7471     4.7465   3.367360   3.367506     1.4853     1.8372   -0.00048   -0.00032    88.3609     0.0580     0.0154    164.696    166.342    34.8729    34.8752    27.6155    27.6174    1490.29    1490.29         30 0.0000e+00
      83369  62.891941   1257.000   1246.166     4.7480     4.7493   3.367391   3.367668     1.4838     1.8350   -0.00039   -0.00070    88.3670     0.0563     0.0153    164.413    166.025    34.8728    34.8747    27.6154    27.6167    1490.27    1490.28         68 0.0000e+00
      83428  62.891968   1256.000   1245.188     4.7489     4.7488   3.367433   3.367613     1.4829     1.8337   -0.00094   -0.00141    88.3829     0.0539     0.0258    164.236    165.849    34.8728    34.8750    27.6152    27.6170    1490.26    1490.26         33 0.0000e+00
      83454  62.891983   1255.000   1244.190     4.7532     4.7525   3.367756   3.367884     1.4824     1.8332   -0.00057   -0.00080    88.3817     0.0446     0.0182    164.112    165.740    34.8726    34.8748    27.6146    27.6164    1490.26    1490.26         27 0.0000e+00
      83486  62.891998   1254.000   1243.197     4.7583     4.7568   3.368139   3.368202     1.4820     1.8323   -0.00024   -0.00017    88.3800     0.0537     0.0201    164.003    165.595    34.8723    34.8745    27.6137    27.6156    1490.26    1490.26         42 0.0000e+00
      83534  62.892021   1253.000   1242.222     4.7569     4.7584   3.367970   3.368255     1.4806     1.8310   -0.00029   -0.00075    88.3597     0.0522     0.0198    163.759    165.393    34.8721    34.8740    27.6138    27.6150    1490.24    1490.25         41 0.0000e+00
      83564  62.892036   1252.000   1241.230     4.7571     4.7573   3.367935   3.368119     1.4800     1.8305   -0.00069   -0.00062    88.3639     0.0536     0.0249    163.635    165.315    34.8721    34.8739    27.6137    27.6151    1490.23    1490.23         25 0.0000e+00
      83587  62.892044   1251.000   1240.237     4.7597     4.7590   3.368067   3.368203     1.4798     1.8298   -0.00074   -0.00073    88.3754     0.0566     0.0258    163.566    165.195    34.8714    34.8737    27.6129    27.6148    1490.22    1490.22         22 0.0000e+00
      83610  62.892056   1250.000   1239.243     4.7610     4.7608   3.368142   3.368303     1.4794     1.8287   -0.00047   -0.00051    88.3754     0.0602     0.0286    163.483    165.036    34.8714    34.8735    27.6127    27.6144    1490.21    1490.21         26 0.0000e+00
      83639  62.892071   1249.000   1238.263     4.7613     4.7607   3.368122   3.368240     1.4788     1.8280   -0.00041   -0.00057    88.3771     0.0555     0.0275    163.354    164.926    34.8713    34.8733    27.6126    27.6142    1490.19    1490.19         30 0.0000e+00
      83666  62.892082   1248.000   1237.278     4.7618     4.7616   3.368110   3.368274     1.4785     1.8279   -0.00030   -0.00102    88.3787     0.0527     0.0247    163.274    164.890    34.8712    34.8733    27.6124    27.6141    1490.18    1490.18         23 0.0000e+00
      83686  62.892094   1247.000   1236.285     4.7631     4.7627   3.368186   3.368347     1.4785     1.8277   -0.00046   -0.00076    88.3770     0.0602     0.0265    163.251    164.839    34.8712    34.8734    27.6123    27.6141    1490.17    1490.17         20 0.0000e+00
      83706  62.892101   1246.000   1235.291     4.7676     4.7673   3.368503   3.368671     1.4785     1.8276   -0.00036   -0.00038    88.3793     0.0607     0.0246    163.210    164.775    34.8707    34.8729    27.6113    27.6132    1490.17    1490.17         20 0.0000e+00
      83728  62.892113   1245.000   1234.303     4.7703     4.7726   3.368716   3.369106     1.4785     1.8267   -0.00011   -0.00015    88.3614     0.0464     0.0221    163.178    164.616    34.8708    34.8729    27.6111    27.6126    1490.16    1490.17         23 0.0000e+00
      83753  62.892124   1244.000   1233.318     4.7738     4.7745   3.368967   3.369203     1.4777     1.8261   -0.00014   -0.00017    88.3673     0.0558     0.0242    163.005    164.522    34.8705    34.8725    27.6105    27.6120    1490.16    1490.17         26 0.0000e+00
      83778  62.892139   1243.000   1232.331     4.7760     4.7760   3.369125   3.369316     1.4767     1.8252   -0.00025   -0.00059    88.3714     0.0539     0.0334    162.806    164.369    34.8706    34.8727    27.6103    27.6120    1490.15    1490.15         25 0.0000e+00
      83804  62.892151   1242.000   1231.338     4.7794     4.7773   3.369382   3.369380     1.4761     1.8245   -0.00052   -0.00070    88.3714     0.0530     0.0318    162.679    164.253    34.8705    34.8726    27.6099    27.6118    1490.15    1490.14         28 0.0000e+00
      83835  62.892166   1241.000   1230.348     4.7854     4.7843   3.369854   3.369961     1.4751     1.8237   -0.00077   -0.00081    88.3813     0.0532     0.0291    162.458    164.101    34.8702    34.8726    27.6089    27.6109    1490.16    1490.16         35 0.0000e+00
      83875  62.892185   1240.000   1229.367     4.7854     4.7881   3.369822   3.370213     1.4734     1.8217   -0.00057   -0.00058    88.3817     0.0527     0.0247    162.157    163.813    34.8703    34.8721    27.6090    27.6101    1490.14    1490.15         41 0.0000e+00
      83910  62.892200   1239.000   1228.379     4.7888     4.7896   3.370052   3.370293     1.4723     1.8200   -0.00107   -0.00103    88.3801     0.0458     0.0286    161.947    163.577    34.8699    34.8719    27.6083    27.6098    1490.14    1490.14         30 0.0000e+00
      83937  62.892216   1238.000   1227.387     4.7907     4.7895   3.370168   3.370253     1.4716     1.8192   -0.00092   -0.00119    88.3742     0.0532     0.0256    161.798    163.447    34.8698    34.8720    27.6080    27.6098    1490.13    1490.13         25 0.0000e+00
      83963  62.892227   1237.000   1226.396     4.7937     4.7931   3.370395   3.370526     1.4711     1.8175   -0.00072   -0.00099    88.3756     0.0535     0.0264    161.673    163.200    34.8697    34.8719    27.6076    27.6094    1490.12    1490.12         27 0.0000e+00
      83991  62.892242   1236.000   1225.410     4.7964     4.7961   3.370572   3.370728     1.4701     1.8168   -0.00061   -0.00106    88.3703     0.0601     0.0295    161.485    163.083    34.8695    34.8717    27.6071    27.6088    1490.12    1490.12         29 0.0000e+00
      84020  62.892254   1235.000   1224.423     4.7994     4.7999   3.370776   3.371002     1.4695     1.8160   -0.00056   -0.00124    88.3655     0.0458     0.0327    161.345    162.943    34.8692    34.8713    27.6065    27.6081    1490.11    1490.12         29 0.0000e+00
      84047  62.892269   1234.000   1223.437     4.8022     4.8027   3.370958   3.371181     1.4690     1.8151   -0.00077   -0.00072    88.3768     0.0606     0.0308    161.226    162.792    34.8690    34.8710    27.6060    27.6076    1490.11    1490.11         23 0.0000e+00
      84068  62.892277   1233.000   1222.448     4.8092     4.8097   3.371480   3.371733     1.4683     1.8140   -0.00062   -0.00045    88.3727     0.0535     0.0307    161.064    162.606    34.8682    34.8706    27.6046    27.6064    1490.12    1490.12         21 0.0000e+00
      84088  62.892288   1232.000   1221.455     4.8148     4.8174   3.371892   3.372297     1.4674     1.8129   -0.00050   -0.00088    88.3781     0.0530     0.0360    160.863    162.414    34.8676    34.8696    27.6035    27.6048    1490.12    1490.14         19 0.0000e+00
      84108  62.892296   1231.000   1220.467     4.8212     4.8223   3.372328   3.372581     1.4662     1.8114   -0.00053   -0.00098    88.3735     0.0543     0.0266    160.623    162.179    34.8665    34.8682    27.6018    27.6031    1490.13    1490.14         20 0.0000e+00
      84127  62.892307   1230.000   1219.476     4.8238     4.8245   3.372432   3.372644     1.4648     1.8088   -0.00075   -0.00108    88.3735     0.0530     0.0254    160.360    161.820    34.8654    34.8672    27.6007    27.6021    1490.12    1490.13         20 0.0000e+00
      84150  62.892319   1229.000   1218.484     4.8249     4.8249   3.372444   3.372625     1.4629     1.8065   -0.00104   -0.00138    88.3705     0.0602     0.0230    160.024    161.516    34.8649    34.8670    27.6002    27.6018    1490.11    1490.11         25 0.0000e+00
      84179  62.892330   1228.000   1217.498     4.8246     4.8232   3.372370   3.372446     1.4611     1.8044   -0.00160   -0.00240    88.3774     0.0556     0.0257    159.707    161.233    34.8649    34.8672    27.6002    27.6022    1490.09    1490.09         35 0.0000e+00
      84215  62.892349   1227.000   1216.517     4.8231     4.8241   3.372221   3.372465     1.4597     1.8027   -0.00185   -0.00242    88.3712     0.0566     0.0265    159.445    160.992    34.8652    34.8670    27.6006    27.6019    1490.07    1490.08         34 0.0000e+00
      84245  62.892365   1226.000   1215.528     4.8264     4.8257   3.372394   3.372525     1.4590     1.8016   -0.00137   -0.00150    88.3672     0.0563     0.0308    159.298    160.833    34.8643    34.8665    27.5995    27.6013    1490.07    1490.07         26 0.0000e+00
      84270  62.892376   1225.000   1214.537     4.8275     4.8266   3.372424   3.372536     1.4584     1.8011   -0.00092   -0.00115    88.3720     0.0526     0.0305    159.184    160.746    34.8639    34.8661    27.5991    27.6009    1490.06    1490.05         24 0.0000e+00
      84294  62.892387   1224.000   1213.543     4.8286     4.8282   3.372450   3.372588     1.4577     1.8004   -0.00059   -0.00093    88.3769     0.0494     0.0296    159.041    160.630    34.8636    34.8656    27.5987    27.6003    1490.04    1490.04         25 0.0000e+00
      84324  62.892403   1223.000   1212.553     4.8302     4.8307   3.372511   3.372711     1.4570     1.7992   -0.00059   -0.00059    88.3695     0.0529     0.0252    158.901    160.448    34.8631    34.8649    27.5981    27.5995    1490.03    1490.04         39 0.0000e+00
      84369  62.892422   1222.000   1211.575     4.8320     4.8319   3.372603   3.372777     1.4561     1.7974   -0.00055   -0.00085    88.3760     0.0504     0.0321    158.726    160.188    34.8628    34.8649    27.5976    27.5993    1490.02    1490.02         43 0.0000e+00
      84403  62.892441   1221.000   1210.586     4.8329     4.8342   3.372641   3.372911     1.4559     1.7962   -0.00074   -0.00081    88.3730     0.0568     0.0299    158.660    160.015    34.8628    34.8646    27.5975    27.5988    1490.01    1490.02         27 0.0000e+00
      84428  62.892452   1220.000   1209.594     4.8392     4.8386   3.373102   3.373241     1.4552     1.7953   -0.00029   -0.00118    88.3700     0.0525     0.0298    158.496    159.860    34.8621    34.8644    27.5963    27.5981    1490.02    1490.02         24 0.0000e+00
      84450  62.892464   1219.000   1208.605     4.8413     4.8407   3.373213   3.373352     1.4542     1.7944   -0.00011   -0.00084    88.3721     0.0568     0.0279    158.304    159.717    34.8617    34.8639    27.5957    27.5975    1490.01    1490.01         22 0.0000e+00
      84474  62.892475   1218.000   1207.614     4.8430     4.8435   3.373319   3.373551     1.4538     1.7938   -0.00054   -0.00083    88.3710     0.0593     0.0265    158.201    159.605    34.8616    34.8638    27.5954    27.5971    1490.00    1490.00         24 0.0000e+00
      84497  62.892483   1217.000   1206.630     4.8441     4.8456   3.373373   3.373672     1.4527     1.7932   -0.00079   -0.00090    88.3613     0.0594     0.0256    157.996    159.498    34.8616    34.8635    27.5953    27.5966    1489.99    1490.00         23 0.0000e+00
      84519  62.892494   1216.000   1205.645     4.8459     4.8472   3.373473   3.373749     1.4523     1.7922   -0.00082   -0.00072    88.3582     0.0545     0.0238    157.900    159.347    34.8613    34.8632    27.5949    27.5962    1489.98    1489.98         20 0.0000e+00
