data/CTD/cnv/ufr29002.cnv
* Sea-Bird SBE 9 Data File:
* FileName = C:\SEASOFT\PIRATA-FR29\data\fr29002.hex
* Software Version Seasave V 7.26.7.107
* Temperature SN = 6083
* Conductivity SN = 4509
* Number of Bytes Per Scan = 42
* Number of Voltage Words = 3
* Number of Scans Averaged by the Deck Unit = 1
* NMEA Latitude = 08 59.92 N
* NMEA Longitude = 020 07.05 W
* NMEA UTC (Time) = Mar 03 2019 20:26:29
** Cruise: PIRATA-FR29
** Ship: THALASSA
** Station: 002
** Bottom Depth: 3603
** Barometric pressure : 1012.2
** Temp Air: 24.1
** Operator: MG/PR
** Comments:
# nquan = 25
# nvalues = 2025                        
# units = specified
# name 0 = scan: Scan Count
# name 1 = timeJ: Julian Days
# name 2 = prDM: Pressure, Digiquartz [db]
# name 3 = depSM: Depth [salt water, m]
# name 4 = t090C: Temperature [ITS-90, deg C]
# name 5 = t190C: Temperature, 2 [ITS-90, deg C]
# name 6 = c0S/m: Conductivity [S/m]
# name 7 = c1S/m: Conductivity, 2 [S/m]
# name 8 = sbeox0V: Oxygen raw, SBE 43 [V]
# name 9 = sbeox1V: Oxygen raw, SBE 43, 2 [V]
# name 10 = sbox0dV/dT: Oxygen, SBE 43 [dov/dt]
# name 11 = sbox1dV/dT: Oxygen, SBE 43, 2 [dov/dt]
# name 12 = CStarTr0: Beam Transmission, WET Labs C-Star [%]
# name 13 = flECO-AFL: Fluorescence, WET Labs ECO-AFL/FL [mg/m^3]
# name 14 = flC: Fluorescence, Chelsea Aqua 3 Chl Con [ug/l]
# name 15 = sbox0Mm/Kg: Oxygen, SBE 43 [umol/kg], WS = 2
# name 16 = sbox1Mm/Kg: Oxygen, SBE 43, 2 [umol/kg], WS = 2
# name 17 = sal00: Salinity, Practical [PSU]
# name 18 = sal11: Salinity, Practical, 2 [PSU]
# name 19 = sigma-é00: Density [sigma-theta, kg/m^3]
# name 20 = sigma-é11: Density, 2 [sigma-theta, kg/m^3]
# name 21 = svCM: Sound Velocity [Chen-Millero, m/s]
# name 22 = svCM1: Sound Velocity, 2 [Chen-Millero, m/s]
# name 23 = nbin: number of scans per bin
# name 24 = flag: flag
# span 0 =      55427,     145073       
# span 1 =  62.878466,  62.921697       
# span 2 =      2.000,   2026.000       
# span 3 =      1.979,   2004.902       
# span 4 =     3.4589,    24.5478       
# span 5 =     3.4585,    24.5485       
# span 6 =   3.290440,   5.346375       
# span 7 =   3.290435,   5.346621       
# span 8 =     0.7728,     2.6725       
# span 9 =     0.8888,     3.3827       
# span 10 =   -0.01854,    0.10560      
# span 11 =   -0.02330,    0.14343      
# span 12 =    80.7558,    88.4069      
# span 13 =     0.0404,     2.9389      
# span 14 =     0.0108,     0.9531      
# span 15 =     35.125,    226.501      
# span 16 =     35.490,    228.951      
# span 17 =    34.7023,    35.8377      
# span 18 =    34.7040,    35.8675      
# span 19 =    23.9655,    27.8203      
# span 20 =    23.9661,    27.8222      
# span 21 =    1487.55,    1534.27      
# span 22 =    1487.53,    1534.27      
# span 23 =         14,        144      
# span 24 = 0.0000e+00, 0.0000e+00      
# interval = decibars: 1                
# start_time = Mar 03 2019 20:26:30 [System UTC, first data scan.]
# bad_flag = -9.990e-29
*END*
[from data line 58]
      57754  62.879589   1968.000   1947.772     3.4933     3.4937   3.291542   3.291804     1.6920     2.1136    0.00014   -0.00011    88.3953     0.0468     0.0234    226.011    228.419    34.9549    34.9575    27.8173    27.8193    1497.04    1497.05         19 0.0000e+00
      57773  62.879597   1967.000   1946.784     3.4978     3.4997   3.291921   3.292288     1.6920     2.1136    0.00029   -0.00004    88.3867     0.0496     0.0255    225.949    228.352    34.9551    34.9575    27.8170    27.8187    1497.04    1497.05         19 0.0000e+00
      57791  62.879604   1966.000   1945.798     3.5002     3.5010   3.292078   3.292350     1.6920     2.1136    0.00021   -0.00003    88.3998     0.0534     0.0254    225.907    228.314    34.9549    34.9573    27.8166    27.8184    1497.04    1497.04         18 0.0000e+00
      57810  62.879616   1965.000   1944.814     3.5007     3.5015   3.292084   3.292356     1.6920     2.1136    0.00018    0.00015    88.3934     0.0601     0.0255    225.877    228.283    34.9550    34.9573    27.8166    27.8184    1497.02    1497.03         18 0.0000e+00
      57828  62.879623   1964.000   1943.828     3.5013     3.5017   3.292109   3.292331     1.6920     2.1136   -0.00001    0.00015    88.3991     0.0598     0.0264    225.843    228.253    34.9550    34.9573    27.8166    27.8183    1497.01    1497.01         19 0.0000e+00
      57848  62.879635   1963.000   1942.841     3.5019     3.5019   3.292120   3.292307     1.6920     2.1136    0.00009   -0.00004    88.3885     0.0566     0.0243    225.810    228.223    34.9550    34.9573    27.8165    27.8183    1496.99    1497.00         21 0.0000e+00
      57870  62.879642   1962.000   1941.851     3.5022     3.5021   3.292105   3.292271     1.6920     2.1136    0.00005   -0.00001    88.3892     0.0506     0.0234    225.780    228.193    34.9550    34.9571    27.8165    27.8182    1496.98    1496.98         25 0.0000e+00
      57910  62.879662   1961.000   1940.871     3.5001     3.4998   3.291889   3.292039     1.6921     2.1136    0.00002    0.00001    88.3917     0.0462     0.0223    225.765    228.179    34.9551    34.9573    27.8168    27.8185    1496.95    1496.95         56 0.0000e+00
      57954  62.879684   1960.000   1939.902     3.5004     3.4992   3.291866   3.291935     1.6921     2.1138    0.00005   -0.00001    88.3916     0.0480     0.0208    225.736    228.177    34.9551    34.9572    27.8166    27.8185    1496.94    1496.93         26 0.0000e+00
      57974  62.879692   1959.000   1938.911     3.5060     3.5039   3.292327   3.292367     1.6921     2.1140   -0.00003   -0.00011    88.3886     0.0532     0.0218    225.673    228.148    34.9551    34.9578    27.8161    27.8185    1496.94    1496.94         17 0.0000e+00
      57990  62.879700   1958.000   1937.926     3.5127     3.5115   3.292871   3.292985     1.6921     2.1137   -0.00004   -0.00005    88.3911     0.0533     0.0226    225.601    228.029    34.9550    34.9575    27.8154    27.8175    1496.96    1496.95         15 0.0000e+00
      58005  62.879707   1957.000   1936.932     3.5139     3.5142   3.292946   3.293188     1.6921     2.1142   -0.00002    0.00019    88.3834     0.0499     0.0228    225.563    228.049    34.9550    34.9577    27.8153    27.8174    1496.94    1496.95         14 0.0000e+00
      58019  62.879715   1956.000   1935.941     3.5160     3.5163   3.293090   3.293339     1.6921     2.1145    0.00004    0.00029    88.3817     0.0464     0.0239    225.521    228.047    34.9550    34.9576    27.8151    27.8172    1496.94    1496.94         15 0.0000e+00
      58035  62.879723   1955.000   1934.955     3.5168     3.5174   3.293131   3.293385     1.6921     2.1146    0.00007    0.00020    88.3817     0.0506     0.0216    225.487    228.028    34.9551    34.9575    27.8151    27.8170    1496.92    1496.93         17 0.0000e+00
      58055  62.879734   1954.000   1933.963     3.5161     3.5168   3.293032   3.293260     1.6926     2.1148    0.00005    0.00011    88.3817     0.0530     0.0183    225.566    228.031    34.9552    34.9572    27.8153    27.8167    1496.90    1496.91         26 0.0000e+00
      58092  62.879749   1953.000   1932.995     3.5135     3.5116   3.292771   3.292783     1.6924     2.1143    0.00025    0.00040    88.3865     0.0490     0.0194    225.511    227.962    34.9553    34.9575    27.8156    27.8174    1496.88    1496.87         43 0.0000e+00
      58125  62.879768   1952.000   1932.016     3.5127     3.5140   3.292645   3.292964     1.6925     2.1143    0.00005    0.00000    88.3953     0.0542     0.0195    225.512    227.913    34.9551    34.9575    27.8155    27.8172    1496.85    1496.86         23 0.0000e+00
      58145  62.879776   1951.000   1931.024     3.5179     3.5186   3.293080   3.293355     1.6928     2.1147   -0.00028   -0.00032    88.3827     0.0517     0.0204    225.491    227.911    34.9553    34.9578    27.8151    27.8170    1496.86    1496.87         19 0.0000e+00
      58164  62.879784   1950.000   1930.037     3.5240     3.5239   3.293572   3.293778     1.6930     2.1149   -0.00009   -0.00044    88.3883     0.0557     0.0225    225.469    227.886    34.9552    34.9578    27.8144    27.8165    1496.87    1496.87         18 0.0000e+00
      58181  62.879795   1949.000   1929.051     3.5261     3.5273   3.293720   3.294053     1.6928     2.1149    0.00005   -0.00004    88.3968     0.0621     0.0197    225.383    227.834    34.9552    34.9579    27.8143    27.8162    1496.86    1496.87         17 0.0000e+00
      58198  62.879803   1948.000   1928.064     3.5291     3.5309   3.293976   3.294336     1.6929     2.1149    0.00031    0.00044    88.4010     0.0632     0.0175    225.361    227.781    34.9555    34.9579    27.8141    27.8159    1496.86    1496.87         17 0.0000e+00
      58216  62.879810   1947.000   1927.074     3.5313     3.5326   3.294122   3.294437     1.6929     2.1149    0.00028    0.00039    88.4005     0.0616     0.0199    225.319    227.743    34.9554    34.9578    27.8139    27.8157    1496.85    1496.86         20 0.0000e+00
      58239  62.879822   1946.000   1926.087     3.5316     3.5326   3.294119   3.294389     1.6928     2.1149   -0.00002    0.00016    88.3937     0.0556     0.0196    225.272    227.713    34.9556    34.9576    27.8140    27.8155    1496.83    1496.84         26 0.0000e+00
      58269  62.879837   1945.000   1925.109     3.5271     3.5262   3.293678   3.293765     1.6926     2.1145    0.00004    0.00009    88.3898     0.0475     0.0260    225.225    227.667    34.9555    34.9576    27.8143    27.8160    1496.80    1496.80         35 0.0000e+00
      58301  62.879852   1944.000   1924.132     3.5301     3.5259   3.293908   3.293733     1.6926     2.1141   -0.00015   -0.00005    88.3960     0.0525     0.0257    225.184    227.576    34.9556    34.9580    27.8141    27.8164    1496.79    1496.78         25 0.0000e+00
      58324  62.879864   1943.000   1923.142     3.5352     3.5346   3.294319   3.294472     1.6929     2.1147   -0.00030   -0.00040    88.3945     0.0541     0.0199    225.178    227.575    34.9555    34.9580    27.8136    27.8155    1496.80    1496.80         22 0.0000e+00
      58344  62.879871   1942.000   1922.153     3.5376     3.5378   3.294511   3.294728     1.6931     2.1149    0.00018   -0.00038    88.3946     0.0532     0.0177    225.160    227.556    34.9558    34.9581    27.8135    27.8154    1496.79    1496.80         20 0.0000e+00
      58365  62.879883   1941.000   1921.165     3.5388     3.5390   3.294574   3.294795     1.6934     2.1149    0.00009   -0.00012    88.4007     0.0535     0.0234    225.181    227.520    34.9557    34.9581    27.8134    27.8152    1496.78    1496.78         21 0.0000e+00
      58386  62.879894   1940.000   1920.186     3.5394     3.5394   3.294598   3.294772     1.6934     2.1150    0.00020    0.00043    88.4041     0.0609     0.0237    225.148    227.505    34.9558    34.9579    27.8134    27.8150    1496.77    1496.77         22 0.0000e+00
      58407  62.879902   1939.000   1919.198     3.5402     3.5398   3.294626   3.294792     1.6934     2.1152    0.00015    0.00031    88.4040     0.0561     0.0253    225.116    227.492    34.9559    34.9582    27.8133    27.8152    1496.75    1496.75         20 0.0000e+00
      58427  62.879913   1938.000   1918.214     3.5408     3.5406   3.294655   3.294813     1.6934     2.1156    0.00005    0.00004    88.4052     0.0483     0.0249    225.085    227.520    34.9560    34.9581    27.8134    27.8151    1496.74    1496.74         20 0.0000e+00
      58448  62.879921   1937.000   1917.224     3.5425     3.5425   3.294769   3.294961     1.6934     2.1160    0.00012    0.00015    88.4052     0.0472     0.0246    225.044    227.531    34.9561    34.9584    27.8132    27.8151    1496.73    1496.73         21 0.0000e+00
      58470  62.879932   1936.000   1916.237     3.5431     3.5428   3.294768   3.294942     1.6934     2.1162    0.00015    0.00018    88.4052     0.0536     0.0246    225.013    227.536    34.9560    34.9582    27.8131    27.8149    1496.72    1496.72         25 0.0000e+00
      58500  62.879948   1935.000   1915.257     3.5426     3.5420   3.294687   3.294817     1.6934     2.1163    0.00005    0.00045    88.4013     0.0458     0.0235    224.986    227.515    34.9560    34.9581    27.8131    27.8149    1496.70    1496.70         33 0.0000e+00
      58530  62.879963   1934.000   1914.277     3.5428     3.5416   3.294669   3.294743     1.6934     2.1163   -0.00012    0.00014    88.3913     0.0481     0.0210    224.958    227.489    34.9560    34.9581    27.8131    27.8149    1496.68    1496.68         26 0.0000e+00
      58554  62.879974   1933.000   1913.290     3.5431     3.5431   3.294647   3.294852     1.6935     2.1163    0.00005    0.00018    88.3956     0.0541     0.0206    224.949    227.450    34.9559    34.9584    27.8130    27.8150    1496.67    1496.67         22 0.0000e+00
      58574  62.879982   1932.000   1912.302     3.5449     3.5454   3.294775   3.295016     1.6938     2.1166    0.00013   -0.00003    88.3993     0.0533     0.0234    224.957    227.450    34.9560    34.9583    27.8129    27.8147    1496.66    1496.66         20 0.0000e+00
      58594  62.879993   1931.000   1911.315     3.5463     3.5473   3.294848   3.295140     1.6938     2.1169    0.00009    0.00011    88.3965     0.0467     0.0236    224.924    227.449    34.9559    34.9583    27.8127    27.8145    1496.64    1496.65         19 0.0000e+00
      58613  62.880001   1930.000   1910.331     3.5479     3.5487   3.294960   3.295229     1.6938     2.1171    0.00006    0.00009    88.4053     0.0552     0.0229    224.885    227.449    34.9560    34.9583    27.8126    27.8144    1496.64    1496.64         19 0.0000e+00
      58632  62.880013   1929.000   1909.344     3.5490     3.5491   3.295002   3.295214     1.6941     2.1171    0.00022    0.00016    88.4052     0.0593     0.0217    224.900    227.417    34.9559    34.9582    27.8124    27.8142    1496.62    1496.63         19 0.0000e+00
      58652  62.880020   1928.000   1908.357     3.5496     3.5499   3.295016   3.295245     1.6941     2.1173    0.00007    0.00040    88.4052     0.0534     0.0228    224.860    227.404    34.9558    34.9582    27.8123    27.8141    1496.61    1496.61         20 0.0000e+00
      58673  62.880032   1927.000   1907.370     3.5503     3.5512   3.295045   3.295312     1.6942     2.1169    0.00009    0.00037    88.4052     0.0547     0.0254    224.862    227.311    34.9559    34.9581    27.8123    27.8139    1496.59    1496.60         23 0.0000e+00
      58699  62.880043   1926.000   1906.384     3.5505     3.5495   3.295019   3.295111     1.6941     2.1169    0.00013    0.00006    88.3994     0.0530     0.0232    224.803    227.288    34.9559    34.9580    27.8122    27.8140    1496.58    1496.58         31 0.0000e+00
      58731  62.880058   1925.000   1905.408     3.5490     3.5479   3.294859   3.294929     1.6939     2.1169    0.00013   -0.00025    88.3973     0.0531     0.0194    224.755    227.278    34.9560    34.9581    27.8124    27.8142    1496.56    1496.55         30 0.0000e+00
      58758  62.880074   1924.000   1904.421     3.5539     3.5517   3.295252   3.295261     1.6945     2.1170   -0.00008   -0.00005    88.3855     0.0531     0.0195    224.794    227.239    34.9560    34.9585    27.8120    27.8141    1496.56    1496.55         24 0.0000e+00
      58780  62.880081   1923.000   1903.435     3.5560     3.5559   3.295377   3.295579     1.6947     2.1170   -0.00016    0.00008    88.3975     0.0444     0.0208    224.795    227.181    34.9558    34.9582    27.8115    27.8135    1496.55    1496.55         21 0.0000e+00
      58801  62.880093   1922.000   1902.448     3.5587     3.5586   3.295576   3.295768     1.6947     2.1169   -0.00005    0.00018    88.4041     0.0521     0.0196    224.750    227.119    34.9558    34.9582    27.8113    27.8132    1496.55    1496.55         21 0.0000e+00
      58821  62.880104   1921.000   1901.464     3.5591     3.5592   3.295563   3.295784     1.6947     2.1169    0.00051   -0.00008    88.3960     0.0493     0.0191    224.718    227.081    34.9557    34.9581    27.8112    27.8131    1496.53    1496.53         20 0.0000e+00
      58841  62.880112   1920.000   1900.475     3.5598     3.5613   3.295594   3.295934     1.6947     2.1169    0.00029   -0.00009    88.3916     0.0478     0.0198    224.681    227.034    34.9558    34.9582    27.8112    27.8130    1496.52    1496.53         19 0.0000e+00
      58861  62.880123   1919.000   1899.489     3.5621     3.5633   3.295784   3.296091     1.6947     2.1163   -0.00001    0.00005    88.4029     0.0545     0.0248    224.641    226.918    34.9561    34.9584    27.8112    27.8129    1496.51    1496.52         21 0.0000e+00
      58883  62.880131   1918.000   1898.502     3.5647     3.5661   3.295960   3.296290     1.6947     2.1163   -0.00013   -0.00005    88.4042     0.0460     0.0259    224.597    226.871    34.9559    34.9584    27.8108    27.8126    1496.50    1496.51         24 0.0000e+00
      58909  62.880146   1917.000   1897.521     3.5666     3.5630   3.296074   3.295946     1.6947     2.1164    0.00012   -0.00026    88.4041     0.0467     0.0203    224.556    226.863    34.9557    34.9580    27.8104    27.8126    1496.50    1496.48         27 0.0000e+00
      58934  62.880157   1916.000   1896.544     3.5695     3.5643   3.296329   3.296091     1.6947     2.1164    0.00013   -0.00024    88.4052     0.0534     0.0234    224.507    226.829    34.9561    34.9588    27.8105    27.8131    1496.49    1496.47         22 0.0000e+00
      58953  62.880165   1915.000   1895.552     3.5745     3.5746   3.296754   3.297019     1.6947     2.1170    0.00001   -0.00006    88.4052     0.0471     0.0229    224.448    226.813    34.9564    34.9595    27.8102    27.8126    1496.50    1496.50         18 0.0000e+00
      58971  62.880173   1914.000   1894.567     3.5799     3.5814   3.297207   3.297553     1.6948     2.1173    0.00003    0.00002    88.4052     0.0471     0.0208    224.399    226.792    34.9565    34.9590    27.8098    27.8116    1496.50    1496.51         17 0.0000e+00
      58988  62.880184   1913.000   1893.571     3.5823     3.5825   3.297382   3.297585     1.6946     2.1175    0.00003    0.00036    88.4052     0.0543     0.0215    224.316    226.779    34.9565    34.9587    27.8095    27.8113    1496.50    1496.50         18 0.0000e+00
      59009  62.880192   1912.000   1892.586     3.5827     3.5826   3.297375   3.297554     1.6944     2.1172   -0.00002    0.00044    88.3970     0.0535     0.0253    224.247    226.707    34.9566    34.9588    27.8095    27.8113    1496.48    1496.48         25 0.0000e+00
