data/CTD/ladcp/fr29001_ladcp.cnv
* Sea-Bird SBE 9 Data File:
* FileName = C:\SEASOFT\PIRATA-FR29\data\fr29001.hex
* Software Version Seasave V 7.26.7.107
* Temperature SN = 6083
* Conductivity SN = 4509
* Number of Bytes Per Scan = 42
* Number of Voltage Words = 3
* Number of Scans Averaged by the Deck Unit = 1
* NMEA Latitude = 12 29.57 N
* NMEA Longitude = 023 20.56 W
* NMEA UTC (Time) = Mar 02 2019 15:20:02
** Cruise: PIRATA-FR29
** Ship: THALASSA
** Station: 001
** Bottom Depth: 4894
** Barometric pressure : 1013.5
** Temp Air: 23.8
** Operator: JG
** Comments:
# nquan = 8
# nvalues = 8894                        
# units = specified
# name 0 = prDM: Pressure, Digiquartz [db]
# name 1 = t090C: Temperature [ITS-90, deg C]
# name 2 = sal00: Salinity, Practical [PSU]
# name 3 = latitude: Latitude [deg]
# name 4 = longitude: Longitude [deg]
# name 5 = timeY: Time, System [seconds]
# name 6 = timeJ: Julian Days
# name 7 = flag: flag
# span 0 =      2.056,   4074.616       
# span 1 =     2.3596,    24.0119       
# span 2 =    34.8163,    36.0299       
# span 3 =   12.49192,   12.50554       
# span 4 =  -23.34876,  -23.34262       
# span 5 = 1551540003, 1551548896       
# span 6 =  61.638929,  61.741856       
# span 7 = 0.0000e+00, 0.0000e+00       
# interval = seconds: 1                 
# start_time = Mar 02 2019 15:20:03 [System UTC, first data scan.]
# bad_flag = -9.990e-29
*END*
[from data line 2697]
   2679.455     2.9322    34.9437   12.49642  -23.34756 1551542700  61.670143 0.0000e+00
   2680.881     2.9312    34.9436   12.49642  -23.34756 1551542701  61.670155 0.0000e+00
   2682.539     2.9299    34.9436   12.49642  -23.34756 1551542702  61.670166 0.0000e+00
   2684.098     2.9286    34.9435   12.49643  -23.34756 1551542703  61.670177 0.0000e+00
   2685.289     2.9275    34.9433   12.49644  -23.34756 1551542704  61.670189 0.0000e+00
   2686.139     2.9270    34.9433   12.49644  -23.34756 1551542705  61.670204 0.0000e+00
   2686.915     2.9268    34.9433   12.49644  -23.34756 1551542706  61.670212 0.0000e+00
   2687.877     2.9265    34.9432   12.49644  -23.34756 1551542707  61.670227 0.0000e+00
   2688.984     2.9250    34.9433   12.49644  -23.34756 1551542708  61.670238 0.0000e+00
   2689.983     2.9245    34.9432   12.49644  -23.34756 1551542709  61.670250 0.0000e+00
   2690.683     2.9245    34.9432   12.49645  -23.34756 1551542710  61.670261 0.0000e+00
   2691.142     2.9245    34.9431   12.49646  -23.34756 1551542711  61.670273 0.0000e+00
   2691.764     2.9238    34.9432   12.49646  -23.34756 1551542712  61.670284 0.0000e+00
   2692.810     2.9219    34.9430   12.49646  -23.34756 1551542713  61.670296 0.0000e+00
   2694.266     2.9216    34.9430   12.49646  -23.34756 1551542714  61.670307 0.0000e+00
   2695.927     2.9215    34.9430   12.49646  -23.34757 1551542715  61.670319 0.0000e+00
   2697.382     2.9210    34.9430   12.49646  -23.34758 1551542716  61.670330 0.0000e+00
   2698.436     2.9203    34.9431   12.49646  -23.34758 1551542717  61.670341 0.0000e+00
   2699.215     2.9197    34.9430   12.49647  -23.34758 1551542718  61.670353 0.0000e+00
   2700.045     2.9190    34.9429   12.49648  -23.34758 1551542719  61.670364 0.0000e+00
   2701.171     2.9178    34.9428   12.49648  -23.34758 1551542720  61.670376 0.0000e+00
   2702.464     2.9168    34.9429   12.49648  -23.34758 1551542721  61.670387 0.0000e+00
   2703.650     2.9160    34.9427   12.49648  -23.34758 1551542722  61.670399 0.0000e+00
   2704.581     2.9147    34.9426   12.49648  -23.34758 1551542723  61.670410 0.0000e+00
   2705.337     2.9143    34.9428   12.49648  -23.34758 1551542724  61.670422 0.0000e+00
   2706.194     2.9142    34.9429   12.49648  -23.34758 1551542725  61.670433 0.0000e+00
   2707.254     2.9140    34.9428   12.49649  -23.34758 1551542726  61.670444 0.0000e+00
   2708.406     2.9137    34.9428   12.49650  -23.34758 1551542727  61.670456 0.0000e+00
   2709.402     2.9133    34.9428   12.49650  -23.34758 1551542728  61.670467 0.0000e+00
   2710.160     2.9133    34.9427   12.49650  -23.34758 1551542729  61.670479 0.0000e+00
   2710.940     2.9131    34.9427   12.49650  -23.34758 1551542730  61.670490 0.0000e+00
   2712.039     2.9129    34.9426   12.49650  -23.34758 1551542731  61.670502 0.0000e+00
   2713.429     2.9124    34.9426   12.49650  -23.34758 1551542732  61.670513 0.0000e+00
   2714.891     2.9120    34.9426   12.49651  -23.34758 1551542733  61.670525 0.0000e+00
   2716.183     2.9115    34.9426   12.49652  -23.34758 1551542734  61.670540 0.0000e+00
   2717.309     2.9106    34.9426   12.49652  -23.34758 1551542735  61.670547 0.0000e+00
   2718.331     2.9103    34.9426   12.49652  -23.34758 1551542736  61.670563 0.0000e+00
   2719.251     2.9095    34.9426   12.49652  -23.34758 1551542737  61.670574 0.0000e+00
   2720.078     2.9082    34.9425   12.49652  -23.34758 1551542738  61.670586 0.0000e+00
   2720.876     2.9070    34.9424   12.49652  -23.34758 1551542739  61.670597 0.0000e+00
   2721.799     2.9063    34.9424   12.49652  -23.34758 1551542740  61.670609 0.0000e+00
   2722.963     2.9059    34.9424   12.49653  -23.34758 1551542741  61.670620 0.0000e+00
   2724.261     2.9058    34.9423   12.49654  -23.34758 1551542742  61.670631 0.0000e+00
   2725.416     2.9053    34.9423   12.49654  -23.34758 1551542743  61.670643 0.0000e+00
   2726.250     2.9050    34.9424   12.49654  -23.34758 1551542744  61.670654 0.0000e+00
   2726.953     2.9049    34.9422   12.49654  -23.34759 1551542745  61.670666 0.0000e+00
   2727.837     2.9046    34.9424   12.49655  -23.34760 1551542746  61.670677 0.0000e+00
   2728.945     2.9037    34.9423   12.49656  -23.34760 1551542747  61.670689 0.0000e+00
   2730.133     2.9013    34.9422   12.49656  -23.34760 1551542748  61.670700 0.0000e+00
   2731.252     2.9002    34.9421   12.49656  -23.34760 1551542749  61.670712 0.0000e+00
   2732.377     2.9001    34.9421   12.49656  -23.34760 1551542750  61.670723 0.0000e+00
   2733.651     2.8999    34.9421   12.49656  -23.34760 1551542751  61.670734 0.0000e+00
   2735.028     2.8991    34.9420   12.49656  -23.34760 1551542752  61.670746 0.0000e+00
   2736.229     2.8954    34.9419   12.49656  -23.34760 1551542753  61.670757 0.0000e+00
   2737.032     2.8939    34.9418   12.49656  -23.34760 1551542754  61.670769 0.0000e+00
   2737.631     2.8933    34.9416   12.49656  -23.34760 1551542755  61.670780 0.0000e+00
   2738.436     2.8927    34.9416   12.49657  -23.34760 1551542756  61.670792 0.0000e+00
   2739.547     2.8922    34.9415   12.49658  -23.34760 1551542757  61.670803 0.0000e+00
   2740.848     2.8912    34.9415   12.49658  -23.34760 1551542758  61.670815 0.0000e+00
   2742.134     2.8892    34.9414   12.49658  -23.34760 1551542759  61.670826 0.0000e+00
   2743.206     2.8869    34.9414   12.49658  -23.34760 1551542760  61.670837 0.0000e+00
   2744.034     2.8861    34.9413   12.49659  -23.34760 1551542761  61.670849 0.0000e+00
   2744.785     2.8862    34.9412   12.49660  -23.34760 1551542762  61.670860 0.0000e+00
   2745.751     2.8861    34.9411   12.49660  -23.34760 1551542763  61.670876 0.0000e+00
   2747.036     2.8839    34.9411   12.49660  -23.34760 1551542764  61.670883 0.0000e+00
   2748.474     2.8807    34.9410   12.49660  -23.34760 1551542765  61.670898 0.0000e+00
   2749.732     2.8790    34.9409   12.49660  -23.34760 1551542766  61.670910 0.0000e+00
   2750.495     2.8780    34.9408   12.49660  -23.34760 1551542767  61.670921 0.0000e+00
   2750.775     2.8796    34.9407   12.49660  -23.34760 1551542768  61.670933 0.0000e+00
   2751.145     2.8781    34.9407   12.49660  -23.34760 1551542769  61.670944 0.0000e+00
   2752.142     2.8764    34.9407   12.49660  -23.34760 1551542770  61.670956 0.0000e+00
   2753.719     2.8767    34.9407   12.49660  -23.34760 1551542771  61.670967 0.0000e+00
   2755.595     2.8770    34.9405   12.49660  -23.34760 1551542772  61.670979 0.0000e+00
   2757.257     2.8766    34.9406   12.49661  -23.34760 1551542773  61.670990 0.0000e+00
   2758.304     2.8762    34.9406   12.49662  -23.34760 1551542774  61.671001 0.0000e+00
   2758.876     2.8765    34.9405   12.49662  -23.34760 1551542775  61.671013 0.0000e+00
   2759.342     2.8763    34.9405   12.49662  -23.34760 1551542776  61.671024 0.0000e+00
   2760.194     2.8759    34.9406   12.49663  -23.34760 1551542777  61.671036 0.0000e+00
   2761.442     2.8737    34.9404   12.49664  -23.34760 1551542778  61.671047 0.0000e+00
   2762.875     2.8736    34.9404   12.49664  -23.34760 1551542779  61.671059 0.0000e+00
   2764.239     2.8735    34.9405   12.49664  -23.34760 1551542780  61.671070 0.0000e+00
   2765.279     2.8734    34.9404   12.49664  -23.34760 1551542781  61.671082 0.0000e+00
   2765.786     2.8735    34.9403   12.49664  -23.34760 1551542782  61.671093 0.0000e+00
   2766.041     2.8738    34.9402   12.49664  -23.34760 1551542783  61.671104 0.0000e+00
   2766.711     2.8735    34.9403   12.49664  -23.34760 1551542784  61.671116 0.0000e+00
   2768.029     2.8726    34.9403   12.49664  -23.34761 1551542785  61.671127 0.0000e+00
   2769.793     2.8701    34.9402   12.49664  -23.34762 1551542786  61.671139 0.0000e+00
   2771.573     2.8687    34.9401   12.49664  -23.34761 1551542787  61.671150 0.0000e+00
   2772.829     2.8676    34.9402   12.49665  -23.34760 1551542788  61.671162 0.0000e+00
   2773.563     2.8675    34.9400   12.49666  -23.34760 1551542789  61.671173 0.0000e+00
   2773.933     2.8686    34.9400   12.49666  -23.34760 1551542790  61.671185 0.0000e+00
   2774.463     2.8672    34.9399   12.49666  -23.34760 1551542791  61.671196 0.0000e+00
   2775.478     2.8667    34.9400   12.49666  -23.34760 1551542792  61.671211 0.0000e+00
   2776.862     2.8662    34.9400   12.49666  -23.34760 1551542793  61.671219 0.0000e+00
   2778.429     2.8659    34.9400   12.49666  -23.34760 1551542794  61.671234 0.0000e+00
   2780.000     2.8654    34.9400   12.49667  -23.34761 1551542795  61.671246 0.0000e+00
   2781.328     2.8634    34.9399   12.49668  -23.34762 1551542796  61.671257 0.0000e+00
   2782.263     2.8622    34.9398   12.49668  -23.34762 1551542797  61.671268 0.0000e+00
   2782.810     2.8617    34.9397   12.49668  -23.34762 1551542798  61.671280 0.0000e+00
   2783.206     2.8610    34.9396   12.49668  -23.34762 1551542799  61.671291 0.0000e+00
   2783.787     2.8599    34.9396   12.49668  -23.34762 1551542800  61.671303 0.0000e+00
   2784.651     2.8593    34.9396   12.49668  -23.34761 1551542801  61.671314 0.0000e+00
   2785.831     2.8586    34.9395   12.49668  -23.34760 1551542802  61.671326 0.0000e+00
   2787.222     2.8572    34.9395   12.49668  -23.34760 1551542803  61.671337 0.0000e+00
   2788.648     2.8566    34.9394   12.49668  -23.34760 1551542804  61.671349 0.0000e+00
   2789.888     2.8552    34.9394   12.49669  -23.34760 1551542805  61.671360 0.0000e+00
   2790.910     2.8541    34.9393   12.49670  -23.34760 1551542806  61.671371 0.0000e+00
   2791.897     2.8541    34.9394   12.49670  -23.34760 1551542807  61.671383 0.0000e+00
   2793.004     2.8544    34.9393   12.49670  -23.34760 1551542808  61.671394 0.0000e+00
   2794.158     2.8544    34.9392   12.49670  -23.34760 1551542809  61.671406 0.0000e+00
   2795.181     2.8543    34.9393   12.49671  -23.34760 1551542810  61.671417 0.0000e+00
   2796.046     2.8536    34.9393   12.49672  -23.34760 1551542811  61.671429 0.0000e+00
   2796.972     2.8534    34.9392   12.49672  -23.34760 1551542812  61.671440 0.0000e+00
   2798.163     2.8528    34.9392   12.49672  -23.34760 1551542813  61.671452 0.0000e+00
   2799.549     2.8518    34.9391   12.49672  -23.34760 1551542814  61.671463 0.0000e+00
   2800.875     2.8507    34.9391   12.49672  -23.34760 1551542815  61.671474 0.0000e+00
   2801.864     2.8499    34.9392   12.49672  -23.34760 1551542816  61.671486 0.0000e+00
   2802.453     2.8498    34.9390   12.49672  -23.34760 1551542817  61.671497 0.0000e+00
   2802.853     2.8498    34.9390   12.49672  -23.34760 1551542818  61.671509 0.0000e+00
   2803.453     2.8497    34.9390   12.49672  -23.34760 1551542819  61.671520 0.0000e+00
   2804.408     2.8495    34.9389   12.49672  -23.34760 1551542820  61.671532 0.0000e+00
   2805.672     2.8491    34.9390   12.49672  -23.34760 1551542821  61.671547 0.0000e+00
   2807.118     2.8484    34.9389   12.49672  -23.34760 1551542822  61.671555 0.0000e+00
   2808.539     2.8475    34.9389   12.49673  -23.34760 1551542823  61.671570 0.0000e+00
   2809.741     2.8462    34.9388   12.49674  -23.34760 1551542824  61.671581 0.0000e+00
   2810.708     2.8453    34.9389   12.49674  -23.34760 1551542825  61.671593 0.0000e+00
   2811.562     2.8448    34.9388   12.49674  -23.34760 1551542826  61.671604 0.0000e+00
   2812.503     2.8434    34.9389   12.49674  -23.34760 1551542827  61.671616 0.0000e+00
   2813.685     2.8419    34.9386   12.49674  -23.34760 1551542828  61.671627 0.0000e+00
   2815.081     2.8403    34.9385   12.49675  -23.34760 1551542829  61.671638 0.0000e+00
   2816.534     2.8386    34.9386   12.49676  -23.34760 1551542830  61.671650 0.0000e+00
   2817.724     2.8367    34.9384   12.49676  -23.34760 1551542831  61.671661 0.0000e+00
   2818.414     2.8361    34.9383   12.49676  -23.34760 1551542832  61.671673 0.0000e+00
   2818.761     2.8364    34.9382   12.49676  -23.34760 1551542833  61.671684 0.0000e+00
   2819.335     2.8359    34.9382   12.49676  -23.34760 1551542834  61.671696 0.0000e+00
   2820.427     2.8359    34.9382   12.49676  -23.34760 1551542835  61.671707 0.0000e+00
   2821.877     2.8354    34.9382   12.49676  -23.34760 1551542836  61.671719 0.0000e+00
   2823.400     2.8345    34.9380   12.49676  -23.34760 1551542837  61.671730 0.0000e+00
   2824.664     2.8334    34.9381   12.49676  -23.34760 1551542838  61.671741 0.0000e+00
   2825.457     2.8328    34.9381   12.49677  -23.34760 1551542839  61.671753 0.0000e+00
   2825.737     2.8343    34.9378   12.49678  -23.34759 1551542840  61.671764 0.0000e+00
   2826.014     2.8339    34.9380   12.49678  -23.34758 1551542841  61.671776 0.0000e+00
   2826.906     2.8320    34.9380   12.49677  -23.34758 1551542842  61.671787 0.0000e+00
   2828.433     2.8305    34.9379   12.49676  -23.34758 1551542843  61.671799 0.0000e+00
   2830.281     2.8277    34.9377   12.49677  -23.34758 1551542844  61.671810 0.0000e+00
   2832.080     2.8264    34.9377   12.49678  -23.34758 1551542845  61.671822 0.0000e+00
   2833.288     2.8246    34.9376   12.49678  -23.34758 1551542846  61.671833 0.0000e+00
   2834.027     2.8243    34.9375   12.49679  -23.34758 1551542847  61.671844 0.0000e+00
   2834.475     2.8243    34.9373   12.49680  -23.34758 1551542848  61.671856 0.0000e+00
   2835.236     2.8230    34.9375   12.49680  -23.34759 1551542849  61.671867 0.0000e+00
   2836.578     2.8221    34.9374   12.49680  -23.34760 1551542850  61.671883 0.0000e+00
   2838.119     2.8206    34.9374   12.49680  -23.34760 1551542851  61.671890 0.0000e+00
   2839.285     2.8199    34.9373   12.49680  -23.34760 1551542852  61.671906 0.0000e+00
   2839.956     2.8197    34.9372   12.49680  -23.34760 1551542853  61.671917 0.0000e+00
   2840.514     2.8191    34.9372   12.49680  -23.34760 1551542854  61.671928 0.0000e+00
   2841.310     2.8167    34.9371   12.49680  -23.34759 1551542855  61.671940 0.0000e+00
   2842.353     2.8158    34.9370   12.49680  -23.34758 1551542856  61.671951 0.0000e+00
   2843.508     2.8156    34.9371   12.49680  -23.34758 1551542857  61.671963 0.0000e+00
   2844.724     2.8149    34.9369   12.49680  -23.34758 1551542858  61.671974 0.0000e+00
   2846.007     2.8130    34.9369   12.49680  -23.34758 1551542859  61.671986 0.0000e+00
   2847.281     2.8119    34.9368   12.49680  -23.34758 1551542860  61.671997 0.0000e+00
   2848.478     2.8100    34.9367   12.49681  -23.34758 1551542861  61.672009 0.0000e+00
   2849.611     2.8085    34.9366   12.49682  -23.34758 1551542862  61.672020 0.0000e+00
   2850.845     2.8059    34.9365   12.49682  -23.34758 1551542863  61.672031 0.0000e+00
   2852.204     2.8047    34.9364   12.49682  -23.34759 1551542864  61.672043 0.0000e+00
   2853.493     2.8037    34.9363   12.49682  -23.34760 1551542865  61.672054 0.0000e+00
   2854.480     2.8026    34.9362   12.49682  -23.34760 1551542866  61.672066 0.0000e+00
   2855.011     2.8025    34.9362   12.49683  -23.34760 1551542867  61.672077 0.0000e+00
   2855.176     2.8049    34.9360   12.49684  -23.34759 1551542868  61.672089 0.0000e+00
   2855.378     2.8033    34.9360   12.49683  -23.34758 1551542869  61.672100 0.0000e+00
   2856.031     2.8016    34.9360   12.49682  -23.34758 1551542870  61.672112 0.0000e+00
   2857.230     2.8005    34.9360   12.49682  -23.34758 1551542871  61.672123 0.0000e+00
   2858.900     2.8000    34.9358   12.49682  -23.34758 1551542872  61.672134 0.0000e+00
   2860.697     2.7999    34.9357   12.49682  -23.34758 1551542873  61.672146 0.0000e+00
   2862.209     2.7994    34.9358   12.49682  -23.34758 1551542874  61.672157 0.0000e+00
   2863.449     2.7988    34.9357   12.49683  -23.34758 1551542875  61.672169 0.0000e+00
   2864.584     2.7982    34.9358   12.49684  -23.34758 1551542876  61.672180 0.0000e+00
   2865.569     2.7981    34.9356   12.49684  -23.34758 1551542877  61.672192 0.0000e+00
   2866.408     2.7980    34.9356   12.49684  -23.34758 1551542878  61.672203 0.0000e+00
