data/CTD/ladcp/fr29002_ladcp.cnv
* Sea-Bird SBE 9 Data File:
* FileName = C:\SEASOFT\PIRATA-FR29\data\fr29002.hex
* Software Version Seasave V 7.26.7.107
* Temperature SN = 6083
* Conductivity SN = 4509
* Number of Bytes Per Scan = 42
* Number of Voltage Words = 3
* Number of Scans Averaged by the Deck Unit = 1
* NMEA Latitude = 08 59.92 N
* NMEA Longitude = 020 07.05 W
* NMEA UTC (Time) = Mar 03 2019 20:26:29
** Cruise: PIRATA-FR29
** Ship: THALASSA
** Station: 002
** Bottom Depth: 3603
** Barometric pressure : 1012.2
** Temp Air: 24.1
** Operator: MG/PR
** Comments:
# nquan = 8
# nvalues = 6180                        
# units = specified
# name 0 = prDM: Pressure, Digiquartz [db]
# name 1 = t090C: Temperature [ITS-90, deg C]
# name 2 = sal00: Salinity, Practical [PSU]
# name 3 = latitude: Latitude [deg]
# name 4 = longitude: Longitude [deg]
# name 5 = timeY: Time, System [seconds]
# name 6 = timeJ: Julian Days
# name 7 = flag: flag
# span 0 =      1.981,   2026.708       
# span 1 =     3.4581,    24.6047       
# span 2 =    34.7017,    35.8568       
# span 3 =    8.99768,    8.99966       
# span 4 =  -20.11996,  -20.11758       
# span 5 = 1551644790, 1551650969       
# span 6 =  62.851742,  62.923257       
# span 7 = 0.0000e+00, 0.0000e+00       
# interval = seconds: 1                 
# start_time = Mar 03 2019 20:26:30 [System UTC, first data scan.]
# bad_flag = -9.990e-29
*END*
      4.524    24.6012    35.6477    8.99864  -20.11758 1551644790  62.851742 0.0000e+00
      4.504    24.6005    35.6477    8.99864  -20.11758 1551644791  62.851753 0.0000e+00
      4.607    24.6008    35.6477    8.99864  -20.11758 1551644792  62.851765 0.0000e+00
      4.739    24.6014    35.6477    8.99864  -20.11758 1551644793  62.851776 0.0000e+00
      4.718    24.6011    35.6477    8.99864  -20.11758 1551644794  62.851788 0.0000e+00
      4.552    24.6004    35.6478    8.99864  -20.11758 1551644795  62.851799 0.0000e+00
      4.497    24.6004    35.6478    8.99864  -20.11758 1551644796  62.851810 0.0000e+00
      4.576    24.6000    35.6477    8.99864  -20.11758 1551644797  62.851822 0.0000e+00
      4.601    24.5997    35.6479    8.99864  -20.11758 1551644798  62.851833 0.0000e+00
      4.555    24.5995    35.6479    8.99864  -20.11758 1551644799  62.851845 0.0000e+00
      4.509    24.5991    35.6479    8.99864  -20.11758 1551644800  62.851856 0.0000e+00
      4.443    24.5988    35.6479    8.99864  -20.11758 1551644801  62.851868 0.0000e+00
      4.438    24.5987    35.6479    8.99862  -20.11758 1551644802  62.851879 0.0000e+00
      4.634    24.6002    35.6480    8.99862  -20.11758 1551644803  62.851891 0.0000e+00
      4.695    24.6000    35.6479    8.99862  -20.11758 1551644804  62.851902 0.0000e+00
      4.535    24.5994    35.6479    8.99862  -20.11758 1551644805  62.851913 0.0000e+00
      4.326    24.5983    35.6480    8.99864  -20.11758 1551644806  62.851929 0.0000e+00
      4.234    24.5987    35.6480    8.99864  -20.11758 1551644807  62.851936 0.0000e+00
      4.284    24.5979    35.6482    8.99864  -20.11758 1551644808  62.851952 0.0000e+00
      4.341    24.5993    35.6481    8.99864  -20.11760 1551644809  62.851963 0.0000e+00
      4.494    24.6003    35.6480    8.99864  -20.11760 1551644810  62.851974 0.0000e+00
      4.753    24.6008    35.6480    8.99862  -20.11760 1551644811  62.851986 0.0000e+00
      4.878    24.6002    35.6479    8.99862  -20.11758 1551644812  62.851997 0.0000e+00
      4.827    24.5998    35.6480    8.99862  -20.11758 1551644813  62.852009 0.0000e+00
      4.726    24.5991    35.6480    8.99862  -20.11758 1551644814  62.852020 0.0000e+00
      4.460    24.5985    35.6480    8.99862  -20.11758 1551644815  62.852032 0.0000e+00
      4.165    24.5985    35.6481    8.99862  -20.11758 1551644816  62.852043 0.0000e+00
      4.258    24.5997    35.6481    8.99862  -20.11758 1551644817  62.852055 0.0000e+00
      4.476    24.5997    35.6481    8.99862  -20.11758 1551644818  62.852066 0.0000e+00
      4.570    24.5996    35.6482    8.99862  -20.11758 1551644819  62.852077 0.0000e+00
      4.516    24.5997    35.6482    8.99862  -20.11758 1551644820  62.852089 0.0000e+00
      4.457    24.6002    35.6480    8.99862  -20.11760 1551644821  62.852100 0.0000e+00
      4.409    24.6006    35.6480    8.99862  -20.11760 1551644822  62.852112 0.0000e+00
      4.422    24.6004    35.6481    8.99862  -20.11760 1551644823  62.852123 0.0000e+00
      4.554    24.6000    35.6483    8.99862  -20.11760 1551644824  62.852135 0.0000e+00
      4.556    24.6002    35.6484    8.99862  -20.11760 1551644825  62.852146 0.0000e+00
      4.514    24.6009    35.6485    8.99862  -20.11760 1551644826  62.852158 0.0000e+00
      4.658    24.6006    35.6484    8.99862  -20.11760 1551644827  62.852169 0.0000e+00
      4.895    24.6007    35.6485    8.99862  -20.11760 1551644828  62.852180 0.0000e+00
      4.988    24.6006    35.6484    8.99862  -20.11760 1551644829  62.852192 0.0000e+00
      4.676    24.6001    35.6483    8.99862  -20.11760 1551644830  62.852203 0.0000e+00
      4.226    24.5994    35.6483    8.99862  -20.11760 1551644831  62.852215 0.0000e+00
      4.116    24.5994    35.6484    8.99862  -20.11760 1551644832  62.852226 0.0000e+00
      4.386    24.6001    35.6486    8.99862  -20.11760 1551644833  62.852238 0.0000e+00
      4.623    24.6007    35.6485    8.99862  -20.11760 1551644834  62.852249 0.0000e+00
      4.569    24.6010    35.6485    8.99862  -20.11760 1551644835  62.852264 0.0000e+00
      4.295    24.6006    35.6485    8.99862  -20.11760 1551644836  62.852272 0.0000e+00
      4.113    24.6005    35.6486    8.99862  -20.11760 1551644837  62.852287 0.0000e+00
      4.406    24.6013    35.6487    8.99862  -20.11760 1551644838  62.852299 0.0000e+00
      4.820    24.6010    35.6487    8.99862  -20.11760 1551644839  62.852310 0.0000e+00
      4.736    24.6008    35.6485    8.99862  -20.11760 1551644840  62.852322 0.0000e+00
      4.382    24.5998    35.6486    8.99862  -20.11760 1551644841  62.852333 0.0000e+00
      4.338    24.5999    35.6487    8.99862  -20.11762 1551644842  62.852345 0.0000e+00
      4.872    24.6001    35.6488    8.99862  -20.11762 1551644843  62.852356 0.0000e+00
      5.164    24.6005    35.6488    8.99862  -20.11760 1551644844  62.852367 0.0000e+00
      4.917    24.6009    35.6487    8.99862  -20.11760 1551644845  62.852379 0.0000e+00
      4.565    24.6005    35.6485    8.99862  -20.11760 1551644846  62.852390 0.0000e+00
      4.359    24.6006    35.6486    8.99862  -20.11760 1551644847  62.852402 0.0000e+00
      4.397    24.6006    35.6488    8.99862  -20.11762 1551644848  62.852413 0.0000e+00
      4.491    24.6007    35.6487    8.99862  -20.11762 1551644849  62.852425 0.0000e+00
      4.312    24.6014    35.6488    8.99862  -20.11762 1551644850  62.852436 0.0000e+00
      4.106    24.6019    35.6488    8.99860  -20.11762 1551644851  62.852448 0.0000e+00
      4.198    24.6022    35.6488    8.99860  -20.11762 1551644852  62.852459 0.0000e+00
      4.591    24.6024    35.6488    8.99860  -20.11762 1551644853  62.852470 0.0000e+00
      4.812    24.6024    35.6488    8.99860  -20.11762 1551644854  62.852482 0.0000e+00
      4.622    24.6023    35.6488    8.99862  -20.11762 1551644855  62.852493 0.0000e+00
      4.363    24.6015    35.6487    8.99862  -20.11762 1551644856  62.852505 0.0000e+00
      4.422    24.6016    35.6488    8.99860  -20.11762 1551644857  62.852516 0.0000e+00
      4.763    24.6019    35.6489    8.99860  -20.11762 1551644858  62.852528 0.0000e+00
      4.984    24.6019    35.6488    8.99860  -20.11762 1551644859  62.852539 0.0000e+00
      4.911    24.6020    35.6487    8.99860  -20.11762 1551644860  62.852551 0.0000e+00
      4.617    24.6018    35.6487    8.99860  -20.11762 1551644861  62.852562 0.0000e+00
      4.358    24.6021    35.6488    8.99860  -20.11762 1551644862  62.852573 0.0000e+00
      4.230    24.6029    35.6489    8.99860  -20.11762 1551644863  62.852585 0.0000e+00
      4.246    24.6031    35.6489    8.99860  -20.11762 1551644864  62.852600 0.0000e+00
      4.367    24.6031    35.6488    8.99860  -20.11764 1551644865  62.852608 0.0000e+00
      4.431    24.6028    35.6488    8.99860  -20.11764 1551644866  62.852623 0.0000e+00
      4.444    24.6027    35.6489    8.99860  -20.11764 1551644867  62.852634 0.0000e+00
      4.448    24.6028    35.6489    8.99860  -20.11764 1551644868  62.852646 0.0000e+00
      4.597    24.6028    35.6488    8.99860  -20.11764 1551644869  62.852657 0.0000e+00
      4.784    24.6029    35.6489    8.99860  -20.11764 1551644870  62.852669 0.0000e+00
      4.758    24.6027    35.6488    8.99860  -20.11764 1551644871  62.852680 0.0000e+00
      4.572    24.6026    35.6488    8.99862  -20.11764 1551644872  62.852692 0.0000e+00
      4.453    24.6027    35.6489    8.99862  -20.11764 1551644873  62.852703 0.0000e+00
      4.569    24.6028    35.6489    8.99862  -20.11764 1551644874  62.852715 0.0000e+00
      4.693    24.6029    35.6488    8.99860  -20.11764 1551644875  62.852726 0.0000e+00
      4.662    24.6032    35.6488    8.99860  -20.11764 1551644876  62.852737 0.0000e+00
      4.532    24.6036    35.6488    8.99860  -20.11764 1551644877  62.852749 0.0000e+00
      4.551    24.6031    35.6488    8.99860  -20.11764 1551644878  62.852760 0.0000e+00
      4.466    24.6036    35.6488    8.99860  -20.11764 1551644879  62.852772 0.0000e+00
      4.166    24.6038    35.6488    8.99860  -20.11764 1551644880  62.852783 0.0000e+00
      4.022    24.6031    35.6489    8.99860  -20.11764 1551644881  62.852795 0.0000e+00
      4.224    24.6033    35.6489    8.99862  -20.11766 1551644882  62.852806 0.0000e+00
      4.595    24.6033    35.6489    8.99862  -20.11766 1551644883  62.852818 0.0000e+00
      4.854    24.6030    35.6489    8.99862  -20.11766 1551644884  62.852829 0.0000e+00
      4.771    24.6030    35.6489    8.99862  -20.11766 1551644885  62.852840 0.0000e+00
      4.549    24.6031    35.6489    8.99862  -20.11766 1551644886  62.852852 0.0000e+00
      4.453    24.6029    35.6488    8.99860  -20.11766 1551644887  62.852863 0.0000e+00
      4.587    24.6028    35.6488    8.99860  -20.11766 1551644888  62.852875 0.0000e+00
      4.797    24.6033    35.6489    8.99860  -20.11766 1551644889  62.852886 0.0000e+00
      4.799    24.6037    35.6489    8.99860  -20.11766 1551644890  62.852898 0.0000e+00
      4.515    24.6035    35.6487    8.99860  -20.11766 1551644891  62.852909 0.0000e+00
      4.188    24.6029    35.6488    8.99860  -20.11766 1551644892  62.852921 0.0000e+00
      4.111    24.6034    35.6490    8.99862  -20.11766 1551644893  62.852936 0.0000e+00
      4.215    24.6043    35.6489    8.99862  -20.11766 1551644894  62.852943 0.0000e+00
      4.333    24.6042    35.6490    8.99862  -20.11766 1551644895  62.852959 0.0000e+00
      4.446    24.6039    35.6489    8.99862  -20.11766 1551644896  62.852970 0.0000e+00
      4.499    24.6040    35.6489    8.99862  -20.11766 1551644897  62.852982 0.0000e+00
      4.601    24.6045    35.6489    8.99862  -20.11766 1551644898  62.852993 0.0000e+00
      4.797    24.6037    35.6490    8.99862  -20.11766 1551644899  62.853004 0.0000e+00
      4.920    24.6033    35.6490    8.99862  -20.11766 1551644900  62.853016 0.0000e+00
      4.741    24.6040    35.6488    8.99862  -20.11766 1551644901  62.853027 0.0000e+00
      4.452    24.6036    35.6489    8.99862  -20.11766 1551644902  62.853039 0.0000e+00
      4.394    24.6039    35.6490    8.99862  -20.11766 1551644903  62.853050 0.0000e+00
      4.555    24.6039    35.6489    8.99862  -20.11768 1551644904  62.853062 0.0000e+00
      4.581    24.6039    35.6489    8.99862  -20.11768 1551644905  62.853073 0.0000e+00
      4.503    24.6031    35.6489    8.99862  -20.11768 1551644906  62.853085 0.0000e+00
      4.380    24.6039    35.6489    8.99862  -20.11768 1551644907  62.853096 0.0000e+00
      4.206    24.6044    35.6487    8.99862  -20.11768 1551644908  62.853107 0.0000e+00
      4.170    24.6043    35.6489    8.99862  -20.11768 1551644909  62.853119 0.0000e+00
      4.368    24.6045    35.6490    8.99862  -20.11768 1551644910  62.853130 0.0000e+00
      4.567    24.6045    35.6490    8.99862  -20.11768 1551644911  62.853142 0.0000e+00
      4.618    24.6046    35.6490    8.99862  -20.11768 1551644912  62.853153 0.0000e+00
      4.636    24.6045    35.6490    8.99862  -20.11768 1551644913  62.853165 0.0000e+00
      4.720    24.6046    35.6490    8.99862  -20.11768 1551644914  62.853176 0.0000e+00
      4.816    24.6045    35.6489    8.99862  -20.11768 1551644915  62.853188 0.0000e+00
      4.761    24.6045    35.6489    8.99862  -20.11768 1551644916  62.853199 0.0000e+00
      4.581    24.6045    35.6489    8.99862  -20.11768 1551644917  62.853210 0.0000e+00
      4.436    24.6046    35.6489    8.99862  -20.11768 1551644918  62.853222 0.0000e+00
      4.386    24.6043    35.6490    8.99862  -20.11770 1551644919  62.853233 0.0000e+00
      4.459    24.6047    35.6489    8.99862  -20.11770 1551644920  62.853245 0.0000e+00
      4.481    24.6046    35.6489    8.99862  -20.11770 1551644921  62.853256 0.0000e+00
      4.346    24.6042    35.6489    8.99862  -20.11770 1551644922  62.853271 0.0000e+00
      4.316    24.6038    35.6490    8.99862  -20.11770 1551644923  62.853279 0.0000e+00
      4.516    24.6040    35.6490    8.99862  -20.11770 1551644924  62.853294 0.0000e+00
      4.601    24.6040    35.6489    8.99862  -20.11770 1551644925  62.853306 0.0000e+00
      4.436    24.6040    35.6490    8.99862  -20.11770 1551644926  62.853317 0.0000e+00
      4.409    24.6041    35.6490    8.99864  -20.11770 1551644927  62.853329 0.0000e+00
      4.541    24.6038    35.6489    8.99864  -20.11770 1551644928  62.853340 0.0000e+00
      4.747    24.6047    35.6489    8.99864  -20.11770 1551644929  62.853352 0.0000e+00
      5.061    24.6011    35.6491    8.99862  -20.11770 1551644930  62.853363 0.0000e+00
      5.279    24.5995    35.6491    8.99862  -20.11770 1551644931  62.853374 0.0000e+00
      5.243    24.6015    35.6488    8.99862  -20.11770 1551644932  62.853386 0.0000e+00
      5.282    24.6030    35.6489    8.99862  -20.11770 1551644933  62.853397 0.0000e+00
      5.634    24.6020    35.6490    8.99862  -20.11770 1551644934  62.853409 0.0000e+00
      6.189    24.6014    35.6490    8.99864  -20.11770 1551644935  62.853420 0.0000e+00
      6.727    24.6018    35.6490    8.99864  -20.11772 1551644936  62.853432 0.0000e+00
      7.153    24.6021    35.6490    8.99864  -20.11772 1551644937  62.853443 0.0000e+00
      7.601    24.6023    35.6490    8.99864  -20.11772 1551644938  62.853455 0.0000e+00
      8.151    24.6032    35.6488    8.99864  -20.11772 1551644939  62.853466 0.0000e+00
      8.673    24.6030    35.6489    8.99864  -20.11772 1551644940  62.853477 0.0000e+00
      9.200    24.6012    35.6488    8.99864  -20.11772 1551644941  62.853489 0.0000e+00
      9.801    24.6004    35.6489    8.99864  -20.11772 1551644942  62.853500 0.0000e+00
     10.537    24.6013    35.6490    8.99864  -20.11772 1551644943  62.853512 0.0000e+00
     11.295    24.6011    35.6488    8.99864  -20.11772 1551644944  62.853523 0.0000e+00
     11.882    24.6005    35.6488    8.99864  -20.11772 1551644945  62.853535 0.0000e+00
     12.236    24.6011    35.6487    8.99864  -20.11772 1551644946  62.853546 0.0000e+00
     12.483    24.6008    35.6487    8.99864  -20.11772 1551644947  62.853558 0.0000e+00
     12.760    24.6010    35.6488    8.99864  -20.11772 1551644948  62.853569 0.0000e+00
     13.170    24.5992    35.6489    8.99864  -20.11772 1551644949  62.853580 0.0000e+00
     13.722    24.6012    35.6489    8.99864  -20.11772 1551644950  62.853592 0.0000e+00
     14.357    24.6028    35.6491    8.99864  -20.11772 1551644951  62.853607 0.0000e+00
     15.026    24.6033    35.6494    8.99864  -20.11774 1551644952  62.853615 0.0000e+00
     15.653    24.6040    35.6493    8.99864  -20.11774 1551644953  62.853630 0.0000e+00
     16.118    24.6040    35.6495    8.99864  -20.11774 1551644954  62.853642 0.0000e+00
     16.481    24.6043    35.6496    8.99866  -20.11774 1551644955  62.853653 0.0000e+00
     16.878    24.6046    35.6498    8.99866  -20.11774 1551644956  62.853664 0.0000e+00
     17.394    24.6042    35.6499    8.99866  -20.11774 1551644957  62.853676 0.0000e+00
     18.044    24.6041    35.6495    8.99866  -20.11774 1551644958  62.853687 0.0000e+00
     18.733    24.6020    35.6498    8.99866  -20.11774 1551644959  62.853699 0.0000e+00
     19.372    24.5991    35.6500    8.99864  -20.11774 1551644960  62.853710 0.0000e+00
     19.892    24.6001    35.6497    8.99864  -20.11774 1551644961  62.853722 0.0000e+00
     20.263    24.5953    35.6505    8.99864  -20.11774 1551644962  62.853733 0.0000e+00
     20.541    24.6005    35.6499    8.99864  -20.11774 1551644963  62.853745 0.0000e+00
     20.838    24.6016    35.6497    8.99864  -20.11774 1551644964  62.853756 0.0000e+00
     21.294    24.5946    35.6505    8.99866  -20.11774 1551644965  62.853767 0.0000e+00
     21.875    24.5653    35.6538    8.99866  -20.11774 1551644966  62.853779 0.0000e+00
     22.519    24.5259    35.6567    8.99866  -20.11774 1551644967  62.853790 0.0000e+00
     23.219    24.3927    35.6706    8.99866  -20.11776 1551644968  62.853802 0.0000e+00
