data/CTD/ladcp/fr29002_ladcp.cnv
* Sea-Bird SBE 9 Data File:
* FileName = C:\SEASOFT\PIRATA-FR29\data\fr29002.hex
* Software Version Seasave V 7.26.7.107
* Temperature SN = 6083
* Conductivity SN = 4509
* Number of Bytes Per Scan = 42
* Number of Voltage Words = 3
* Number of Scans Averaged by the Deck Unit = 1
* NMEA Latitude = 08 59.92 N
* NMEA Longitude = 020 07.05 W
* NMEA UTC (Time) = Mar 03 2019 20:26:29
** Cruise: PIRATA-FR29
** Ship: THALASSA
** Station: 002
** Bottom Depth: 3603
** Barometric pressure : 1012.2
** Temp Air: 24.1
** Operator: MG/PR
** Comments:
# nquan = 8
# nvalues = 6180                        
# units = specified
# name 0 = prDM: Pressure, Digiquartz [db]
# name 1 = t090C: Temperature [ITS-90, deg C]
# name 2 = sal00: Salinity, Practical [PSU]
# name 3 = latitude: Latitude [deg]
# name 4 = longitude: Longitude [deg]
# name 5 = timeY: Time, System [seconds]
# name 6 = timeJ: Julian Days
# name 7 = flag: flag
# span 0 =      1.981,   2026.708       
# span 1 =     3.4581,    24.6047       
# span 2 =    34.7017,    35.8568       
# span 3 =    8.99768,    8.99966       
# span 4 =  -20.11996,  -20.11758       
# span 5 = 1551644790, 1551650969       
# span 6 =  62.851742,  62.923257       
# span 7 = 0.0000e+00, 0.0000e+00       
# interval = seconds: 1                 
# start_time = Mar 03 2019 20:26:30 [System UTC, first data scan.]
# bad_flag = -9.990e-29
*END*
[from data line 1259]
   1072.017     5.1630    34.7749    8.99920  -20.11816 1551646049  62.866314 0.0000e+00
   1073.027     5.1616    34.7756    8.99920  -20.11816 1551646050  62.866325 0.0000e+00
   1074.293     5.1596    34.7763    8.99920  -20.11816 1551646051  62.866337 0.0000e+00
   1075.622     5.1572    34.7770    8.99920  -20.11816 1551646052  62.866348 0.0000e+00
   1076.650     5.1556    34.7774    8.99920  -20.11816 1551646053  62.866360 0.0000e+00
   1077.396     5.1549    34.7776    8.99920  -20.11816 1551646054  62.866371 0.0000e+00
   1078.224     5.1542    34.7779    8.99920  -20.11816 1551646055  62.866383 0.0000e+00
   1079.243     5.1523    34.7786    8.99920  -20.11816 1551646056  62.866394 0.0000e+00
   1080.347     5.1519    34.7788    8.99922  -20.11816 1551646057  62.866405 0.0000e+00
   1081.451     5.1541    34.7806    8.99922  -20.11816 1551646058  62.866417 0.0000e+00
   1082.508     5.1603    34.7838    8.99922  -20.11816 1551646059  62.866428 0.0000e+00
   1083.627     5.1635    34.7850    8.99922  -20.11816 1551646060  62.866440 0.0000e+00
   1084.838     5.1601    34.7861    8.99922  -20.11816 1551646061  62.866451 0.0000e+00
   1086.098     5.1548    34.7874    8.99922  -20.11816 1551646062  62.866463 0.0000e+00
   1087.275     5.1507    34.7886    8.99922  -20.11816 1551646063  62.866474 0.0000e+00
   1088.252     5.1502    34.7892    8.99922  -20.11816 1551646064  62.866486 0.0000e+00
   1089.061     5.1494    34.7898    8.99924  -20.11816 1551646065  62.866497 0.0000e+00
   1089.863     5.1461    34.7920    8.99924  -20.11816 1551646066  62.866508 0.0000e+00
   1090.768     5.1420    34.7944    8.99924  -20.11816 1551646067  62.866524 0.0000e+00
   1091.781     5.1372    34.7964    8.99924  -20.11816 1551646068  62.866531 0.0000e+00
   1092.842     5.1353    34.7971    8.99924  -20.11816 1551646069  62.866547 0.0000e+00
   1093.917     5.1324    34.7977    8.99924  -20.11816 1551646070  62.866558 0.0000e+00
   1094.995     5.1226    34.7992    8.99924  -20.11816 1551646071  62.866570 0.0000e+00
   1096.043     5.1149    34.7998    8.99924  -20.11816 1551646072  62.866581 0.0000e+00
   1097.045     5.1060    34.8008    8.99924  -20.11816 1551646073  62.866592 0.0000e+00
   1098.077     5.1028    34.8013    8.99924  -20.11816 1551646074  62.866604 0.0000e+00
   1099.250     5.1009    34.8016    8.99924  -20.11816 1551646075  62.866615 0.0000e+00
   1100.563     5.0957    34.8029    8.99926  -20.11816 1551646076  62.866627 0.0000e+00
   1101.789     5.0902    34.8037    8.99926  -20.11816 1551646077  62.866638 0.0000e+00
   1102.698     5.0890    34.8037    8.99926  -20.11816 1551646078  62.866650 0.0000e+00
   1103.435     5.0867    34.8039    8.99926  -20.11816 1551646079  62.866661 0.0000e+00
   1104.241     5.0852    34.8041    8.99926  -20.11816 1551646080  62.866673 0.0000e+00
   1105.173     5.0845    34.8042    8.99928  -20.11816 1551646081  62.866684 0.0000e+00
   1106.210     5.0823    34.8044    8.99928  -20.11816 1551646082  62.866695 0.0000e+00
   1107.340     5.0819    34.8046    8.99928  -20.11816 1551646083  62.866707 0.0000e+00
   1108.526     5.0811    34.8048    8.99928  -20.11816 1551646084  62.866718 0.0000e+00
   1109.730     5.0789    34.8051    8.99928  -20.11816 1551646085  62.866730 0.0000e+00
   1110.843     5.0769    34.8053    8.99928  -20.11816 1551646086  62.866741 0.0000e+00
   1111.790     5.0765    34.8054    8.99928  -20.11816 1551646087  62.866753 0.0000e+00
   1112.689     5.0757    34.8057    8.99928  -20.11816 1551646088  62.866764 0.0000e+00
   1113.727     5.0751    34.8061    8.99928  -20.11816 1551646089  62.866776 0.0000e+00
   1114.913     5.0744    34.8063    8.99928  -20.11816 1551646090  62.866787 0.0000e+00
   1116.098     5.0742    34.8067    8.99928  -20.11816 1551646091  62.866798 0.0000e+00
   1117.025     5.0729    34.8075    8.99930  -20.11816 1551646092  62.866810 0.0000e+00
   1117.759     5.0708    34.8078    8.99930  -20.11816 1551646093  62.866821 0.0000e+00
   1118.598     5.0709    34.8091    8.99930  -20.11816 1551646094  62.866833 0.0000e+00
   1119.601     5.0648    34.8107    8.99930  -20.11816 1551646095  62.866844 0.0000e+00
   1120.705     5.0581    34.8112    8.99930  -20.11816 1551646096  62.866859 0.0000e+00
   1121.893     5.0556    34.8115    8.99930  -20.11816 1551646097  62.866867 0.0000e+00
   1123.151     5.0545    34.8116    8.99930  -20.11816 1551646098  62.866882 0.0000e+00
   1124.427     5.0485    34.8123    8.99932  -20.11816 1551646099  62.866894 0.0000e+00
   1125.538     5.0458    34.8124    8.99932  -20.11816 1551646100  62.866905 0.0000e+00
   1126.410     5.0454    34.8126    8.99932  -20.11816 1551646101  62.866917 0.0000e+00
   1127.276     5.0447    34.8127    8.99932  -20.11816 1551646102  62.866928 0.0000e+00
   1128.289     5.0440    34.8128    8.99932  -20.11816 1551646103  62.866940 0.0000e+00
   1129.287     5.0421    34.8131    8.99932  -20.11816 1551646104  62.866951 0.0000e+00
   1130.153     5.0408    34.8131    8.99932  -20.11816 1551646105  62.866962 0.0000e+00
   1130.967     5.0396    34.8133    8.99932  -20.11816 1551646106  62.866974 0.0000e+00
   1131.970     5.0368    34.8138    8.99932  -20.11816 1551646107  62.866985 0.0000e+00
   1133.229     5.0350    34.8142    8.99934  -20.11816 1551646108  62.866997 0.0000e+00
   1134.590     5.0336    34.8144    8.99934  -20.11816 1551646109  62.867008 0.0000e+00
   1135.794     5.0321    34.8146    8.99934  -20.11816 1551646110  62.867020 0.0000e+00
   1136.795     5.0314    34.8146    8.99934  -20.11816 1551646111  62.867031 0.0000e+00
   1137.755     5.0307    34.8148    8.99934  -20.11816 1551646112  62.867043 0.0000e+00
   1138.662     5.0301    34.8148    8.99934  -20.11816 1551646113  62.867054 0.0000e+00
   1139.482     5.0291    34.8150    8.99934  -20.11816 1551646114  62.867065 0.0000e+00
   1140.303     5.0270    34.8154    8.99934  -20.11816 1551646115  62.867077 0.0000e+00
   1141.251     5.0249    34.8158    8.99934  -20.11816 1551646116  62.867088 0.0000e+00
   1142.323     5.0218    34.8166    8.99934  -20.11816 1551646117  62.867100 0.0000e+00
   1143.449     5.0197    34.8171    8.99934  -20.11816 1551646118  62.867111 0.0000e+00
   1144.561     5.0125    34.8189    8.99934  -20.11816 1551646119  62.867123 0.0000e+00
   1145.685     5.0008    34.8219    8.99936  -20.11816 1551646120  62.867134 0.0000e+00
   1146.881     4.9989    34.8223    8.99936  -20.11816 1551646121  62.867146 0.0000e+00
   1148.090     4.9988    34.8222    8.99936  -20.11816 1551646122  62.867157 0.0000e+00
   1149.142     4.9986    34.8223    8.99936  -20.11816 1551646123  62.867168 0.0000e+00
   1149.958     4.9985    34.8221    8.99936  -20.11816 1551646124  62.867180 0.0000e+00
   1150.716     4.9984    34.8221    8.99938  -20.11816 1551646125  62.867195 0.0000e+00
   1151.624     4.9986    34.8221    8.99938  -20.11816 1551646126  62.867203 0.0000e+00
   1152.684     4.9986    34.8222    8.99938  -20.11816 1551646127  62.867218 0.0000e+00
   1153.751     4.9988    34.8221    8.99938  -20.11816 1551646128  62.867229 0.0000e+00
   1154.762     4.9989    34.8221    8.99938  -20.11816 1551646129  62.867241 0.0000e+00
   1155.811     4.9990    34.8221    8.99938  -20.11816 1551646130  62.867252 0.0000e+00
   1156.932     4.9991    34.8221    8.99938  -20.11816 1551646131  62.867264 0.0000e+00
   1158.039     4.9990    34.8221    8.99938  -20.11816 1551646132  62.867275 0.0000e+00
   1158.994     4.9978    34.8223    8.99938  -20.11816 1551646133  62.867287 0.0000e+00
   1159.785     4.9830    34.8259    8.99938  -20.11816 1551646134  62.867298 0.0000e+00
   1160.650     4.9747    34.8288    8.99938  -20.11816 1551646135  62.867310 0.0000e+00
   1161.811     4.9690    34.8302    8.99938  -20.11816 1551646136  62.867321 0.0000e+00
   1163.200     4.9517    34.8342    8.99940  -20.11816 1551646137  62.867332 0.0000e+00
   1164.492     4.9489    34.8349    8.99940  -20.11816 1551646138  62.867344 0.0000e+00
   1165.446     4.9490    34.8347    8.99940  -20.11816 1551646139  62.867355 0.0000e+00
   1166.219     4.9486    34.8347    8.99940  -20.11816 1551646140  62.867367 0.0000e+00
   1167.106     4.9481    34.8347    8.99940  -20.11816 1551646141  62.867378 0.0000e+00
   1168.225     4.9480    34.8348    8.99940  -20.11816 1551646142  62.867390 0.0000e+00
   1169.499     4.9469    34.8348    8.99940  -20.11816 1551646143  62.867401 0.0000e+00
   1170.701     4.9448    34.8350    8.99940  -20.11816 1551646144  62.867413 0.0000e+00
   1171.645     4.9449    34.8349    8.99940  -20.11816 1551646145  62.867424 0.0000e+00
   1172.489     4.9431    34.8350    8.99940  -20.11816 1551646146  62.867435 0.0000e+00
   1173.402     4.9408    34.8355    8.99940  -20.11816 1551646147  62.867447 0.0000e+00
   1174.364     4.9399    34.8354    8.99942  -20.11816 1551646148  62.867458 0.0000e+00
   1175.288     4.9390    34.8355    8.99942  -20.11816 1551646149  62.867470 0.0000e+00
   1176.157     4.9382    34.8356    8.99942  -20.11816 1551646150  62.867481 0.0000e+00
   1177.097     4.9381    34.8356    8.99942  -20.11816 1551646151  62.867493 0.0000e+00
   1178.234     4.9367    34.8359    8.99942  -20.11816 1551646152  62.867504 0.0000e+00
   1179.556     4.9366    34.8359    8.99942  -20.11816 1551646153  62.867516 0.0000e+00
   1180.803     4.9362    34.8358    8.99942  -20.11816 1551646154  62.867527 0.0000e+00
   1181.832     4.9356    34.8360    8.99942  -20.11816 1551646155  62.867538 0.0000e+00
   1182.835     4.9328    34.8369    8.99944  -20.11816 1551646156  62.867554 0.0000e+00
   1183.949     4.9271    34.8381    8.99944  -20.11816 1551646157  62.867561 0.0000e+00
   1185.073     4.9237    34.8386    8.99944  -20.11816 1551646158  62.867577 0.0000e+00
   1186.079     4.9218    34.8388    8.99944  -20.11816 1551646159  62.867588 0.0000e+00
   1186.891     4.9206    34.8389    8.99944  -20.11816 1551646160  62.867599 0.0000e+00
   1187.686     4.9191    34.8392    8.99944  -20.11816 1551646161  62.867611 0.0000e+00
   1188.712     4.9176    34.8394    8.99944  -20.11816 1551646162  62.867622 0.0000e+00
   1189.959     4.9158    34.8400    8.99944  -20.11816 1551646163  62.867634 0.0000e+00
   1191.261     4.9135    34.8404    8.99944  -20.11816 1551646164  62.867645 0.0000e+00
   1192.349     4.9088    34.8415    8.99944  -20.11816 1551646165  62.867657 0.0000e+00
   1193.059     4.9079    34.8415    8.99944  -20.11816 1551646166  62.867668 0.0000e+00
   1193.601     4.9076    34.8416    8.99944  -20.11816 1551646167  62.867680 0.0000e+00
   1194.371     4.9073    34.8419    8.99946  -20.11816 1551646168  62.867691 0.0000e+00
   1195.476     4.9064    34.8420    8.99946  -20.11816 1551646169  62.867702 0.0000e+00
   1196.872     4.9033    34.8431    8.99946  -20.11816 1551646170  62.867714 0.0000e+00
   1198.439     4.8983    34.8443    8.99946  -20.11816 1551646171  62.867725 0.0000e+00
   1199.837     4.8968    34.8452    8.99946  -20.11816 1551646172  62.867737 0.0000e+00
   1200.718     4.8963    34.8461    8.99946  -20.11816 1551646173  62.867748 0.0000e+00
   1201.099     4.8978    34.8450    8.99946  -20.11816 1551646174  62.867760 0.0000e+00
   1201.512     4.8987    34.8460    8.99946  -20.11816 1551646175  62.867771 0.0000e+00
   1202.414     4.8984    34.8488    8.99946  -20.11816 1551646176  62.867783 0.0000e+00
   1203.678     4.8936    34.8500    8.99946  -20.11816 1551646177  62.867794 0.0000e+00
   1205.081     4.8867    34.8519    8.99946  -20.11816 1551646178  62.867805 0.0000e+00
   1206.480     4.8838    34.8527    8.99946  -20.11816 1551646179  62.867817 0.0000e+00
   1207.793     4.8818    34.8529    8.99946  -20.11816 1551646180  62.867828 0.0000e+00
   1209.003     4.8803    34.8531    8.99946  -20.11816 1551646181  62.867840 0.0000e+00
   1210.074     4.8737    34.8546    8.99946  -20.11816 1551646182  62.867851 0.0000e+00
   1210.971     4.8669    34.8560    8.99946  -20.11816 1551646183  62.867863 0.0000e+00
   1211.755     4.8628    34.8570    8.99948  -20.11816 1551646184  62.867874 0.0000e+00
   1212.526     4.8607    34.8575    8.99948  -20.11816 1551646185  62.867889 0.0000e+00
   1213.314     4.8585    34.8581    8.99948  -20.11816 1551646186  62.867897 0.0000e+00
   1214.200     4.8559    34.8588    8.99948  -20.11816 1551646187  62.867912 0.0000e+00
   1215.138     4.8549    34.8590    8.99948  -20.11816 1551646188  62.867924 0.0000e+00
   1216.046     4.8538    34.8591    8.99948  -20.11816 1551646189  62.867935 0.0000e+00
   1216.992     4.8537    34.8593    8.99948  -20.11816 1551646190  62.867947 0.0000e+00
   1218.106     4.8541    34.8594    8.99946  -20.11816 1551646191  62.867958 0.0000e+00
   1219.399     4.8520    34.8602    8.99946  -20.11816 1551646192  62.867970 0.0000e+00
   1220.714     4.8487    34.8616    8.99946  -20.11814 1551646193  62.867981 0.0000e+00
   1221.947     4.8462    34.8621    8.99946  -20.11814 1551646194  62.867992 0.0000e+00
   1223.090     4.8430    34.8624    8.99948  -20.11814 1551646195  62.868004 0.0000e+00
   1224.213     4.8415    34.8625    8.99948  -20.11816 1551646196  62.868015 0.0000e+00
   1225.379     4.8410    34.8625    8.99948  -20.11816 1551646197  62.868027 0.0000e+00
   1226.534     4.8360    34.8633    8.99948  -20.11816 1551646198  62.868038 0.0000e+00
   1227.544     4.8318    34.8637    8.99948  -20.11816 1551646199  62.868050 0.0000e+00
   1228.286     4.8308    34.8638    8.99950  -20.11816 1551646200  62.868061 0.0000e+00
   1228.856     4.8302    34.8638    8.99950  -20.11816 1551646201  62.868073 0.0000e+00
   1229.636     4.8301    34.8638    8.99950  -20.11816 1551646202  62.868084 0.0000e+00
   1230.667     4.8294    34.8642    8.99950  -20.11816 1551646203  62.868095 0.0000e+00
   1231.750     4.8243    34.8671    8.99948  -20.11816 1551646204  62.868107 0.0000e+00
   1232.764     4.8213    34.8676    8.99948  -20.11816 1551646205  62.868118 0.0000e+00
   1233.777     4.8192    34.8677    8.99948  -20.11814 1551646206  62.868130 0.0000e+00
   1234.935     4.8152    34.8682    8.99948  -20.11814 1551646207  62.868141 0.0000e+00
   1236.181     4.8116    34.8688    8.99948  -20.11814 1551646208  62.868153 0.0000e+00
   1237.334     4.8038    34.8697    8.99948  -20.11814 1551646209  62.868164 0.0000e+00
   1238.303     4.7975    34.8704    8.99950  -20.11814 1551646210  62.868176 0.0000e+00
   1239.212     4.7919    34.8704    8.99950  -20.11814 1551646211  62.868187 0.0000e+00
   1240.209     4.7878    34.8706    8.99950  -20.11814 1551646212  62.868198 0.0000e+00
   1241.310     4.7871    34.8707    8.99950  -20.11814 1551646213  62.868210 0.0000e+00
   1242.499     4.7866    34.8707    8.99950  -20.11814 1551646214  62.868225 0.0000e+00
   1243.720     4.7817    34.8712    8.99950  -20.11814 1551646215  62.868233 0.0000e+00
   1244.917     4.7785    34.8713    8.99950  -20.11814 1551646216  62.868248 0.0000e+00
   1246.011     4.7753    34.8712    8.99950  -20.11814 1551646217  62.868259 0.0000e+00
   1246.999     4.7690    34.8715    8.99950  -20.11814 1551646218  62.868271 0.0000e+00
   1247.914     4.7649    34.8719    8.99950  -20.11814 1551646219  62.868282 0.0000e+00
   1248.723     4.7626    34.8721    8.99950  -20.11814 1551646220  62.868294 0.0000e+00
   1249.445     4.7626    34.8720    8.99950  -20.11814 1551646221  62.868305 0.0000e+00
   1250.218     4.7626    34.8719    8.99950  -20.11814 1551646222  62.868317 0.0000e+00
   1251.123     4.7620    34.8720    8.99950  -20.11814 1551646223  62.868328 0.0000e+00
   1252.205     4.7597    34.8722    8.99950  -20.11814 1551646224  62.868340 0.0000e+00
   1253.398     4.7583    34.8728    8.99950  -20.11814 1551646225  62.868351 0.0000e+00
   1254.552     4.7572    34.8728    8.99950  -20.11814 1551646226  62.868362 0.0000e+00
   1255.615     4.7551    34.8729    8.99950  -20.11814 1551646227  62.868374 0.0000e+00
