data/CTD/ladcp/fr29002_ladcp.cnv
* Sea-Bird SBE 9 Data File:
* FileName = C:\SEASOFT\PIRATA-FR29\data\fr29002.hex
* Software Version Seasave V 7.26.7.107
* Temperature SN = 6083
* Conductivity SN = 4509
* Number of Bytes Per Scan = 42
* Number of Voltage Words = 3
* Number of Scans Averaged by the Deck Unit = 1
* NMEA Latitude = 08 59.92 N
* NMEA Longitude = 020 07.05 W
* NMEA UTC (Time) = Mar 03 2019 20:26:29
** Cruise: PIRATA-FR29
** Ship: THALASSA
** Station: 002
** Bottom Depth: 3603
** Barometric pressure : 1012.2
** Temp Air: 24.1
** Operator: MG/PR
** Comments:
# nquan = 8
# nvalues = 6180                        
# units = specified
# name 0 = prDM: Pressure, Digiquartz [db]
# name 1 = t090C: Temperature [ITS-90, deg C]
# name 2 = sal00: Salinity, Practical [PSU]
# name 3 = latitude: Latitude [deg]
# name 4 = longitude: Longitude [deg]
# name 5 = timeY: Time, System [seconds]
# name 6 = timeJ: Julian Days
# name 7 = flag: flag
# span 0 =      1.981,   2026.708       
# span 1 =     3.4581,    24.6047       
# span 2 =    34.7017,    35.8568       
# span 3 =    8.99768,    8.99966       
# span 4 =  -20.11996,  -20.11758       
# span 5 = 1551644790, 1551650969       
# span 6 =  62.851742,  62.923257       
# span 7 = 0.0000e+00, 0.0000e+00       
# interval = seconds: 1                 
# start_time = Mar 03 2019 20:26:30 [System UTC, first data scan.]
# bad_flag = -9.990e-29
*END*
[from data line 4675]
    417.962    10.3628    35.1368    8.99812  -20.11880 1551649465  62.905849 0.0000e+00
    417.003    10.3640    35.1377    8.99812  -20.11880 1551649466  62.905861 0.0000e+00
    416.033    10.3683    35.1388    8.99812  -20.11880 1551649467  62.905872 0.0000e+00
    414.971    10.3794    35.1401    8.99812  -20.11880 1551649468  62.905884 0.0000e+00
    413.823    10.3932    35.1424    8.99810  -20.11880 1551649469  62.905895 0.0000e+00
    412.692    10.3970    35.1430    8.99810  -20.11880 1551649470  62.905907 0.0000e+00
    411.645    10.4000    35.1438    8.99810  -20.11880 1551649471  62.905922 0.0000e+00
    410.778    10.3982    35.1439    8.99810  -20.11880 1551649472  62.905930 0.0000e+00
    410.136    10.3898    35.1434    8.99810  -20.11880 1551649473  62.905945 0.0000e+00
    409.501    10.3896    35.1436    8.99810  -20.11880 1551649474  62.905956 0.0000e+00
    408.794    10.4047    35.1462    8.99810  -20.11880 1551649475  62.905968 0.0000e+00
    408.148    10.4184    35.1474    8.99810  -20.11882 1551649476  62.905979 0.0000e+00
    407.748    10.4055    35.1452    8.99810  -20.11882 1551649477  62.905991 0.0000e+00
    407.408    10.4251    35.1494    8.99810  -20.11882 1551649478  62.906002 0.0000e+00
    406.938    10.4496    35.1525    8.99810  -20.11882 1551649479  62.906013 0.0000e+00
    406.363    10.4896    35.1580    8.99810  -20.11882 1551649480  62.906025 0.0000e+00
    405.767    10.4916    35.1590    8.99810  -20.11882 1551649481  62.906036 0.0000e+00
    405.408    10.5042    35.1614    8.99810  -20.11882 1551649482  62.906048 0.0000e+00
    405.285    10.5127    35.1645    8.99808  -20.11882 1551649483  62.906059 0.0000e+00
    405.116    10.5449    35.1664    8.99808  -20.11882 1551649484  62.906071 0.0000e+00
    404.796    10.5612    35.1720    8.99808  -20.11882 1551649485  62.906082 0.0000e+00
    404.621    10.6025    35.1740    8.99808  -20.11882 1551649486  62.906094 0.0000e+00
    404.861    10.6007    35.1736    8.99808  -20.11882 1551649487  62.906105 0.0000e+00
    405.310    10.5939    35.1729    8.99806  -20.11882 1551649488  62.906116 0.0000e+00
    405.505    10.5863    35.1729    8.99806  -20.11882 1551649489  62.906128 0.0000e+00
    405.466    10.5898    35.1736    8.99806  -20.11882 1551649490  62.906139 0.0000e+00
    405.444    10.6017    35.1746    8.99806  -20.11882 1551649491  62.906151 0.0000e+00
    405.492    10.5922    35.1719    8.99806  -20.11884 1551649492  62.906162 0.0000e+00
    405.531    10.5827    35.1730    8.99806  -20.11884 1551649493  62.906174 0.0000e+00
    405.542    10.5823    35.1731    8.99806  -20.11884 1551649494  62.906185 0.0000e+00
    405.464    10.5850    35.1732    8.99806  -20.11884 1551649495  62.906197 0.0000e+00
    405.280    10.5944    35.1752    8.99806  -20.11884 1551649496  62.906208 0.0000e+00
    405.045    10.6024    35.1754    8.99806  -20.11884 1551649497  62.906219 0.0000e+00
    404.825    10.6070    35.1770    8.99806  -20.11884 1551649498  62.906231 0.0000e+00
    404.694    10.6217    35.1781    8.99806  -20.11884 1551649499  62.906242 0.0000e+00
    404.573    10.6254    35.1784    8.99806  -20.11884 1551649500  62.906258 0.0000e+00
    404.576    10.6276    35.1784    8.99804  -20.11884 1551649501  62.906265 0.0000e+00
    404.758    10.6166    35.1776    8.99804  -20.11884 1551649502  62.906281 0.0000e+00
    405.059    10.6116    35.1767    8.99804  -20.11884 1551649503  62.906292 0.0000e+00
    405.306    10.6014    35.1760    8.99804  -20.11884 1551649504  62.906303 0.0000e+00
    405.364    10.6042    35.1765    8.99804  -20.11884 1551649505  62.906315 0.0000e+00
    405.287    10.6016    35.1762    8.99804  -20.11884 1551649506  62.906326 0.0000e+00
    405.155    10.6121    35.1779    8.99804  -20.11886 1551649507  62.906338 0.0000e+00
    404.935    10.6197    35.1784    8.99804  -20.11886 1551649508  62.906349 0.0000e+00
    404.598    10.6291    35.1794    8.99804  -20.11886 1551649509  62.906361 0.0000e+00
    404.196    10.6450    35.1813    8.99804  -20.11886 1551649510  62.906372 0.0000e+00
    403.820    10.6564    35.1833    8.99804  -20.11886 1551649511  62.906384 0.0000e+00
    403.469    10.6669    35.1840    8.99804  -20.11886 1551649512  62.906395 0.0000e+00
    403.157    10.6771    35.1865    8.99804  -20.11886 1551649513  62.906406 0.0000e+00
    402.963    10.6913    35.1862    8.99802  -20.11886 1551649514  62.906418 0.0000e+00
    403.058    10.6796    35.1857    8.99802  -20.11886 1551649515  62.906429 0.0000e+00
    403.137    10.6683    35.1845    8.99802  -20.11886 1551649516  62.906441 0.0000e+00
    403.015    10.6801    35.1878    8.99802  -20.11886 1551649517  62.906452 0.0000e+00
    402.832    10.6977    35.1880    8.99802  -20.11886 1551649518  62.906464 0.0000e+00
    402.863    10.6969    35.1880    8.99802  -20.11886 1551649519  62.906475 0.0000e+00
    403.149    10.6956    35.1879    8.99802  -20.11888 1551649520  62.906487 0.0000e+00
    403.466    10.6914    35.1875    8.99802  -20.11888 1551649521  62.906498 0.0000e+00
    403.581    10.6914    35.1875    8.99802  -20.11888 1551649522  62.906509 0.0000e+00
    403.483    10.6941    35.1880    8.99802  -20.11888 1551649523  62.906521 0.0000e+00
    403.317    10.6942    35.1878    8.99802  -20.11888 1551649524  62.906532 0.0000e+00
    403.260    10.6932    35.1885    8.99800  -20.11888 1551649525  62.906544 0.0000e+00
    403.328    10.6953    35.1885    8.99800  -20.11890 1551649526  62.906555 0.0000e+00
    403.342    10.6971    35.1883    8.99800  -20.11890 1551649527  62.906567 0.0000e+00
    403.179    10.6978    35.1887    8.99800  -20.11890 1551649528  62.906578 0.0000e+00
    402.886    10.6953    35.1881    8.99800  -20.11890 1551649529  62.906590 0.0000e+00
    402.609    10.6979    35.1895    8.99800  -20.11890 1551649530  62.906601 0.0000e+00
    402.546    10.7025    35.1887    8.99800  -20.11890 1551649531  62.906616 0.0000e+00
    402.774    10.6994    35.1889    8.99800  -20.11890 1551649532  62.906624 0.0000e+00
    403.132    10.6955    35.1885    8.99800  -20.11890 1551649533  62.906639 0.0000e+00
    403.264    10.6952    35.1885    8.99800  -20.11890 1551649534  62.906651 0.0000e+00
    403.069    10.6980    35.1889    8.99798  -20.11890 1551649535  62.906662 0.0000e+00
    402.828    10.7037    35.1895    8.99798  -20.11890 1551649536  62.906673 0.0000e+00
    402.864    10.7030    35.1892    8.99798  -20.11890 1551649537  62.906685 0.0000e+00
    403.188    10.6964    35.1886    8.99798  -20.11892 1551649538  62.906696 0.0000e+00
    403.502    10.6933    35.1884    8.99798  -20.11892 1551649539  62.906708 0.0000e+00
    403.557    10.6931    35.1888    8.99798  -20.11892 1551649540  62.906719 0.0000e+00
    403.428    10.6971    35.1889    8.99798  -20.11892 1551649541  62.906731 0.0000e+00
    403.280    10.6983    35.1890    8.99798  -20.11892 1551649542  62.906742 0.0000e+00
    403.134    10.6944    35.1886    8.99798  -20.11892 1551649543  62.906754 0.0000e+00
    402.967    10.6980    35.1892    8.99798  -20.11892 1551649544  62.906765 0.0000e+00
    402.876    10.7004    35.1896    8.99798  -20.11892 1551649545  62.906776 0.0000e+00
    402.896    10.6989    35.1888    8.99798  -20.11892 1551649546  62.906788 0.0000e+00
    402.941    10.6982    35.1892    8.99798  -20.11892 1551649547  62.906799 0.0000e+00
    402.908    10.7033    35.1896    8.99798  -20.11894 1551649548  62.906811 0.0000e+00
    402.769    10.7058    35.1900    8.99796  -20.11894 1551649549  62.906822 0.0000e+00
    402.661    10.7059    35.1900    8.99796  -20.11894 1551649550  62.906834 0.0000e+00
    402.684    10.7058    35.1901    8.99796  -20.11894 1551649551  62.906845 0.0000e+00
    402.825    10.7056    35.1901    8.99796  -20.11894 1551649552  62.906857 0.0000e+00
    403.043    10.7040    35.1899    8.99796  -20.11894 1551649553  62.906868 0.0000e+00
    403.191    10.7024    35.1899    8.99796  -20.11894 1551649554  62.906879 0.0000e+00
    403.148    10.6983    35.1890    8.99796  -20.11894 1551649555  62.906891 0.0000e+00
    402.958    10.6999    35.1892    8.99796  -20.11896 1551649556  62.906902 0.0000e+00
    402.917    10.6957    35.1892    8.99796  -20.11896 1551649557  62.906914 0.0000e+00
    403.187    10.6994    35.1896    8.99796  -20.11896 1551649558  62.906925 0.0000e+00
    403.514    10.6975    35.1892    8.99796  -20.11896 1551649559  62.906937 0.0000e+00
    403.604    10.6945    35.1882    8.99796  -20.11896 1551649560  62.906952 0.0000e+00
    403.439    10.6961    35.1890    8.99796  -20.11896 1551649561  62.906960 0.0000e+00
    403.081    10.7012    35.1895    8.99796  -20.11896 1551649562  62.906975 0.0000e+00
    402.650    10.7024    35.1895    8.99796  -20.11896 1551649563  62.906986 0.0000e+00
    402.310    10.7033    35.1898    8.99796  -20.11896 1551649564  62.906998 0.0000e+00
    402.196    10.7037    35.1901    8.99794  -20.11896 1551649565  62.907009 0.0000e+00
    402.338    10.7031    35.1900    8.99794  -20.11896 1551649566  62.907021 0.0000e+00
    402.637    10.7038    35.1900    8.99794  -20.11896 1551649567  62.907032 0.0000e+00
    402.862    10.7045    35.1901    8.99794  -20.11898 1551649568  62.907043 0.0000e+00
    402.876    10.7043    35.1902    8.99794  -20.11898 1551649569  62.907055 0.0000e+00
    402.834    10.7037    35.1900    8.99794  -20.11898 1551649570  62.907066 0.0000e+00
    402.971    10.7041    35.1901    8.99794  -20.11898 1551649571  62.907078 0.0000e+00
    403.320    10.7025    35.1901    8.99794  -20.11898 1551649572  62.907089 0.0000e+00
    403.598    10.6973    35.1894    8.99794  -20.11898 1551649573  62.907101 0.0000e+00
    403.553    10.6983    35.1894    8.99794  -20.11900 1551649574  62.907112 0.0000e+00
    403.309    10.7024    35.1898    8.99794  -20.11900 1551649575  62.907124 0.0000e+00
    403.105    10.7028    35.1898    8.99794  -20.11900 1551649576  62.907135 0.0000e+00
    402.963    10.7020    35.1899    8.99794  -20.11900 1551649577  62.907146 0.0000e+00
    402.748    10.7042    35.1901    8.99794  -20.11900 1551649578  62.907158 0.0000e+00
    402.391    10.7077    35.1903    8.99794  -20.11900 1551649579  62.907169 0.0000e+00
    401.961    10.7097    35.1906    8.99792  -20.11900 1551649580  62.907181 0.0000e+00
    401.689    10.7127    35.1914    8.99792  -20.11900 1551649581  62.907192 0.0000e+00
    401.847    10.7115    35.1911    8.99792  -20.11900 1551649582  62.907204 0.0000e+00
    402.431    10.7085    35.1904    8.99792  -20.11900 1551649583  62.907215 0.0000e+00
    403.103    10.7066    35.1903    8.99792  -20.11900 1551649584  62.907227 0.0000e+00
    403.381    10.7038    35.1899    8.99792  -20.11900 1551649585  62.907238 0.0000e+00
    403.282    10.7059    35.1900    8.99792  -20.11902 1551649586  62.907249 0.0000e+00
    403.108    10.7069    35.1902    8.99792  -20.11902 1551649587  62.907261 0.0000e+00
    403.200    10.7070    35.1902    8.99792  -20.11902 1551649588  62.907272 0.0000e+00
    403.502    10.7043    35.1901    8.99792  -20.11902 1551649589  62.907288 0.0000e+00
    403.585    10.7006    35.1889    8.99792  -20.11902 1551649590  62.907295 0.0000e+00
    403.153    10.7057    35.1902    8.99792  -20.11904 1551649591  62.907310 0.0000e+00
    402.381    10.7090    35.1905    8.99792  -20.11904 1551649592  62.907322 0.0000e+00
    401.783    10.7160    35.1911    8.99790  -20.11904 1551649593  62.907333 0.0000e+00
    401.703    10.7156    35.1910    8.99790  -20.11904 1551649594  62.907345 0.0000e+00
    402.022    10.7093    35.1907    8.99790  -20.11904 1551649595  62.907356 0.0000e+00
    402.489    10.7090    35.1907    8.99790  -20.11904 1551649596  62.907368 0.0000e+00
    402.792    10.7079    35.1905    8.99790  -20.11904 1551649597  62.907379 0.0000e+00
    402.804    10.7102    35.1905    8.99790  -20.11904 1551649598  62.907391 0.0000e+00
    402.637    10.7089    35.1905    8.99790  -20.11904 1551649599  62.907402 0.0000e+00
    402.493    10.7098    35.1907    8.99790  -20.11904 1551649600  62.907413 0.0000e+00
    402.533    10.7117    35.1905    8.99788  -20.11906 1551649601  62.907425 0.0000e+00
    402.776    10.7085    35.1904    8.99788  -20.11906 1551649602  62.907436 0.0000e+00
    403.006    10.7070    35.1904    8.99788  -20.11906 1551649603  62.907448 0.0000e+00
    402.988    10.7081    35.1905    8.99788  -20.11906 1551649604  62.907459 0.0000e+00
    402.682    10.7159    35.1911    8.99788  -20.11906 1551649605  62.907471 0.0000e+00
    402.292    10.7187    35.1914    8.99788  -20.11906 1551649606  62.907482 0.0000e+00
    402.091    10.7183    35.1912    8.99788  -20.11906 1551649607  62.907494 0.0000e+00
    402.206    10.7163    35.1912    8.99788  -20.11908 1551649608  62.907505 0.0000e+00
    402.495    10.7125    35.1909    8.99788  -20.11908 1551649609  62.907516 0.0000e+00
    402.726    10.7093    35.1907    8.99786  -20.11908 1551649610  62.907528 0.0000e+00
    402.750    10.7085    35.1905    8.99786  -20.11908 1551649611  62.907539 0.0000e+00
    402.549    10.7084    35.1905    8.99786  -20.11908 1551649612  62.907551 0.0000e+00
    402.202    10.7148    35.1909    8.99786  -20.11908 1551649613  62.907562 0.0000e+00
    401.921    10.7215    35.1915    8.99786  -20.11908 1551649614  62.907574 0.0000e+00
    401.932    10.7204    35.1915    8.99786  -20.11908 1551649615  62.907585 0.0000e+00
    402.218    10.7172    35.1914    8.99786  -20.11908 1551649616  62.907597 0.0000e+00
    402.526    10.7127    35.1908    8.99786  -20.11908 1551649617  62.907608 0.0000e+00
    402.615    10.7104    35.1911    8.99786  -20.11910 1551649618  62.907623 0.0000e+00
    402.504    10.7178    35.1914    8.99786  -20.11910 1551649619  62.907631 0.0000e+00
    402.307    10.7198    35.1915    8.99784  -20.11910 1551649620  62.907646 0.0000e+00
    402.169    10.7189    35.1915    8.99784  -20.11910 1551649621  62.907658 0.0000e+00
    402.091    10.7203    35.1917    8.99784  -20.11910 1551649622  62.907669 0.0000e+00
    402.059    10.7239    35.1920    8.99784  -20.11910 1551649623  62.907681 0.0000e+00
    402.160    10.7226    35.1919    8.99784  -20.11910 1551649624  62.907692 0.0000e+00
    402.425    10.7218    35.1917    8.99784  -20.11910 1551649625  62.907703 0.0000e+00
    402.673    10.7171    35.1914    8.99784  -20.11910 1551649626  62.907715 0.0000e+00
    402.719    10.7161    35.1915    8.99784  -20.11910 1551649627  62.907726 0.0000e+00
    402.593    10.7185    35.1916    8.99784  -20.11910 1551649628  62.907738 0.0000e+00
    402.497    10.7208    35.1916    8.99784  -20.11912 1551649629  62.907749 0.0000e+00
    402.517    10.7196    35.1917    8.99782  -20.11912 1551649630  62.907761 0.0000e+00
    402.448    10.7203    35.1916    8.99782  -20.11912 1551649631  62.907772 0.0000e+00
    402.202    10.7213    35.1917    8.99782  -20.11912 1551649632  62.907784 0.0000e+00
    401.914    10.7251    35.1920    8.99782  -20.11912 1551649633  62.907795 0.0000e+00
    401.708    10.7258    35.1921    8.99782  -20.11912 1551649634  62.907806 0.0000e+00
    401.661    10.7261    35.1922    8.99782  -20.11912 1551649635  62.907818 0.0000e+00
    401.797    10.7253    35.1922    8.99782  -20.11912 1551649636  62.907829 0.0000e+00
    402.099    10.7237    35.1920    8.99782  -20.11912 1551649637  62.907841 0.0000e+00
    402.479    10.7196    35.1918    8.99782  -20.11912 1551649638  62.907852 0.0000e+00
    402.770    10.7181    35.1917    8.99782  -20.11912 1551649639  62.907864 0.0000e+00
    402.829    10.7148    35.1916    8.99780  -20.11912 1551649640  62.907875 0.0000e+00
    402.655    10.7180    35.1916    8.99780  -20.11914 1551649641  62.907887 0.0000e+00
    402.401    10.7209    35.1917    8.99780  -20.11914 1551649642  62.907898 0.0000e+00
