data/CTD/ladcp/fr29002_ladcp.cnv
* Sea-Bird SBE 9 Data File:
* FileName = C:\SEASOFT\PIRATA-FR29\data\fr29002.hex
* Software Version Seasave V 7.26.7.107
* Temperature SN = 6083
* Conductivity SN = 4509
* Number of Bytes Per Scan = 42
* Number of Voltage Words = 3
* Number of Scans Averaged by the Deck Unit = 1
* NMEA Latitude = 08 59.92 N
* NMEA Longitude = 020 07.05 W
* NMEA UTC (Time) = Mar 03 2019 20:26:29
** Cruise: PIRATA-FR29
** Ship: THALASSA
** Station: 002
** Bottom Depth: 3603
** Barometric pressure : 1012.2
** Temp Air: 24.1
** Operator: MG/PR
** Comments:
# nquan = 8
# nvalues = 6180                        
# units = specified
# name 0 = prDM: Pressure, Digiquartz [db]
# name 1 = t090C: Temperature [ITS-90, deg C]
# name 2 = sal00: Salinity, Practical [PSU]
# name 3 = latitude: Latitude [deg]
# name 4 = longitude: Longitude [deg]
# name 5 = timeY: Time, System [seconds]
# name 6 = timeJ: Julian Days
# name 7 = flag: flag
# span 0 =      1.981,   2026.708       
# span 1 =     3.4581,    24.6047       
# span 2 =    34.7017,    35.8568       
# span 3 =    8.99768,    8.99966       
# span 4 =  -20.11996,  -20.11758       
# span 5 = 1551644790, 1551650969       
# span 6 =  62.851742,  62.923257       
# span 7 = 0.0000e+00, 0.0000e+00       
# interval = seconds: 1                 
# start_time = Mar 03 2019 20:26:30 [System UTC, first data scan.]
# bad_flag = -9.990e-29
*END*
[from data line 2338]
   2026.216     3.4592    34.9541    8.99934  -20.11804 1551647128  62.878803 0.0000e+00
   2026.290     3.4589    34.9541    8.99934  -20.11804 1551647129  62.878815 0.0000e+00
   2025.982     3.4592    34.9540    8.99934  -20.11804 1551647130  62.878826 0.0000e+00
   2025.532     3.4590    34.9539    8.99934  -20.11804 1551647131  62.878838 0.0000e+00
   2025.389     3.4588    34.9541    8.99934  -20.11804 1551647132  62.878849 0.0000e+00
   2025.700     3.4589    34.9541    8.99934  -20.11804 1551647133  62.878860 0.0000e+00
   2026.167     3.4588    34.9542    8.99934  -20.11804 1551647134  62.878872 0.0000e+00
   2026.278     3.4590    34.9540    8.99934  -20.11804 1551647135  62.878883 0.0000e+00
   2025.894     3.4588    34.9539    8.99934  -20.11804 1551647136  62.878895 0.0000e+00
   2025.388     3.4588    34.9539    8.99934  -20.11804 1551647137  62.878906 0.0000e+00
   2025.016     3.4589    34.9539    8.99934  -20.11804 1551647138  62.878918 0.0000e+00
   2024.642     3.4590    34.9539    8.99934  -20.11804 1551647139  62.878929 0.0000e+00
   2024.002     3.4591    34.9540    8.99934  -20.11804 1551647140  62.878941 0.0000e+00
   2023.355     3.4591    34.9540    8.99932  -20.11804 1551647141  62.878952 0.0000e+00
   2023.120     3.4591    34.9541    8.99932  -20.11804 1551647142  62.878963 0.0000e+00
   2023.245     3.4591    34.9540    8.99932  -20.11804 1551647143  62.878975 0.0000e+00
   2022.967     3.4592    34.9540    8.99932  -20.11804 1551647144  62.878986 0.0000e+00
   2021.928     3.4593    34.9539    8.99934  -20.11804 1551647145  62.878998 0.0000e+00
   2020.521     3.4597    34.9539    8.99934  -20.11806 1551647146  62.879009 0.0000e+00
   2019.140     3.4600    34.9539    8.99934  -20.11806 1551647147  62.879021 0.0000e+00
   2017.896     3.4600    34.9539    8.99932  -20.11806 1551647148  62.879032 0.0000e+00
   2016.686     3.4602    34.9539    8.99932  -20.11806 1551647149  62.879044 0.0000e+00
   2015.501     3.4605    34.9539    8.99932  -20.11806 1551647150  62.879055 0.0000e+00
   2014.436     3.4608    34.9539    8.99932  -20.11806 1551647151  62.879066 0.0000e+00
   2013.544     3.4615    34.9539    8.99932  -20.11806 1551647152  62.879078 0.0000e+00
   2012.779     3.4620    34.9539    8.99932  -20.11806 1551647153  62.879089 0.0000e+00
   2012.045     3.4617    34.9540    8.99932  -20.11806 1551647154  62.879105 0.0000e+00
   2011.232     3.4629    34.9539    8.99932  -20.11806 1551647155  62.879112 0.0000e+00
   2010.322     3.4639    34.9541    8.99932  -20.11806 1551647156  62.879128 0.0000e+00
   2009.333     3.4642    34.9541    8.99932  -20.11806 1551647157  62.879139 0.0000e+00
   2008.255     3.4646    34.9539    8.99932  -20.11806 1551647158  62.879150 0.0000e+00
   2007.049     3.4657    34.9539    8.99932  -20.11806 1551647159  62.879162 0.0000e+00
   2005.783     3.4663    34.9540    8.99932  -20.11806 1551647160  62.879173 0.0000e+00
   2004.534     3.4672    34.9539    8.99932  -20.11806 1551647161  62.879185 0.0000e+00
   2003.343     3.4681    34.9540    8.99932  -20.11806 1551647162  62.879196 0.0000e+00
   2002.212     3.4684    34.9540    8.99932  -20.11806 1551647163  62.879208 0.0000e+00
   2001.186     3.4690    34.9541    8.99930  -20.11806 1551647164  62.879219 0.0000e+00
   2000.338     3.4686    34.9542    8.99930  -20.11806 1551647165  62.879230 0.0000e+00
   1999.477     3.4686    34.9540    8.99930  -20.11806 1551647166  62.879242 0.0000e+00
   1998.308     3.4696    34.9540    8.99930  -20.11806 1551647167  62.879253 0.0000e+00
   1996.924     3.4710    34.9539    8.99930  -20.11806 1551647168  62.879265 0.0000e+00
   1995.687     3.4712    34.9540    8.99930  -20.11806 1551647169  62.879276 0.0000e+00
   1994.934     3.4703    34.9542    8.99930  -20.11806 1551647170  62.879288 0.0000e+00
   1994.443     3.4702    34.9541    8.99930  -20.11806 1551647171  62.879299 0.0000e+00
   1993.555     3.4704    34.9542    8.99930  -20.11808 1551647172  62.879311 0.0000e+00
   1992.296     3.4717    34.9540    8.99930  -20.11808 1551647173  62.879322 0.0000e+00
   1990.997     3.4723    34.9541    8.99930  -20.11808 1551647174  62.879333 0.0000e+00
   1989.861     3.4725    34.9541    8.99930  -20.11808 1551647175  62.879345 0.0000e+00
   1988.865     3.4727    34.9542    8.99930  -20.11808 1551647176  62.879356 0.0000e+00
   1987.865     3.4735    34.9541    8.99930  -20.11808 1551647177  62.879368 0.0000e+00
   1986.920     3.4741    34.9542    8.99930  -20.11808 1551647178  62.879379 0.0000e+00
   1986.033     3.4740    34.9543    8.99930  -20.11808 1551647179  62.879391 0.0000e+00
   1984.973     3.4755    34.9542    8.99930  -20.11808 1551647180  62.879402 0.0000e+00
   1983.573     3.4784    34.9543    8.99928  -20.11808 1551647181  62.879414 0.0000e+00
   1982.002     3.4799    34.9543    8.99928  -20.11808 1551647182  62.879425 0.0000e+00
   1980.635     3.4801    34.9544    8.99928  -20.11808 1551647183  62.879440 0.0000e+00
   1979.742     3.4796    34.9545    8.99928  -20.11808 1551647184  62.879448 0.0000e+00
   1979.076     3.4789    34.9546    8.99928  -20.11808 1551647185  62.879463 0.0000e+00
   1978.174     3.4800    34.9546    8.99928  -20.11808 1551647186  62.879475 0.0000e+00
   1977.123     3.4818    34.9546    8.99928  -20.11808 1551647187  62.879486 0.0000e+00
   1976.204     3.4836    34.9546    8.99928  -20.11808 1551647188  62.879498 0.0000e+00
   1975.416     3.4831    34.9547    8.99928  -20.11808 1551647189  62.879509 0.0000e+00
   1974.458     3.4839    34.9546    8.99928  -20.11808 1551647190  62.879520 0.0000e+00
   1973.254     3.4844    34.9546    8.99928  -20.11808 1551647191  62.879532 0.0000e+00
   1972.020     3.4876    34.9545    8.99928  -20.11808 1551647192  62.879543 0.0000e+00
   1970.952     3.4883    34.9546    8.99926  -20.11808 1551647193  62.879555 0.0000e+00
   1970.052     3.4884    34.9546    8.99926  -20.11808 1551647194  62.879566 0.0000e+00
   1969.050     3.4915    34.9547    8.99926  -20.11808 1551647195  62.879578 0.0000e+00
   1967.874     3.4936    34.9546    8.99926  -20.11808 1551647196  62.879589 0.0000e+00
   1966.585     3.4995    34.9546    8.99926  -20.11808 1551647197  62.879601 0.0000e+00
   1965.274     3.5006    34.9545    8.99926  -20.11808 1551647198  62.879612 0.0000e+00
   1963.990     3.5014    34.9547    8.99926  -20.11808 1551647199  62.879623 0.0000e+00
   1962.774     3.5020    34.9547    8.99926  -20.11808 1551647200  62.879635 0.0000e+00
   1961.752     3.5016    34.9547    8.99926  -20.11808 1551647201  62.879646 0.0000e+00
   1961.101     3.4997    34.9550    8.99924  -20.11808 1551647202  62.879658 0.0000e+00
   1960.752     3.5006    34.9549    8.99924  -20.11808 1551647203  62.879669 0.0000e+00
   1960.209     3.4999    34.9549    8.99924  -20.11808 1551647204  62.879681 0.0000e+00
   1959.095     3.5057    34.9548    8.99924  -20.11808 1551647205  62.879692 0.0000e+00
   1957.570     3.5132    34.9545    8.99924  -20.11808 1551647206  62.879704 0.0000e+00
   1955.904     3.5160    34.9546    8.99924  -20.11810 1551647207  62.879715 0.0000e+00
   1954.463     3.5167    34.9548    8.99924  -20.11810 1551647208  62.879726 0.0000e+00
   1953.527     3.5153    34.9550    8.99924  -20.11810 1551647209  62.879738 0.0000e+00
   1953.006     3.5132    34.9551    8.99924  -20.11810 1551647210  62.879749 0.0000e+00
   1952.344     3.5121    34.9550    8.99924  -20.11808 1551647211  62.879761 0.0000e+00
   1951.259     3.5165    34.9549    8.99922  -20.11808 1551647212  62.879776 0.0000e+00
   1949.945     3.5241    34.9547    8.99922  -20.11808 1551647213  62.879784 0.0000e+00
   1948.545     3.5273    34.9549    8.99922  -20.11808 1551647214  62.879799 0.0000e+00
   1947.199     3.5311    34.9549    8.99922  -20.11808 1551647215  62.879810 0.0000e+00
   1946.073     3.5315    34.9551    8.99922  -20.11808 1551647216  62.879822 0.0000e+00
   1945.246     3.5287    34.9551    8.99922  -20.11808 1551647217  62.879833 0.0000e+00
   1944.572     3.5262    34.9555    8.99922  -20.11808 1551647218  62.879845 0.0000e+00
   1943.696     3.5330    34.9552    8.99922  -20.11808 1551647219  62.879856 0.0000e+00
   1942.577     3.5360    34.9552    8.99922  -20.11808 1551647220  62.879868 0.0000e+00
   1941.396     3.5386    34.9553    8.99922  -20.11808 1551647221  62.879879 0.0000e+00
   1940.269     3.5392    34.9554    8.99922  -20.11808 1551647222  62.879890 0.0000e+00
   1939.144     3.5401    34.9555    8.99922  -20.11808 1551647223  62.879902 0.0000e+00
   1937.945     3.5409    34.9557    8.99920  -20.11808 1551647224  62.879913 0.0000e+00
   1936.761     3.5428    34.9556    8.99920  -20.11808 1551647225  62.879925 0.0000e+00
   1935.760     3.5429    34.9557    8.99920  -20.11808 1551647226  62.879936 0.0000e+00
   1934.994     3.5425    34.9557    8.99920  -20.11808 1551647227  62.879948 0.0000e+00
   1934.223     3.5429    34.9557    8.99920  -20.11808 1551647228  62.879959 0.0000e+00
   1933.244     3.5430    34.9557    8.99920  -20.11808 1551647229  62.879971 0.0000e+00
   1932.097     3.5446    34.9558    8.99920  -20.11808 1551647230  62.879982 0.0000e+00
   1930.877     3.5465    34.9557    8.99920  -20.11808 1551647231  62.879993 0.0000e+00
   1929.624     3.5482    34.9557    8.99920  -20.11808 1551647232  62.880005 0.0000e+00
   1928.364     3.5494    34.9555    8.99918  -20.11808 1551647233  62.880016 0.0000e+00
   1927.179     3.5501    34.9557    8.99918  -20.11808 1551647234  62.880028 0.0000e+00
   1926.206     3.5512    34.9556    8.99918  -20.11808 1551647235  62.880039 0.0000e+00
   1925.457     3.5491    34.9559    8.99918  -20.11808 1551647236  62.880051 0.0000e+00
   1924.680     3.5502    34.9559    8.99918  -20.11808 1551647237  62.880062 0.0000e+00
   1923.712     3.5545    34.9557    8.99918  -20.11808 1551647238  62.880074 0.0000e+00
   1922.610     3.5573    34.9554    8.99918  -20.11808 1551647239  62.880085 0.0000e+00
   1921.431     3.5591    34.9554    8.99918  -20.11808 1551647240  62.880096 0.0000e+00
   1920.223     3.5594    34.9554    8.99918  -20.11808 1551647241  62.880112 0.0000e+00
   1919.013     3.5621    34.9557    8.99918  -20.11808 1551647242  62.880119 0.0000e+00
   1917.928     3.5647    34.9556    8.99918  -20.11808 1551647243  62.880135 0.0000e+00
   1917.019     3.5667    34.9554    8.99916  -20.11808 1551647244  62.880146 0.0000e+00
   1916.059     3.5693    34.9557    8.99916  -20.11808 1551647245  62.880157 0.0000e+00
   1914.825     3.5754    34.9559    8.99916  -20.11808 1551647246  62.880169 0.0000e+00
   1913.440     3.5817    34.9558    8.99916  -20.11808 1551647247  62.880180 0.0000e+00
   1912.192     3.5828    34.9560    8.99916  -20.11808 1551647248  62.880192 0.0000e+00
   1911.323     3.5814    34.9562    8.99916  -20.11808 1551647249  62.880203 0.0000e+00
   1910.718     3.5799    34.9563    8.99916  -20.11808 1551647250  62.880215 0.0000e+00
   1910.095     3.5793    34.9563    8.99916  -20.11808 1551647251  62.880226 0.0000e+00
   1909.340     3.5812    34.9565    8.99916  -20.11808 1551647252  62.880238 0.0000e+00
   1908.381     3.5860    34.9565    8.99916  -20.11808 1551647253  62.880249 0.0000e+00
   1907.116     3.5908    34.9563    8.99916  -20.11808 1551647254  62.880260 0.0000e+00
   1905.612     3.5925    34.9562    8.99916  -20.11808 1551647255  62.880272 0.0000e+00
   1904.091     3.5934    34.9561    8.99914  -20.11808 1551647256  62.880283 0.0000e+00
   1902.780     3.5939    34.9563    8.99914  -20.11808 1551647257  62.880295 0.0000e+00
   1901.767     3.5936    34.9563    8.99914  -20.11808 1551647258  62.880306 0.0000e+00
   1900.989     3.5925    34.9564    8.99914  -20.11808 1551647259  62.880318 0.0000e+00
   1900.181     3.5976    34.9561    8.99914  -20.11808 1551647260  62.880329 0.0000e+00
   1899.130     3.5996    34.9560    8.99914  -20.11808 1551647261  62.880341 0.0000e+00
   1897.857     3.6013    34.9559    8.99914  -20.11808 1551647262  62.880352 0.0000e+00
   1896.486     3.6025    34.9558    8.99912  -20.11806 1551647263  62.880363 0.0000e+00
   1895.172     3.6028    34.9558    8.99912  -20.11806 1551647264  62.880375 0.0000e+00
   1894.156     3.6029    34.9559    8.99912  -20.11806 1551647265  62.880386 0.0000e+00
   1893.661     3.6019    34.9561    8.99912  -20.11806 1551647266  62.880398 0.0000e+00
   1893.428     3.6014    34.9561    8.99912  -20.11806 1551647267  62.880409 0.0000e+00
   1892.799     3.6012    34.9561    8.99912  -20.11808 1551647268  62.880421 0.0000e+00
   1891.634     3.6047    34.9559    8.99912  -20.11808 1551647269  62.880432 0.0000e+00
   1890.189     3.6136    34.9554    8.99912  -20.11808 1551647270  62.880447 0.0000e+00
   1888.687     3.6137    34.9554    8.99912  -20.11808 1551647271  62.880455 0.0000e+00
   1887.370     3.6144    34.9556    8.99912  -20.11808 1551647272  62.880470 0.0000e+00
   1886.324     3.6148    34.9556    8.99912  -20.11808 1551647273  62.880482 0.0000e+00
   1885.320     3.6155    34.9558    8.99912  -20.11806 1551647274  62.880493 0.0000e+00
   1884.154     3.6177    34.9556    8.99910  -20.11806 1551647275  62.880505 0.0000e+00
   1882.952     3.6216    34.9556    8.99910  -20.11806 1551647276  62.880516 0.0000e+00
   1881.905     3.6241    34.9555    8.99910  -20.11806 1551647277  62.880527 0.0000e+00
   1880.964     3.6254    34.9557    8.99910  -20.11806 1551647278  62.880539 0.0000e+00
   1879.856     3.6292    34.9556    8.99910  -20.11806 1551647279  62.880550 0.0000e+00
   1878.545     3.6378    34.9553    8.99910  -20.11806 1551647280  62.880562 0.0000e+00
   1877.308     3.6387    34.9555    8.99910  -20.11806 1551647281  62.880573 0.0000e+00
   1876.443     3.6376    34.9556    8.99910  -20.11806 1551647282  62.880585 0.0000e+00
   1875.927     3.6334    34.9559    8.99910  -20.11806 1551647283  62.880596 0.0000e+00
   1875.245     3.6332    34.9558    8.99910  -20.11806 1551647284  62.880608 0.0000e+00
   1874.167     3.6370    34.9557    8.99910  -20.11806 1551647285  62.880619 0.0000e+00
   1872.956     3.6391    34.9557    8.99910  -20.11806 1551647286  62.880630 0.0000e+00
   1871.885     3.6390    34.9557    8.99908  -20.11806 1551647287  62.880642 0.0000e+00
   1871.037     3.6389    34.9559    8.99908  -20.11806 1551647288  62.880653 0.0000e+00
   1870.129     3.6389    34.9559    8.99908  -20.11806 1551647289  62.880665 0.0000e+00
   1868.935     3.6389    34.9558    8.99908  -20.11806 1551647290  62.880676 0.0000e+00
   1867.486     3.6389    34.9558    8.99908  -20.11806 1551647291  62.880688 0.0000e+00
   1865.942     3.6390    34.9558    8.99908  -20.11806 1551647292  62.880699 0.0000e+00
   1864.501     3.6391    34.9557    8.99908  -20.11806 1551647293  62.880711 0.0000e+00
   1863.338     3.6390    34.9558    8.99908  -20.11806 1551647294  62.880722 0.0000e+00
   1862.498     3.6386    34.9560    8.99906  -20.11806 1551647295  62.880733 0.0000e+00
   1861.820     3.6387    34.9559    8.99906  -20.11806 1551647296  62.880745 0.0000e+00
   1861.018     3.6389    34.9560    8.99906  -20.11806 1551647297  62.880756 0.0000e+00
   1860.049     3.6389    34.9560    8.99906  -20.11806 1551647298  62.880768 0.0000e+00
   1858.993     3.6394    34.9559    8.99906  -20.11806 1551647299  62.880783 0.0000e+00
   1857.962     3.6394    34.9559    8.99906  -20.11806 1551647300  62.880791 0.0000e+00
   1857.016     3.6394    34.9559    8.99906  -20.11806 1551647301  62.880806 0.0000e+00
   1856.103     3.6394    34.9559    8.99906  -20.11806 1551647302  62.880817 0.0000e+00
   1855.187     3.6398    34.9559    8.99906  -20.11806 1551647303  62.880829 0.0000e+00
   1854.281     3.6402    34.9560    8.99906  -20.11806 1551647304  62.880840 0.0000e+00
   1853.275     3.6412    34.9559    8.99906  -20.11806 1551647305  62.880852 0.0000e+00
