data/CTD/ladcp/fr29001_ladcp.cnv
* Sea-Bird SBE 9 Data File:
* FileName = C:\SEASOFT\PIRATA-FR29\data\fr29001.hex
* Software Version Seasave V 7.26.7.107
* Temperature SN = 6083
* Conductivity SN = 4509
* Number of Bytes Per Scan = 42
* Number of Voltage Words = 3
* Number of Scans Averaged by the Deck Unit = 1
* NMEA Latitude = 12 29.57 N
* NMEA Longitude = 023 20.56 W
* NMEA UTC (Time) = Mar 02 2019 15:20:02
** Cruise: PIRATA-FR29
** Ship: THALASSA
** Station: 001
** Bottom Depth: 4894
** Barometric pressure : 1013.5
** Temp Air: 23.8
** Operator: JG
** Comments:
# nquan = 8
# nvalues = 8894                        
# units = specified
# name 0 = prDM: Pressure, Digiquartz [db]
# name 1 = t090C: Temperature [ITS-90, deg C]
# name 2 = sal00: Salinity, Practical [PSU]
# name 3 = latitude: Latitude [deg]
# name 4 = longitude: Longitude [deg]
# name 5 = timeY: Time, System [seconds]
# name 6 = timeJ: Julian Days
# name 7 = flag: flag
# span 0 =      2.056,   4074.616       
# span 1 =     2.3596,    24.0119       
# span 2 =    34.8163,    36.0299       
# span 3 =   12.49192,   12.50554       
# span 4 =  -23.34876,  -23.34262       
# span 5 = 1551540003, 1551548896       
# span 6 =  61.638929,  61.741856       
# span 7 = 0.0000e+00, 0.0000e+00       
# interval = seconds: 1                 
# start_time = Mar 02 2019 15:20:03 [System UTC, first data scan.]
# bad_flag = -9.990e-29
*END*
[from data line 8809]
      3.565    24.0059    35.9573   12.50540  -23.34744 1551548812  61.740887 0.0000e+00
      3.714    24.0066    35.9573   12.50540  -23.34744 1551548813  61.740898 0.0000e+00
      3.435    24.0048    35.9574   12.50540  -23.34744 1551548814  61.740910 0.0000e+00
      2.822    24.0039    35.9574   12.50540  -23.34743 1551548815  61.740921 0.0000e+00
      2.590    24.0044    35.9575   12.50541  -23.34742 1551548816  61.740932 0.0000e+00
      3.316    24.0047    35.9575   12.50542  -23.34742 1551548817  61.740944 0.0000e+00
      3.865    24.0061    35.9574   12.50542  -23.34742 1551548818  61.740955 0.0000e+00
      4.070    24.0062    35.9565   12.50542  -23.34742 1551548819  61.740967 0.0000e+00
      3.852    24.0059    35.9574   12.50542  -23.34742 1551548820  61.740978 0.0000e+00
      3.389    24.0048    35.9571   12.50542  -23.34742 1551548821  61.740990 0.0000e+00
      2.942    24.0055    35.9573   12.50542  -23.34742 1551548822  61.741001 0.0000e+00
      2.970    24.0063    35.9573   12.50542  -23.34742 1551548823  61.741013 0.0000e+00
      3.294    24.0059    35.9574   12.50542  -23.34741 1551548824  61.741024 0.0000e+00
      3.763    24.0057    35.9576   12.50542  -23.34740 1551548825  61.741035 0.0000e+00
      3.909    24.0062    35.9575   12.50542  -23.34740 1551548826  61.741047 0.0000e+00
      3.522    24.0064    35.9574   12.50542  -23.34740 1551548827  61.741058 0.0000e+00
      2.975    24.0055    35.9574   12.50542  -23.34740 1551548828  61.741070 0.0000e+00
      2.949    24.0062    35.9576   12.50543  -23.34740 1551548829  61.741081 0.0000e+00
      3.333    24.0060    35.9577   12.50544  -23.34740 1551548830  61.741093 0.0000e+00
      3.370    24.0063    35.9576   12.50544  -23.34740 1551548831  61.741104 0.0000e+00
      3.394    24.0077    35.9577   12.50544  -23.34740 1551548832  61.741116 0.0000e+00
      3.496    24.0087    35.9576   12.50544  -23.34739 1551548833  61.741127 0.0000e+00
      3.314    24.0086    35.9576   12.50544  -23.34738 1551548834  61.741138 0.0000e+00
      3.333    24.0086    35.9576   12.50544  -23.34738 1551548835  61.741150 0.0000e+00
      3.914    24.0088    35.9577   12.50544  -23.34738 1551548836  61.741161 0.0000e+00
      3.673    24.0089    35.9576   12.50544  -23.34738 1551548837  61.741173 0.0000e+00
      2.994    24.0065    35.9576   12.50544  -23.34738 1551548838  61.741188 0.0000e+00
      3.107    24.0088    35.9577   12.50544  -23.34738 1551548839  61.741196 0.0000e+00
      3.333    24.0095    35.9577   12.50544  -23.34737 1551548840  61.741211 0.0000e+00
      3.382    24.0083    35.9578   12.50544  -23.34736 1551548841  61.741222 0.0000e+00
      3.431    24.0093    35.9577   12.50544  -23.34736 1551548842  61.741234 0.0000e+00
      3.611    24.0097    35.9577   12.50544  -23.34736 1551548843  61.741245 0.0000e+00
      3.566    24.0107    35.9575   12.50544  -23.34736 1551548844  61.741257 0.0000e+00
      3.136    24.0101    35.9575   12.50545  -23.34736 1551548845  61.741268 0.0000e+00
      2.863    24.0085    35.9575   12.50546  -23.34736 1551548846  61.741280 0.0000e+00
      3.119    24.0098    35.9575   12.50546  -23.34736 1551548847  61.741291 0.0000e+00
      3.077    24.0104    35.9573   12.50546  -23.34736 1551548848  61.741302 0.0000e+00
      3.291    24.0106    35.9577   12.50546  -23.34736 1551548849  61.741314 0.0000e+00
      3.841    24.0116    35.9574   12.50546  -23.34736 1551548850  61.741325 0.0000e+00
      3.916    24.0110    35.9573   12.50546  -23.34736 1551548851  61.741337 0.0000e+00
      3.606    24.0087    35.9546   12.50546  -23.34736 1551548852  61.741348 0.0000e+00
      3.399    24.0040    35.9576   12.50546  -23.34735 1551548853  61.741360 0.0000e+00
      3.485    24.0052    35.9578   12.50546  -23.34734 1551548854  61.741371 0.0000e+00
      3.538    24.0095    35.9574   12.50546  -23.34734 1551548855  61.741383 0.0000e+00
      3.247    24.0096    35.9574   12.50546  -23.34734 1551548856  61.741394 0.0000e+00
      2.906    24.0101    35.9574   12.50546  -23.34733 1551548857  61.741405 0.0000e+00
      3.003    24.0106    35.9576   12.50546  -23.34732 1551548858  61.741417 0.0000e+00
      3.403    24.0116    35.9576   12.50546  -23.34732 1551548859  61.741428 0.0000e+00
      3.606    24.0114    35.9576   12.50546  -23.34732 1551548860  61.741440 0.0000e+00
      3.452    24.0087    35.9575   12.50547  -23.34732 1551548861  61.741451 0.0000e+00
      3.200    24.0075    35.9576   12.50548  -23.34732 1551548862  61.741463 0.0000e+00
      3.086    24.0072    35.9577   12.50548  -23.34732 1551548863  61.741474 0.0000e+00
      3.192    24.0064    35.9578   12.50548  -23.34732 1551548864  61.741486 0.0000e+00
      3.456    24.0049    35.9580   12.50548  -23.34732 1551548865  61.741497 0.0000e+00
      3.561    24.0052    35.9580   12.50549  -23.34732 1551548866  61.741508 0.0000e+00
      3.561    24.0058    35.9578   12.50550  -23.34732 1551548867  61.741524 0.0000e+00
      3.625    24.0048    35.9579   12.50549  -23.34732 1551548868  61.741531 0.0000e+00
      3.736    24.0042    35.9580   12.50548  -23.34731 1551548869  61.741547 0.0000e+00
      3.707    24.0037    35.9580   12.50548  -23.34730 1551548870  61.741558 0.0000e+00
      3.366    24.0040    35.9579   12.50548  -23.34730 1551548871  61.741570 0.0000e+00
      3.060    24.0018    35.9579   12.50549  -23.34730 1551548872  61.741581 0.0000e+00
      3.175    24.0016    35.9579   12.50549  -23.34729 1551548873  61.741592 0.0000e+00
      3.481    24.0038    35.9580   12.50548  -23.34728 1551548874  61.741604 0.0000e+00
      3.579    24.0038    35.9580   12.50549  -23.34728 1551548875  61.741615 0.0000e+00
      3.200    24.0045    35.9578   12.50550  -23.34728 1551548876  61.741627 0.0000e+00
      2.862    24.0074    35.9576   12.50550  -23.34728 1551548877  61.741638 0.0000e+00
      2.735    24.0085    35.9577   12.50550  -23.34728 1551548878  61.741650 0.0000e+00
      2.930    24.0054    35.9576   12.50550  -23.34728 1551548879  61.741661 0.0000e+00
      3.537    24.0036    35.9583   12.50550  -23.34728 1551548880  61.741673 0.0000e+00
      3.816    24.0034    35.9583   12.50551  -23.34728 1551548881  61.741684 0.0000e+00
      3.575    24.0038    35.9582   12.50552  -23.34728 1551548882  61.741695 0.0000e+00
      3.381    24.0040    35.9581   12.50552  -23.34728 1551548883  61.741707 0.0000e+00
      3.572    24.0036    35.9584   12.50552  -23.34728 1551548884  61.741718 0.0000e+00
      3.721    24.0025    35.9585   12.50552  -23.34727 1551548885  61.741730 0.0000e+00
      3.659    24.0082    35.9580   12.50552  -23.34726 1551548886  61.741741 0.0000e+00
      3.610    24.0085    35.9579   12.50552  -23.34726 1551548887  61.741753 0.0000e+00
      3.478    24.0051    35.9580   12.50552  -23.34725 1551548888  61.741764 0.0000e+00
      3.431    24.0021    35.9583   12.50552  -23.34724 1551548889  61.741776 0.0000e+00
      3.471    23.9998    35.9585   12.50552  -23.34724 1551548890  61.741787 0.0000e+00
      3.270    24.0013    35.9583   12.50552  -23.34724 1551548891  61.741798 0.0000e+00
      2.755    24.0010    35.9579   12.50552  -23.34724 1551548892  61.741810 0.0000e+00
      2.630    24.0014    35.9582   12.50552  -23.34724 1551548893  61.741821 0.0000e+00
      3.227    24.0029    35.9583   12.50553  -23.34724 1551548894  61.741833 0.0000e+00
      3.605    24.0044    35.9577   12.50554  -23.34724 1551548895  61.741844 0.0000e+00
      3.479    24.0046    35.9579   12.50554  -23.34724 1551548896  61.741856 0.0000e+00
