data/CTD/ladcp/fr29001_ladcp.cnv
* Sea-Bird SBE 9 Data File:
* FileName = C:\SEASOFT\PIRATA-FR29\data\fr29001.hex
* Software Version Seasave V 7.26.7.107
* Temperature SN = 6083
* Conductivity SN = 4509
* Number of Bytes Per Scan = 42
* Number of Voltage Words = 3
* Number of Scans Averaged by the Deck Unit = 1
* NMEA Latitude = 12 29.57 N
* NMEA Longitude = 023 20.56 W
* NMEA UTC (Time) = Mar 02 2019 15:20:02
** Cruise: PIRATA-FR29
** Ship: THALASSA
** Station: 001
** Bottom Depth: 4894
** Barometric pressure : 1013.5
** Temp Air: 23.8
** Operator: JG
** Comments:
# nquan = 8
# nvalues = 8894                        
# units = specified
# name 0 = prDM: Pressure, Digiquartz [db]
# name 1 = t090C: Temperature [ITS-90, deg C]
# name 2 = sal00: Salinity, Practical [PSU]
# name 3 = latitude: Latitude [deg]
# name 4 = longitude: Longitude [deg]
# name 5 = timeY: Time, System [seconds]
# name 6 = timeJ: Julian Days
# name 7 = flag: flag
# span 0 =      2.056,   4074.616       
# span 1 =     2.3596,    24.0119       
# span 2 =    34.8163,    36.0299       
# span 3 =   12.49192,   12.50554       
# span 4 =  -23.34876,  -23.34262       
# span 5 = 1551540003, 1551548896       
# span 6 =  61.638929,  61.741856       
# span 7 = 0.0000e+00, 0.0000e+00       
# interval = seconds: 1                 
# start_time = Mar 02 2019 15:20:03 [System UTC, first data scan.]
# bad_flag = -9.990e-29
*END*
[from data line 5753]
   2984.736     2.7337    34.9306   12.50142  -23.34830 1551545756  61.705513 0.0000e+00
   2983.819     2.7339    34.9307   12.50142  -23.34830 1551545757  61.705528 0.0000e+00
   2983.085     2.7345    34.9308   12.50141  -23.34830 1551545758  61.705536 0.0000e+00
   2982.366     2.7349    34.9307   12.50140  -23.34830 1551545759  61.705551 0.0000e+00
   2981.720     2.7352    34.9307   12.50141  -23.34830 1551545760  61.705563 0.0000e+00
   2981.242     2.7356    34.9308   12.50142  -23.34830 1551545761  61.705574 0.0000e+00
   2980.759     2.7362    34.9308   12.50142  -23.34830 1551545762  61.705585 0.0000e+00
   2979.951     2.7367    34.9309   12.50142  -23.34830 1551545763  61.705597 0.0000e+00
   2978.785     2.7370    34.9309   12.50142  -23.34830 1551545764  61.705608 0.0000e+00
   2977.519     2.7378    34.9310   12.50142  -23.34830 1551545765  61.705620 0.0000e+00
   2976.351     2.7383    34.9310   12.50142  -23.34830 1551545766  61.705631 0.0000e+00
   2975.271     2.7383    34.9311   12.50142  -23.34830 1551545767  61.705643 0.0000e+00
   2974.231     2.7392    34.9311   12.50142  -23.34830 1551545768  61.705654 0.0000e+00
   2973.252     2.7402    34.9313   12.50142  -23.34830 1551545769  61.705666 0.0000e+00
   2972.342     2.7415    34.9313   12.50142  -23.34830 1551545770  61.705677 0.0000e+00
   2971.402     2.7431    34.9314   12.50142  -23.34830 1551545771  61.705688 0.0000e+00
   2970.340     2.7437    34.9314   12.50142  -23.34830 1551545772  61.705700 0.0000e+00
   2969.177     2.7443    34.9315   12.50142  -23.34830 1551545773  61.705711 0.0000e+00
   2968.041     2.7450    34.9314   12.50142  -23.34830 1551545774  61.705723 0.0000e+00
   2967.122     2.7452    34.9314   12.50141  -23.34830 1551545775  61.705734 0.0000e+00
   2966.576     2.7453    34.9314   12.50140  -23.34830 1551545776  61.705746 0.0000e+00
   2966.333     2.7451    34.9316   12.50140  -23.34830 1551545777  61.705757 0.0000e+00
   2965.998     2.7453    34.9314   12.50140  -23.34830 1551545778  61.705769 0.0000e+00
   2965.182     2.7454    34.9313   12.50141  -23.34830 1551545779  61.705780 0.0000e+00
   2963.944     2.7454    34.9313   12.50142  -23.34830 1551545780  61.705791 0.0000e+00
   2962.526     2.7457    34.9315   12.50142  -23.34830 1551545781  61.705803 0.0000e+00
   2961.228     2.7462    34.9315   12.50142  -23.34830 1551545782  61.705814 0.0000e+00
   2960.258     2.7466    34.9316   12.50142  -23.34830 1551545783  61.705826 0.0000e+00
   2959.563     2.7473    34.9315   12.50142  -23.34830 1551545784  61.705837 0.0000e+00
   2958.793     2.7475    34.9315   12.50142  -23.34830 1551545785  61.705849 0.0000e+00
   2957.666     2.7477    34.9315   12.50142  -23.34830 1551545786  61.705864 0.0000e+00
   2956.280     2.7486    34.9316   12.50142  -23.34830 1551545787  61.705872 0.0000e+00
   2954.956     2.7493    34.9316   12.50142  -23.34830 1551545788  61.705887 0.0000e+00
   2953.835     2.7505    34.9318   12.50142  -23.34830 1551545789  61.705898 0.0000e+00
   2952.833     2.7515    34.9318   12.50142  -23.34829 1551545790  61.705910 0.0000e+00
   2951.866     2.7524    34.9319   12.50142  -23.34828 1551545791  61.705921 0.0000e+00
   2951.146     2.7531    34.9319   12.50142  -23.34829 1551545792  61.705933 0.0000e+00
   2950.970     2.7533    34.9320   12.50142  -23.34830 1551545793  61.705944 0.0000e+00
   2951.061     2.7532    34.9321   12.50142  -23.34830 1551545794  61.705956 0.0000e+00
   2950.778     2.7536    34.9319   12.50142  -23.34830 1551545795  61.705967 0.0000e+00
   2949.819     2.7537    34.9318   12.50142  -23.34830 1551545796  61.705978 0.0000e+00
   2948.434     2.7544    34.9319   12.50143  -23.34830 1551545797  61.705990 0.0000e+00
   2946.951     2.7560    34.9321   12.50144  -23.34830 1551545798  61.706001 0.0000e+00
   2945.543     2.7571    34.9322   12.50144  -23.34830 1551545799  61.706013 0.0000e+00
   2944.285     2.7578    34.9322   12.50144  -23.34830 1551545800  61.706024 0.0000e+00
   2943.134     2.7593    34.9323   12.50143  -23.34830 1551545801  61.706036 0.0000e+00
   2941.968     2.7599    34.9323   12.50142  -23.34830 1551545802  61.706047 0.0000e+00
   2940.674     2.7601    34.9324   12.50142  -23.34830 1551545803  61.706059 0.0000e+00
   2939.316     2.7605    34.9324   12.50142  -23.34830 1551545804  61.706070 0.0000e+00
   2938.177     2.7612    34.9326   12.50142  -23.34830 1551545805  61.706081 0.0000e+00
   2937.572     2.7616    34.9327   12.50142  -23.34830 1551545806  61.706093 0.0000e+00
   2937.423     2.7608    34.9327   12.50142  -23.34830 1551545807  61.706104 0.0000e+00
   2937.249     2.7621    34.9327   12.50142  -23.34830 1551545808  61.706116 0.0000e+00
   2936.719     2.7630    34.9325   12.50142  -23.34830 1551545809  61.706127 0.0000e+00
   2936.052     2.7640    34.9327   12.50142  -23.34830 1551545810  61.706139 0.0000e+00
   2935.477     2.7648    34.9328   12.50143  -23.34830 1551545811  61.706150 0.0000e+00
   2934.774     2.7653    34.9327   12.50144  -23.34830 1551545812  61.706161 0.0000e+00
   2933.633     2.7652    34.9326   12.50144  -23.34830 1551545813  61.706173 0.0000e+00
   2932.074     2.7659    34.9327   12.50144  -23.34830 1551545814  61.706184 0.0000e+00
   2930.393     2.7671    34.9328   12.50144  -23.34830 1551545815  61.706200 0.0000e+00
   2928.922     2.7681    34.9330   12.50144  -23.34830 1551545816  61.706207 0.0000e+00
   2927.854     2.7684    34.9330   12.50144  -23.34830 1551545817  61.706223 0.0000e+00
   2926.964     2.7694    34.9330   12.50143  -23.34830 1551545818  61.706234 0.0000e+00
   2925.869     2.7695    34.9329   12.50142  -23.34830 1551545819  61.706245 0.0000e+00
   2924.586     2.7704    34.9330   12.50142  -23.34830 1551545820  61.706257 0.0000e+00
   2923.428     2.7712    34.9332   12.50142  -23.34830 1551545821  61.706268 0.0000e+00
   2922.683     2.7717    34.9332   12.50142  -23.34830 1551545822  61.706280 0.0000e+00
   2922.288     2.7720    34.9334   12.50142  -23.34830 1551545823  61.706291 0.0000e+00
   2921.885     2.7724    34.9333   12.50142  -23.34830 1551545824  61.706303 0.0000e+00
   2921.331     2.7731    34.9333   12.50142  -23.34830 1551545825  61.706314 0.0000e+00
   2920.831     2.7736    34.9334   12.50142  -23.34830 1551545826  61.706326 0.0000e+00
   2920.564     2.7736    34.9335   12.50142  -23.34830 1551545827  61.706337 0.0000e+00
   2920.217     2.7738    34.9333   12.50143  -23.34830 1551545828  61.706348 0.0000e+00
   2919.182     2.7740    34.9332   12.50144  -23.34831 1551545829  61.706360 0.0000e+00
   2917.462     2.7744    34.9332   12.50144  -23.34832 1551545830  61.706371 0.0000e+00
   2915.500     2.7749    34.9333   12.50144  -23.34832 1551545831  61.706383 0.0000e+00
   2913.786     2.7753    34.9336   12.50144  -23.34832 1551545832  61.706394 0.0000e+00
   2912.546     2.7766    34.9337   12.50143  -23.34832 1551545833  61.706406 0.0000e+00
   2911.755     2.7768    34.9338   12.50142  -23.34832 1551545834  61.706417 0.0000e+00
   2911.198     2.7787    34.9338   12.50142  -23.34831 1551545835  61.706429 0.0000e+00
   2910.646     2.7791    34.9338   12.50142  -23.34830 1551545836  61.706440 0.0000e+00
   2909.902     2.7795    34.9339   12.50142  -23.34830 1551545837  61.706451 0.0000e+00
   2908.856     2.7802    34.9339   12.50142  -23.34830 1551545838  61.706463 0.0000e+00
   2907.596     2.7812    34.9340   12.50142  -23.34830 1551545839  61.706474 0.0000e+00
   2906.559     2.7819    34.9342   12.50142  -23.34830 1551545840  61.706486 0.0000e+00
   2906.214     2.7818    34.9343   12.50142  -23.34831 1551545841  61.706497 0.0000e+00
   2906.439     2.7808    34.9344   12.50142  -23.34832 1551545842  61.706509 0.0000e+00
   2906.544     2.7818    34.9343   12.50142  -23.34832 1551545843  61.706520 0.0000e+00
   2905.744     2.7824    34.9341   12.50142  -23.34832 1551545844  61.706535 0.0000e+00
   2904.074     2.7832    34.9340   12.50143  -23.34832 1551545845  61.706543 0.0000e+00
   2902.050     2.7840    34.9342   12.50144  -23.34832 1551545846  61.706558 0.0000e+00
   2900.207     2.7843    34.9343   12.50143  -23.34832 1551545847  61.706570 0.0000e+00
   2898.862     2.7845    34.9345   12.50142  -23.34832 1551545848  61.706581 0.0000e+00
   2898.107     2.7840    34.9344   12.50142  -23.34832 1551545849  61.706593 0.0000e+00
   2897.642     2.7860    34.9345   12.50141  -23.34832 1551545850  61.706604 0.0000e+00
   2896.979     2.7877    34.9346   12.50140  -23.34832 1551545851  61.706615 0.0000e+00
   2896.052     2.7886    34.9347   12.50141  -23.34832 1551545852  61.706627 0.0000e+00
   2895.042     2.7894    34.9346   12.50142  -23.34832 1551545853  61.706638 0.0000e+00
   2894.012     2.7901    34.9348   12.50142  -23.34832 1551545854  61.706650 0.0000e+00
   2892.898     2.7905    34.9348   12.50142  -23.34832 1551545855  61.706661 0.0000e+00
   2891.747     2.7908    34.9348   12.50142  -23.34832 1551545856  61.706673 0.0000e+00
   2890.820     2.7911    34.9348   12.50142  -23.34832 1551545857  61.706684 0.0000e+00
   2890.409     2.7912    34.9349   12.50142  -23.34832 1551545858  61.706696 0.0000e+00
   2890.315     2.7915    34.9349   12.50142  -23.34833 1551545859  61.706707 0.0000e+00
   2889.955     2.7919    34.9349   12.50142  -23.34834 1551545860  61.706718 0.0000e+00
   2889.067     2.7924    34.9348   12.50142  -23.34834 1551545861  61.706730 0.0000e+00
   2887.822     2.7935    34.9349   12.50142  -23.34834 1551545862  61.706741 0.0000e+00
   2886.291     2.7950    34.9349   12.50142  -23.34834 1551545863  61.706753 0.0000e+00
   2884.608     2.7962    34.9350   12.50142  -23.34834 1551545864  61.706764 0.0000e+00
   2882.983     2.7965    34.9351   12.50142  -23.34834 1551545865  61.706776 0.0000e+00
   2881.726     2.7966    34.9352   12.50142  -23.34834 1551545866  61.706787 0.0000e+00
   2881.063     2.7965    34.9353   12.50142  -23.34834 1551545867  61.706799 0.0000e+00
   2880.718     2.7965    34.9354   12.50142  -23.34834 1551545868  61.706810 0.0000e+00
   2880.066     2.7967    34.9351   12.50142  -23.34833 1551545869  61.706821 0.0000e+00
   2878.919     2.7966    34.9351   12.50142  -23.34832 1551545870  61.706833 0.0000e+00
   2877.574     2.7964    34.9352   12.50142  -23.34832 1551545871  61.706844 0.0000e+00
   2876.400     2.7963    34.9354   12.50142  -23.34833 1551545872  61.706856 0.0000e+00
   2875.846     2.7962    34.9355   12.50142  -23.34834 1551545873  61.706871 0.0000e+00
   2875.912     2.7956    34.9355   12.50142  -23.34834 1551545874  61.706879 0.0000e+00
   2875.988     2.7955    34.9354   12.50142  -23.34834 1551545875  61.706894 0.0000e+00
   2875.385     2.7966    34.9354   12.50142  -23.34834 1551545876  61.706905 0.0000e+00
   2874.032     2.7994    34.9353   12.50142  -23.34834 1551545877  61.706917 0.0000e+00
   2872.327     2.8014    34.9354   12.50142  -23.34834 1551545878  61.706928 0.0000e+00
   2870.635     2.8025    34.9356   12.50142  -23.34834 1551545879  61.706940 0.0000e+00
   2869.222     2.8032    34.9356   12.50142  -23.34835 1551545880  61.706951 0.0000e+00
   2868.204     2.8039    34.9359   12.50142  -23.34836 1551545881  61.706963 0.0000e+00
   2867.545     2.8046    34.9359   12.50142  -23.34836 1551545882  61.706974 0.0000e+00
   2867.035     2.8054    34.9359   12.50142  -23.34835 1551545883  61.706985 0.0000e+00
   2866.283     2.8058    34.9359   12.50142  -23.34834 1551545884  61.706997 0.0000e+00
   2865.078     2.8065    34.9359   12.50142  -23.34834 1551545885  61.707008 0.0000e+00
   2863.561     2.8075    34.9360   12.50142  -23.34834 1551545886  61.707020 0.0000e+00
   2862.140     2.8080    34.9362   12.50142  -23.34834 1551545887  61.707031 0.0000e+00
   2861.135     2.8084    34.9363   12.50142  -23.34834 1551545888  61.707043 0.0000e+00
   2860.719     2.8091    34.9363   12.50141  -23.34835 1551545889  61.707054 0.0000e+00
   2860.753     2.8094    34.9364   12.50141  -23.34836 1551545890  61.707066 0.0000e+00
   2860.741     2.8103    34.9363   12.50142  -23.34836 1551545891  61.707077 0.0000e+00
   2860.165     2.8111    34.9362   12.50142  -23.34836 1551545892  61.707088 0.0000e+00
   2858.885     2.8116    34.9362   12.50143  -23.34836 1551545893  61.707100 0.0000e+00
   2857.185     2.8124    34.9363   12.50144  -23.34836 1551545894  61.707111 0.0000e+00
   2855.462     2.8138    34.9365   12.50144  -23.34836 1551545895  61.707123 0.0000e+00
   2854.044     2.8144    34.9365   12.50143  -23.34836 1551545896  61.707134 0.0000e+00
   2853.217     2.8138    34.9367   12.50142  -23.34837 1551545897  61.707146 0.0000e+00
   2852.920     2.8141    34.9367   12.50142  -23.34838 1551545898  61.707157 0.0000e+00
   2852.648     2.8165    34.9368   12.50142  -23.34837 1551545899  61.707169 0.0000e+00
   2851.801     2.8180    34.9366   12.50142  -23.34836 1551545900  61.707180 0.0000e+00
   2850.334     2.8183    34.9366   12.50142  -23.34836 1551545901  61.707191 0.0000e+00
   2848.535     2.8201    34.9367   12.50142  -23.34836 1551545902  61.707203 0.0000e+00
   2846.829     2.8222    34.9370   12.50142  -23.34837 1551545903  61.707214 0.0000e+00
   2845.585     2.8223    34.9370   12.50142  -23.34838 1551545904  61.707230 0.0000e+00
   2844.973     2.8209    34.9371   12.50142  -23.34838 1551545905  61.707237 0.0000e+00
   2844.746     2.8223    34.9373   12.50143  -23.34838 1551545906  61.707253 0.0000e+00
   2844.437     2.8242    34.9372   12.50144  -23.34838 1551545907  61.707264 0.0000e+00
   2843.848     2.8258    34.9372   12.50144  -23.34838 1551545908  61.707275 0.0000e+00
   2843.100     2.8258    34.9373   12.50144  -23.34838 1551545909  61.707287 0.0000e+00
   2842.250     2.8265    34.9373   12.50144  -23.34838 1551545910  61.707298 0.0000e+00
   2841.298     2.8270    34.9373   12.50144  -23.34838 1551545911  61.707310 0.0000e+00
   2840.255     2.8273    34.9373   12.50144  -23.34839 1551545912  61.707321 0.0000e+00
   2839.189     2.8276    34.9374   12.50144  -23.34840 1551545913  61.707333 0.0000e+00
   2838.123     2.8278    34.9374   12.50144  -23.34840 1551545914  61.707344 0.0000e+00
   2837.044     2.8278    34.9374   12.50144  -23.34840 1551545915  61.707355 0.0000e+00
   2835.894     2.8279    34.9374   12.50144  -23.34840 1551545916  61.707367 0.0000e+00
   2834.625     2.8284    34.9375   12.50144  -23.34840 1551545917  61.707378 0.0000e+00
   2833.236     2.8296    34.9375   12.50144  -23.34840 1551545918  61.707390 0.0000e+00
   2831.803     2.8314    34.9375   12.50144  -23.34840 1551545919  61.707401 0.0000e+00
   2830.494     2.8321    34.9376   12.50144  -23.34840 1551545920  61.707413 0.0000e+00
   2829.581     2.8329    34.9378   12.50144  -23.34840 1551545921  61.707424 0.0000e+00
   2829.271     2.8314    34.9379   12.50144  -23.34840 1551545922  61.707436 0.0000e+00
   2829.267     2.8321    34.9379   12.50144  -23.34840 1551545923  61.707447 0.0000e+00
   2828.902     2.8338    34.9379   12.50144  -23.34840 1551545924  61.707458 0.0000e+00
   2827.941     2.8353    34.9378   12.50144  -23.34840 1551545925  61.707470 0.0000e+00
   2826.708     2.8362    34.9379   12.50145  -23.34840 1551545926  61.707481 0.0000e+00
   2825.533     2.8366    34.9379   12.50146  -23.34840 1551545927  61.707493 0.0000e+00
   2824.588     2.8367    34.9380   12.50146  -23.34841 1551545928  61.707504 0.0000e+00
   2823.841     2.8369    34.9380   12.50146  -23.34842 1551545929  61.707516 0.0000e+00
   2823.087     2.8371    34.9380   12.50146  -23.34842 1551545930  61.707527 0.0000e+00
   2822.090     2.8374    34.9379   12.50146  -23.34842 1551545931  61.707539 0.0000e+00
   2820.771     2.8378    34.9381   12.50146  -23.34842 1551545932  61.707550 0.0000e+00
   2819.271     2.8386    34.9380   12.50146  -23.34842 1551545933  61.707565 0.0000e+00
   2817.863     2.8396    34.9382   12.50146  -23.34842 1551545934  61.707573 0.0000e+00
