data/CTD/ladcp/fr29001_ladcp.cnv
* Sea-Bird SBE 9 Data File:
* FileName = C:\SEASOFT\PIRATA-FR29\data\fr29001.hex
* Software Version Seasave V 7.26.7.107
* Temperature SN = 6083
* Conductivity SN = 4509
* Number of Bytes Per Scan = 42
* Number of Voltage Words = 3
* Number of Scans Averaged by the Deck Unit = 1
* NMEA Latitude = 12 29.57 N
* NMEA Longitude = 023 20.56 W
* NMEA UTC (Time) = Mar 02 2019 15:20:02
** Cruise: PIRATA-FR29
** Ship: THALASSA
** Station: 001
** Bottom Depth: 4894
** Barometric pressure : 1013.5
** Temp Air: 23.8
** Operator: JG
** Comments:
# nquan = 8
# nvalues = 8894                        
# units = specified
# name 0 = prDM: Pressure, Digiquartz [db]
# name 1 = t090C: Temperature [ITS-90, deg C]
# name 2 = sal00: Salinity, Practical [PSU]
# name 3 = latitude: Latitude [deg]
# name 4 = longitude: Longitude [deg]
# name 5 = timeY: Time, System [seconds]
# name 6 = timeJ: Julian Days
# name 7 = flag: flag
# span 0 =      2.056,   4074.616       
# span 1 =     2.3596,    24.0119       
# span 2 =    34.8163,    36.0299       
# span 3 =   12.49192,   12.50554       
# span 4 =  -23.34876,  -23.34262       
# span 5 = 1551540003, 1551548896       
# span 6 =  61.638929,  61.741856       
# span 7 = 0.0000e+00, 0.0000e+00       
# interval = seconds: 1                 
# start_time = Mar 02 2019 15:20:03 [System UTC, first data scan.]
# bad_flag = -9.990e-29
*END*
[from data line 7551]
   1163.852     5.2189    34.8950   12.50326  -23.34820 1551547554  61.726326 0.0000e+00
   1162.346     5.2231    34.8946   12.50326  -23.34820 1551547555  61.726337 0.0000e+00
   1160.825     5.2260    34.8944   12.50326  -23.34820 1551547556  61.726349 0.0000e+00
   1159.645     5.2271    34.8940   12.50326  -23.34820 1551547557  61.726360 0.0000e+00
   1158.834     5.2273    34.8939   12.50326  -23.34820 1551547558  61.726372 0.0000e+00
   1158.066     5.2257    34.8943   12.50326  -23.34819 1551547559  61.726383 0.0000e+00
   1157.077     5.2284    34.8937   12.50326  -23.34818 1551547560  61.726395 0.0000e+00
   1155.797     5.2344    34.8929   12.50326  -23.34818 1551547561  61.726406 0.0000e+00
   1154.405     5.2395    34.8927   12.50327  -23.34818 1551547562  61.726418 0.0000e+00
   1153.129     5.2422    34.8922   12.50328  -23.34818 1551547563  61.726429 0.0000e+00
   1151.938     5.2436    34.8917   12.50328  -23.34818 1551547564  61.726440 0.0000e+00
   1150.595     5.2461    34.8908   12.50328  -23.34818 1551547565  61.726452 0.0000e+00
   1149.191     5.2503    34.8900   12.50328  -23.34818 1551547566  61.726463 0.0000e+00
   1148.132     5.2509    34.8901   12.50328  -23.34818 1551547567  61.726475 0.0000e+00
   1147.608     5.2485    34.8907   12.50328  -23.34818 1551547568  61.726486 0.0000e+00
   1147.001     5.2516    34.8901   12.50328  -23.34818 1551547569  61.726498 0.0000e+00
   1145.864     5.2590    34.8899   12.50328  -23.34818 1551547570  61.726509 0.0000e+00
   1144.505     5.2830    34.8908   12.50329  -23.34818 1551547571  61.726521 0.0000e+00
   1143.248     5.2904    34.8914   12.50330  -23.34818 1551547572  61.726532 0.0000e+00
   1142.339     5.2918    34.8917   12.50330  -23.34818 1551547573  61.726543 0.0000e+00
   1141.545     5.2932    34.8919   12.50330  -23.34818 1551547574  61.726555 0.0000e+00
   1140.398     5.3010    34.8927   12.50330  -23.34818 1551547575  61.726570 0.0000e+00
   1138.906     5.3188    34.8939   12.50330  -23.34818 1551547576  61.726578 0.0000e+00
   1137.453     5.3349    34.8955   12.50330  -23.34818 1551547577  61.726593 0.0000e+00
   1136.533     5.3360    34.8954   12.50330  -23.34818 1551547578  61.726604 0.0000e+00
   1136.200     5.3095    34.8943   12.50330  -23.34818 1551547579  61.726616 0.0000e+00
   1135.668     5.3180    34.8959   12.50330  -23.34818 1551547580  61.726627 0.0000e+00
   1134.456     5.3625    34.8976   12.50331  -23.34818 1551547581  61.726639 0.0000e+00
   1132.895     5.4046    34.8986   12.50332  -23.34818 1551547582  61.726650 0.0000e+00
   1131.300     5.4083    34.8987   12.50332  -23.34818 1551547583  61.726662 0.0000e+00
   1129.893     5.4091    34.8988   12.50332  -23.34818 1551547584  61.726673 0.0000e+00
   1128.839     5.4116    34.8990   12.50332  -23.34818 1551547585  61.726685 0.0000e+00
   1128.183     5.4037    34.8996   12.50332  -23.34819 1551547586  61.726696 0.0000e+00
   1127.685     5.4035    34.8994   12.50332  -23.34820 1551547587  61.726707 0.0000e+00
   1126.941     5.4304    34.9018   12.50332  -23.34820 1551547588  61.726719 0.0000e+00
   1125.719     5.4414    34.9002   12.50332  -23.34819 1551547589  61.726730 0.0000e+00
   1123.987     5.3987    34.8917   12.50332  -23.34818 1551547590  61.726742 0.0000e+00
   1121.974     5.3883    34.8890   12.50332  -23.34818 1551547591  61.726753 0.0000e+00
   1120.202     5.3752    34.8872   12.50332  -23.34818 1551547592  61.726765 0.0000e+00
   1119.266     5.3889    34.8900   12.50332  -23.34819 1551547593  61.726776 0.0000e+00
   1119.305     5.3835    34.8886   12.50332  -23.34820 1551547594  61.726788 0.0000e+00
   1119.461     5.3764    34.8867   12.50332  -23.34820 1551547595  61.726799 0.0000e+00
   1118.758     5.3810    34.8868   12.50332  -23.34820 1551547596  61.726810 0.0000e+00
   1117.374     5.3888    34.8883   12.50333  -23.34819 1551547597  61.726822 0.0000e+00
   1115.776     5.4295    34.8898   12.50334  -23.34819 1551547598  61.726833 0.0000e+00
   1114.216     5.4390    34.8905   12.50334  -23.34820 1551547599  61.726845 0.0000e+00
   1112.870     5.4505    34.8916   12.50334  -23.34820 1551547600  61.726856 0.0000e+00
   1111.816     5.4480    34.8915   12.50334  -23.34820 1551547601  61.726868 0.0000e+00
   1110.892     5.4493    34.8935   12.50334  -23.34820 1551547602  61.726879 0.0000e+00
   1109.909     5.4949    34.8969   12.50334  -23.34820 1551547603  61.726891 0.0000e+00
   1108.793     5.4992    34.8954   12.50335  -23.34820 1551547604  61.726902 0.0000e+00
   1107.397     5.4588    34.8878   12.50336  -23.34820 1551547605  61.726913 0.0000e+00
   1105.702     5.4610    34.8872   12.50336  -23.34820 1551547606  61.726929 0.0000e+00
   1104.001     5.4770    34.8882   12.50336  -23.34820 1551547607  61.726936 0.0000e+00
   1102.781     5.4783    34.8886   12.50335  -23.34820 1551547608  61.726952 0.0000e+00
   1102.194     5.4685    34.8889   12.50334  -23.34820 1551547609  61.726963 0.0000e+00
   1101.898     5.4731    34.8886   12.50335  -23.34819 1551547610  61.726974 0.0000e+00
   1101.419     5.4689    34.8860   12.50336  -23.34818 1551547611  61.726986 0.0000e+00
   1100.584     5.4694    34.8864   12.50336  -23.34818 1551547612  61.726997 0.0000e+00
   1099.385     5.4639    34.8827   12.50336  -23.34818 1551547613  61.727009 0.0000e+00
   1097.979     5.4630    34.8822   12.50336  -23.34819 1551547614  61.727020 0.0000e+00
   1096.749     5.4626    34.8812   12.50337  -23.34820 1551547615  61.727032 0.0000e+00
   1095.991     5.4635    34.8819   12.50338  -23.34820 1551547616  61.727043 0.0000e+00
   1095.454     5.4652    34.8825   12.50338  -23.34820 1551547617  61.727055 0.0000e+00
   1094.498     5.4727    34.8827   12.50338  -23.34820 1551547618  61.727066 0.0000e+00
   1092.957     5.5319    34.8872   12.50338  -23.34820 1551547619  61.727077 0.0000e+00
   1091.003     5.5421    34.8877   12.50338  -23.34820 1551547620  61.727089 0.0000e+00
   1088.995     5.5329    34.8854   12.50338  -23.34820 1551547621  61.727100 0.0000e+00
   1087.288     5.5269    34.8838   12.50338  -23.34820 1551547622  61.727112 0.0000e+00
   1086.113     5.5313    34.8864   12.50338  -23.34820 1551547623  61.727123 0.0000e+00
   1085.522     5.5316    34.8869   12.50338  -23.34820 1551547624  61.727135 0.0000e+00
   1085.091     5.5296    34.8863   12.50338  -23.34819 1551547625  61.727146 0.0000e+00
   1084.394     5.5344    34.8854   12.50338  -23.34818 1551547626  61.727158 0.0000e+00
   1083.378     5.5448    34.8844   12.50338  -23.34818 1551547627  61.727169 0.0000e+00
   1082.226     5.5494    34.8829   12.50339  -23.34818 1551547628  61.727180 0.0000e+00
   1081.126     5.5464    34.8805   12.50340  -23.34818 1551547629  61.727192 0.0000e+00
   1080.279     5.5447    34.8791   12.50340  -23.34818 1551547630  61.727203 0.0000e+00
   1079.580     5.5444    34.8784   12.50340  -23.34818 1551547631  61.727215 0.0000e+00
   1078.814     5.5429    34.8770   12.50340  -23.34819 1551547632  61.727226 0.0000e+00
   1077.839     5.5432    34.8761   12.50340  -23.34820 1551547633  61.727238 0.0000e+00
   1076.596     5.5443    34.8756   12.50341  -23.34820 1551547634  61.727249 0.0000e+00
   1075.086     5.5421    34.8739   12.50342  -23.34819 1551547635  61.727264 0.0000e+00
   1073.405     5.5471    34.8739   12.50342  -23.34818 1551547636  61.727272 0.0000e+00
   1071.677     5.5622    34.8752   12.50342  -23.34818 1551547637  61.727287 0.0000e+00
   1070.020     5.5718    34.8752   12.50342  -23.34818 1551547638  61.727299 0.0000e+00
   1068.605     5.5847    34.8759   12.50342  -23.34818 1551547639  61.727310 0.0000e+00
   1067.683     5.5733    34.8759   12.50342  -23.34818 1551547640  61.727322 0.0000e+00
   1067.261     5.5634    34.8759   12.50342  -23.34818 1551547641  61.727333 0.0000e+00
   1066.872     5.5707    34.8753   12.50342  -23.34818 1551547642  61.727345 0.0000e+00
   1066.027     5.5893    34.8751   12.50342  -23.34817 1551547643  61.727356 0.0000e+00
   1064.787     5.5987    34.8726   12.50343  -23.34816 1551547644  61.727367 0.0000e+00
   1063.513     5.5989    34.8727   12.50344  -23.34817 1551547645  61.727379 0.0000e+00
   1062.506     5.5989    34.8728   12.50344  -23.34818 1551547646  61.727390 0.0000e+00
   1061.727     5.5986    34.8729   12.50344  -23.34818 1551547647  61.727402 0.0000e+00
   1060.803     5.5997    34.8730   12.50344  -23.34818 1551547648  61.727413 0.0000e+00
   1059.606     5.6000    34.8705   12.50344  -23.34818 1551547649  61.727425 0.0000e+00
   1058.287     5.5868    34.8668   12.50345  -23.34818 1551547650  61.727436 0.0000e+00
   1056.923     5.5854    34.8662   12.50346  -23.34817 1551547651  61.727448 0.0000e+00
   1055.446     5.5845    34.8659   12.50346  -23.34816 1551547652  61.727459 0.0000e+00
   1053.953     5.5850    34.8656   12.50346  -23.34816 1551547653  61.727470 0.0000e+00
   1052.706     5.5867    34.8655   12.50346  -23.34816 1551547654  61.727482 0.0000e+00
   1051.830     5.5874    34.8656   12.50346  -23.34816 1551547655  61.727493 0.0000e+00
   1051.078     5.5899    34.8654   12.50346  -23.34816 1551547656  61.727505 0.0000e+00
   1050.114     5.5968    34.8647   12.50346  -23.34816 1551547657  61.727516 0.0000e+00
   1048.926     5.6125    34.8646   12.50346  -23.34816 1551547658  61.727528 0.0000e+00
   1047.710     5.6207    34.8646   12.50346  -23.34816 1551547659  61.727539 0.0000e+00
   1046.621     5.6269    34.8653   12.50347  -23.34816 1551547660  61.727551 0.0000e+00
   1045.609     5.6323    34.8655   12.50348  -23.34816 1551547661  61.727562 0.0000e+00
   1044.533     5.6366    34.8655   12.50348  -23.34816 1551547662  61.727573 0.0000e+00
   1043.518     5.6409    34.8657   12.50348  -23.34816 1551547663  61.727585 0.0000e+00
   1042.704     5.6451    34.8657   12.50348  -23.34816 1551547664  61.727600 0.0000e+00
   1041.931     5.6505    34.8656   12.50348  -23.34816 1551547665  61.727608 0.0000e+00
   1040.923     5.6601    34.8665   12.50349  -23.34816 1551547666  61.727623 0.0000e+00
   1039.639     5.6719    34.8658   12.50350  -23.34816 1551547667  61.727634 0.0000e+00
   1038.197     5.6731    34.8652   12.50350  -23.34815 1551547668  61.727646 0.0000e+00
   1036.704     5.6657    34.8631   12.50350  -23.34814 1551547669  61.727657 0.0000e+00
   1035.202     5.6553    34.8610   12.50350  -23.34814 1551547670  61.727669 0.0000e+00
   1033.773     5.6558    34.8610   12.50350  -23.34814 1551547671  61.727680 0.0000e+00
   1032.491     5.6594    34.8612   12.50350  -23.34814 1551547672  61.727692 0.0000e+00
   1031.442     5.6611    34.8604   12.50350  -23.34814 1551547673  61.727703 0.0000e+00
   1030.670     5.6617    34.8601   12.50350  -23.34814 1551547674  61.727715 0.0000e+00
   1030.073     5.6685    34.8606   12.50350  -23.34814 1551547675  61.727726 0.0000e+00
   1029.429     5.6716    34.8605   12.50350  -23.34813 1551547676  61.727737 0.0000e+00
   1028.576     5.6758    34.8596   12.50351  -23.34812 1551547677  61.727749 0.0000e+00
   1027.451     5.6737    34.8584   12.50352  -23.34812 1551547678  61.727760 0.0000e+00
   1026.167     5.6615    34.8545   12.50352  -23.34812 1551547679  61.727772 0.0000e+00
   1024.858     5.6396    34.8494   12.50352  -23.34812 1551547680  61.727783 0.0000e+00
   1023.592     5.6320    34.8467   12.50352  -23.34813 1551547681  61.727795 0.0000e+00
   1022.464     5.6221    34.8442   12.50352  -23.34814 1551547682  61.727806 0.0000e+00
   1021.605     5.6217    34.8440   12.50352  -23.34813 1551547683  61.727818 0.0000e+00
   1020.846     5.6242    34.8437   12.50352  -23.34812 1551547684  61.727829 0.0000e+00
   1019.722     5.6282    34.8436   12.50353  -23.34812 1551547685  61.727840 0.0000e+00
   1018.125     5.6359    34.8435   12.50354  -23.34812 1551547686  61.727852 0.0000e+00
   1016.361     5.6420    34.8440   12.50354  -23.34812 1551547687  61.727863 0.0000e+00
   1014.785     5.6437    34.8440   12.50354  -23.34812 1551547688  61.727875 0.0000e+00
   1013.487     5.6450    34.8438   12.50354  -23.34811 1551547689  61.727886 0.0000e+00
   1012.391     5.6452    34.8422   12.50354  -23.34810 1551547690  61.727898 0.0000e+00
   1011.654     5.6465    34.8411   12.50354  -23.34811 1551547691  61.727909 0.0000e+00
   1011.469     5.6420    34.8435   12.50354  -23.34812 1551547692  61.727921 0.0000e+00
   1011.317     5.6488    34.8437   12.50354  -23.34812 1551547693  61.727936 0.0000e+00
   1010.434     5.6730    34.8421   12.50354  -23.34812 1551547694  61.727943 0.0000e+00
   1008.865     5.6785    34.8423   12.50355  -23.34811 1551547695  61.727959 0.0000e+00
   1007.136     5.6793    34.8423   12.50356  -23.34810 1551547696  61.727970 0.0000e+00
   1005.687     5.6811    34.8422   12.50356  -23.34810 1551547697  61.727982 0.0000e+00
   1004.707     5.6826    34.8416   12.50356  -23.34811 1551547698  61.727993 0.0000e+00
   1004.033     5.6793    34.8423   12.50356  -23.34812 1551547699  61.728004 0.0000e+00
   1003.272     5.6845    34.8412   12.50356  -23.34812 1551547700  61.728016 0.0000e+00
   1002.137     5.6959    34.8403   12.50356  -23.34811 1551547701  61.728027 0.0000e+00
   1000.606     5.7078    34.8411   12.50356  -23.34810 1551547702  61.728039 0.0000e+00
    998.877     5.7201    34.8426   12.50356  -23.34810 1551547703  61.728050 0.0000e+00
    997.279     5.7381    34.8436   12.50356  -23.34810 1551547704  61.728062 0.0000e+00
    996.173     5.7292    34.8432   12.50356  -23.34810 1551547705  61.728073 0.0000e+00
    995.567     5.7187    34.8437   12.50356  -23.34810 1551547706  61.728085 0.0000e+00
    994.888     5.7264    34.8409   12.50357  -23.34810 1551547707  61.728096 0.0000e+00
    993.859     5.7283    34.8360   12.50358  -23.34810 1551547708  61.728107 0.0000e+00
    992.671     5.7120    34.8301   12.50358  -23.34810 1551547709  61.728119 0.0000e+00
    991.487     5.7124    34.8305   12.50358  -23.34810 1551547710  61.728130 0.0000e+00
    990.457     5.7274    34.8324   12.50358  -23.34810 1551547711  61.728142 0.0000e+00
    989.674     5.7443    34.8333   12.50358  -23.34810 1551547712  61.728153 0.0000e+00
    989.002     5.7511    34.8347   12.50358  -23.34810 1551547713  61.728165 0.0000e+00
    988.013     5.7538    34.8343   12.50358  -23.34810 1551547714  61.728176 0.0000e+00
    986.468     5.7580    34.8345   12.50359  -23.34810 1551547715  61.728188 0.0000e+00
    984.668     5.7638    34.8345   12.50360  -23.34810 1551547716  61.728199 0.0000e+00
    983.073     5.7622    34.8344   12.50360  -23.34810 1551547717  61.728210 0.0000e+00
    982.075     5.7612    34.8347   12.50360  -23.34810 1551547718  61.728222 0.0000e+00
    981.593     5.7598    34.8349   12.50360  -23.34810 1551547719  61.728233 0.0000e+00
    981.013     5.7509    34.8306   12.50360  -23.34810 1551547720  61.728245 0.0000e+00
    979.979     5.7440    34.8285   12.50360  -23.34809 1551547721  61.728256 0.0000e+00
    978.597     5.7405    34.8270   12.50360  -23.34808 1551547722  61.728271 0.0000e+00
    976.998     5.7736    34.8279   12.50360  -23.34808 1551547723  61.728279 0.0000e+00
    975.465     5.7834    34.8280   12.50360  -23.34808 1551547724  61.728294 0.0000e+00
    974.396     5.7851    34.8281   12.50360  -23.34808 1551547725  61.728306 0.0000e+00
    973.983     5.7753    34.8287   12.50360  -23.34808 1551547726  61.728317 0.0000e+00
    973.648     5.7980    34.8298   12.50361  -23.34808 1551547727  61.728329 0.0000e+00
    972.825     5.8259    34.8306   12.50362  -23.34808 1551547728  61.728340 0.0000e+00
    971.509     5.8337    34.8297   12.50362  -23.34808 1551547729  61.728352 0.0000e+00
    969.820     5.8475    34.8304   12.50362  -23.34808 1551547730  61.728363 0.0000e+00
    968.008     5.8483    34.8298   12.50362  -23.34808 1551547731  61.728374 0.0000e+00
    966.490     5.8587    34.8315   12.50362  -23.34808 1551547732  61.728386 0.0000e+00
