data/TSG/SEASAVE/01.cnv
* Sea-Bird SBE 21 Data File:
* FileName = E:\ABRACOS2\abra01.hex
* Software Version Seasave V 7.25.0.151
* Temperature SN = 3293
* Conductivity SN = 3293
* System UpLoad Time = Apr 09 2017 13:34:18
* NMEA Latitude = 08 22.33 S
* NMEA Longitude = 034 49.77 W
* NMEA UTC (Time) = Apr 09 2017  13:34:11
** Ship: antea
** Station: 1
** Operator:
# nquan = 12                                
# nvalues = 17154                       
# units = specified
# name 0 = scan: Scan Count
# name 1 = t090C: Temperature [ITS-90, deg C]
# name 2 = c0S/m: Conductivity [S/m]
# name 3 = t3890C: Temperature, SBE 38 [ITS-90, deg C]
# name 4 = latitude: Latitude [deg]
# name 5 = longitude: Longitude [deg]
# name 6 = timeJ: Julian Days
# name 7 = prM: Pressure [db]
# name 8 = sal00: Salinity, Practical [PSU]
# name 9 = sigma-é00: Density [sigma-theta, kg/m^3]
# name 10 = svCM: Sound Velocity [Chen-Millero, m/s]
# name 11 = flag: flag
# span 0 =          1,      17154       
# span 1 =    28.3449,    30.0025       
# span 2 =   5.788624,   6.227498       
# span 3 =    28.2045,    29.8275       
# span 4 =   -9.40568,   -8.37246       
# span 5 =  -35.42618,  -34.72044       
# span 6 =  99.565405, 100.756586       
# span 7 =      0.000,      0.000       
# span 8 =    35.8999,    37.6728       
# span 9 =    22.9276,    24.0455       
# span 10 =    1543.04,    1548.39      
# span 11 = 0.0000e+00, 0.0000e+00      
# interval = seconds: 6
# start_time = Apr 09 2017 13:34:11 [NMEA time, header]
# bad_flag = -9.990e-29
*END*
[from data line 14196]
      14197    29.8498   6.207466    29.6636   -9.33562  -35.36592 100.551238      0.000    37.6461    23.7632    1548.06 0.0000e+00
      14198    29.8515   6.207876    29.6639   -9.33546  -35.36576 100.551308      0.000    37.6476    23.7638    1548.06 0.0000e+00
      14199    29.8498   6.207569    29.6662   -9.33528  -35.36560 100.551377      0.000    37.6469    23.7638    1548.06 0.0000e+00
      14200    29.8492   6.207466    29.6658   -9.33512  -35.36544 100.551447      0.000    37.6466    23.7638    1548.06 0.0000e+00
      14201    29.8492   6.207466    29.6619   -9.33494  -35.36528 100.551516      0.000    37.6466    23.7638    1548.06 0.0000e+00
      14202    29.8498   6.207466    29.6665   -9.33476  -35.36514 100.551586      0.000    37.6461    23.7632    1548.06 0.0000e+00
      14203    29.8492   6.207466    29.6716   -9.33460  -35.36498 100.551655      0.000    37.6466    23.7638    1548.06 0.0000e+00
      14204    29.8520   6.207978    29.6748   -9.33442  -35.36480 100.551725      0.000    37.6479    23.7638    1548.07 0.0000e+00
      14205    29.8571   6.208592    29.6776   -9.33424  -35.36466 100.551794      0.000    37.6482    23.7623    1548.08 0.0000e+00
      14206    29.8627   6.209305    29.6743   -9.33406  -35.36450 100.551863      0.000    37.6487    23.7607    1548.09 0.0000e+00
      14207    29.8695   6.210124    29.6702   -9.33390  -35.36434 100.551933      0.000    37.6490    23.7586    1548.10 0.0000e+00
      14208    29.8661   6.209817    29.6729   -9.33372  -35.36418 100.552002      0.000    37.6495    23.7602    1548.10 0.0000e+00
      14209    29.8622   6.209407    29.6653   -9.33356  -35.36402 100.552072      0.000    37.6498    23.7617    1548.09 0.0000e+00
      14210    29.8627   6.209612    29.6621   -9.33338  -35.36386 100.552141      0.000    37.6508    23.7623    1548.09 0.0000e+00
      14211    29.8611   6.209407    29.6703   -9.33320  -35.36370 100.552211      0.000    37.6506    23.7627    1548.09 0.0000e+00
      14212    29.8543   6.208695    29.6694   -9.33304  -35.36354 100.552280      0.000    37.6511    23.7654    1548.07 0.0000e+00
      14213    29.8554   6.208793    29.6661   -9.33286  -35.36338 100.552350      0.000    37.6509    23.7649    1548.08 0.0000e+00
      14214    29.8543   6.208490    29.6677   -9.33268  -35.36322 100.552419      0.000    37.6497    23.7643    1548.07 0.0000e+00
      14215    29.8470   6.207671    29.6640   -9.33250  -35.36306 100.552488      0.000    37.6497    23.7669    1548.06 0.0000e+00
      14216    29.8503   6.207876    29.6562   -9.33234  -35.36290 100.552558      0.000    37.6486    23.7649    1548.06 0.0000e+00
      14217    29.8436   6.206954    29.6552   -9.33216  -35.36274 100.552627      0.000    37.6475    23.7664    1548.05 0.0000e+00
      14218    29.8413   6.206647    29.6552   -9.33200  -35.36258 100.552697      0.000    37.6472    23.7669    1548.04 0.0000e+00
      14219    29.8418   6.206442    29.6508   -9.33182  -35.36242 100.552766      0.000    37.6454    23.7654    1548.04 0.0000e+00
      14220    29.8452   6.206852    29.6494   -9.33166  -35.36226 100.552836      0.000    37.6455    23.7644    1548.05 0.0000e+00
      14221    29.8447   6.206647    29.6454   -9.33148  -35.36210 100.552905      0.000    37.6445    23.7638    1548.05 0.0000e+00
      14222    29.8396   6.206033    29.6429   -9.33130  -35.36194 100.552975      0.000    37.6443    23.7653    1548.04 0.0000e+00
      14223    29.8356   6.205423    29.6452   -9.33114  -35.36178 100.553044      0.000    37.6432    23.7659    1548.03 0.0000e+00
      14224    29.8334   6.205218    29.6476   -9.33096  -35.36162 100.553113      0.000    37.6435    23.7669    1548.02 0.0000e+00
      14225    29.8323   6.205116    29.6477   -9.33078  -35.36146 100.553183      0.000    37.6437    23.7674    1548.02 0.0000e+00
      14226    29.8351   6.205423    29.6508   -9.33060  -35.36130 100.553252      0.000    37.6436    23.7664    1548.03 0.0000e+00
      14227    29.8379   6.205833    29.6483   -9.33044  -35.36114 100.553322      0.000    37.6442    23.7659    1548.03 0.0000e+00
      14228    29.8345   6.205423    29.6469   -9.33026  -35.36098 100.553391      0.000    37.6441    23.7669    1548.03 0.0000e+00
      14229    29.8323   6.205219    29.6503   -9.33008  -35.36082 100.553461      0.000    37.6444    23.7679    1548.02 0.0000e+00
      14230    29.8323   6.205219    29.6504   -9.32990  -35.36066 100.553530      0.000    37.6444    23.7679    1548.02 0.0000e+00
      14231    29.8385   6.205833    29.6536   -9.32972  -35.36048 100.553600      0.000    37.6438    23.7653    1548.03 0.0000e+00
      14232    29.8408   6.205935    29.6570   -9.32954  -35.36032 100.553669      0.000    37.6427    23.7637    1548.04 0.0000e+00
      14233    29.8402   6.205628    29.6558   -9.32938  -35.36016 100.553738      0.000    37.6410    23.7627    1548.03 0.0000e+00
      14234    29.8379   6.205321    29.6572   -9.32920  -35.36000 100.553808      0.000    37.6407    23.7633    1548.03 0.0000e+00
      14235    29.8294   6.204195    29.6564   -9.32902  -35.35984 100.553877      0.000    37.6396    23.7654    1548.01 0.0000e+00
      14236    29.8278   6.203990    29.6554   -9.32886  -35.35968 100.553947      0.000    37.6395    23.7658    1548.01 0.0000e+00
      14237    29.8317   6.204195    29.6566   -9.32868  -35.35952 100.554016      0.000    37.6378    23.7632    1548.01 0.0000e+00
      14238    29.8345   6.204399    29.6545   -9.32850  -35.35934 100.554086      0.000    37.6370    23.7617    1548.02 0.0000e+00
      14239    29.8345   6.204297    29.6529   -9.32832  -35.35918 100.554155      0.000    37.6363    23.7611    1548.02 0.0000e+00
      14240    29.8289   6.203478    29.6551   -9.32816  -35.35902 100.554225      0.000    37.6351    23.7621    1548.00 0.0000e+00
      14241    29.8266   6.203171    29.6538   -9.32798  -35.35886 100.554294      0.000    37.6348    23.7627    1548.00 0.0000e+00
      14242    29.8294   6.203478    29.6522   -9.32780  -35.35870 100.554363      0.000    37.6347    23.7617    1548.01 0.0000e+00
      14243    29.8351   6.203990    29.6539   -9.32762  -35.35854 100.554433      0.000    37.6338    23.7590    1548.02 0.0000e+00
      14244    29.8311   6.203478    29.6602   -9.32746  -35.35838 100.554502      0.000    37.6334    23.7601    1548.01 0.0000e+00
      14245    29.8351   6.203990    29.6639   -9.32728  -35.35822 100.554572      0.000    37.6338    23.7590    1548.02 0.0000e+00
      14246    29.8430   6.204911    29.6681   -9.32710  -35.35806 100.554641      0.000    37.6339    23.7564    1548.03 0.0000e+00
      14247    29.8520   6.205935    29.6661   -9.32694  -35.35790 100.554711      0.000    37.6339    23.7533    1548.05 0.0000e+00
      14248    29.8543   6.206135    29.6636   -9.32676  -35.35776 100.554780      0.000    37.6335    23.7522    1548.06 0.0000e+00
      14249    29.8526   6.206135    29.6646   -9.32660  -35.35758 100.554850      0.000    37.6348    23.7538    1548.05 0.0000e+00
      14250    29.8515   6.206442    29.6739   -9.32644  -35.35742 100.554919      0.000    37.6378    23.7564    1548.05 0.0000e+00
      14251    29.8509   6.206442    29.6749   -9.32626  -35.35728 100.554988      0.000    37.6383    23.7569    1548.05 0.0000e+00
      14252    29.8441   6.206238    29.6885   -9.32610  -35.35712 100.555058      0.000    37.6422    23.7622    1548.04 0.0000e+00
      14253    29.8520   6.207261    29.6941   -9.32592  -35.35696 100.555127      0.000    37.6430    23.7601    1548.06 0.0000e+00
      14254    29.8633   6.208695    29.6965   -9.32574  -35.35680 100.555197      0.000    37.6440    23.7570    1548.08 0.0000e+00
      14255    29.8757   6.210226    29.6950   -9.32558  -35.35664 100.555266      0.000    37.6449    23.7534    1548.11 0.0000e+00
      14256    29.8847   6.211553    29.6985   -9.32540  -35.35648 100.555336      0.000    37.6469    23.7519    1548.13 0.0000e+00
      14257    29.8876   6.212065    29.6995   -9.32522  -35.35632 100.555405      0.000    37.6482    23.7518    1548.14 0.0000e+00
      14258    29.8876   6.212167    29.7022   -9.32506  -35.35616 100.555475      0.000    37.6489    23.7523    1548.14 0.0000e+00
      14259    29.8915   6.212679    29.7009   -9.32488  -35.35602 100.555544      0.000    37.6493    23.7513    1548.15 0.0000e+00
      14260    29.8932   6.212884    29.7048   -9.32470  -35.35586 100.555613      0.000    37.6494    23.7508    1548.15 0.0000e+00
      14261    29.8926   6.213089    29.7127   -9.32454  -35.35570 100.555683      0.000    37.6513    23.7524    1548.15 0.0000e+00
      14262    29.8977   6.213802    29.7120   -9.32436  -35.35554 100.555752      0.000    37.6522    23.7513    1548.16 0.0000e+00
      14263    29.9039   6.214416    29.7137   -9.32420  -35.35538 100.555822      0.000    37.6516    23.7487    1548.18 0.0000e+00
      14264    29.9033   6.214416    29.7128   -9.32402  -35.35522 100.555891      0.000    37.6520    23.7493    1548.18 0.0000e+00
      14265    29.8988   6.214006    29.7110   -9.32384  -35.35506 100.555961      0.000    37.6527    23.7514    1548.17 0.0000e+00
      14266    29.8988   6.214006    29.7100   -9.32368  -35.35490 100.556030      0.000    37.6527    23.7514    1548.17 0.0000e+00
      14267    29.9011   6.214416    29.7122   -9.32350  -35.35474 100.556100      0.000    37.6538    23.7513    1548.17 0.0000e+00
      14268    29.9045   6.214826    29.7143   -9.32332  -35.35458 100.556169      0.000    37.6539    23.7503    1548.18 0.0000e+00
      14269    29.9073   6.215031    29.7137   -9.32314  -35.35442 100.556238      0.000    37.6531    23.7487    1548.19 0.0000e+00
      14270    29.9084   6.215133    29.7099   -9.32298  -35.35428 100.556308      0.000    37.6530    23.7482    1548.19 0.0000e+00
      14271    29.9079   6.215031    29.7099   -9.32280  -35.35412 100.556377      0.000    37.6527    23.7482    1548.19 0.0000e+00
      14272    29.8960   6.213699    29.7023   -9.32262  -35.35396 100.556447      0.000    37.6528    23.7524    1548.16 0.0000e+00
      14273    29.8898   6.213089    29.7110   -9.32246  -35.35380 100.556516      0.000    37.6535    23.7550    1548.15 0.0000e+00
      14274    29.8932   6.213494    29.7103   -9.32228  -35.35364 100.556586      0.000    37.6536    23.7539    1548.16 0.0000e+00
      14275    29.8977   6.214006    29.6996   -9.32212  -35.35348 100.556655      0.000    37.6536    23.7524    1548.17 0.0000e+00
      14276    29.8966   6.213699    29.7033   -9.32194  -35.35332 100.556725      0.000    37.6524    23.7518    1548.16 0.0000e+00
      14277    29.8892   6.212884    29.6981   -9.32178  -35.35316 100.556794      0.000    37.6525    23.7545    1548.15 0.0000e+00
      14278    29.8864   6.212577    29.6987   -9.32160  -35.35300 100.556863      0.000    37.6526    23.7555    1548.14 0.0000e+00
      14279    29.8870   6.212577    29.7005   -9.32144  -35.35284 100.556933      0.000    37.6522    23.7550    1548.14 0.0000e+00
      14280    29.8864   6.212475    29.6970   -9.32126  -35.35268 100.557002      0.000    37.6519    23.7550    1548.14 0.0000e+00
      14281    29.8853   6.212372    29.6903   -9.32108  -35.35252 100.557072      0.000    37.6521    23.7555    1548.14 0.0000e+00
      14282    29.8847   6.212167    29.6838   -9.32092  -35.35236 100.557141      0.000    37.6511    23.7550    1548.14 0.0000e+00
      14283    29.8825   6.211758    29.6813   -9.32076  -35.35220 100.557211      0.000    37.6501    23.7550    1548.13 0.0000e+00
      14284    29.8763   6.210840    29.6815   -9.32058  -35.35204 100.557280      0.000    37.6486    23.7560    1548.12 0.0000e+00
      14285    29.8684   6.209816    29.6734   -9.32042  -35.35188 100.557350      0.000    37.6477    23.7581    1548.10 0.0000e+00
      14286    29.8661   6.209612    29.6693   -9.32024  -35.35172 100.557419      0.000    37.6481    23.7592    1548.09 0.0000e+00
      14287    29.8633   6.209100    29.6647   -9.32008  -35.35156 100.557488      0.000    37.6468    23.7591    1548.09 0.0000e+00
      14288    29.8599   6.208490    29.6576   -9.31990  -35.35140 100.557558      0.000    37.6453    23.7591    1548.08 0.0000e+00
      14289    29.8543   6.207466    29.6547   -9.31974  -35.35124 100.557627      0.000    37.6426    23.7591    1548.06 0.0000e+00
      14290    29.8396   6.205935    29.6575   -9.31958  -35.35108 100.557697      0.000    37.6436    23.7648    1548.04 0.0000e+00
      14291    29.8351   6.205423    29.6513   -9.31940  -35.35092 100.557766      0.000    37.6436    23.7664    1548.03 0.0000e+00
      14292    29.8306   6.204707    29.6514   -9.31924  -35.35076 100.557836      0.000    37.6422    23.7669    1548.02 0.0000e+00
      14293    29.8238   6.203888    29.6466   -9.31906  -35.35060 100.557905      0.000    37.6419    23.7690    1548.00 0.0000e+00
      14294    29.8266   6.204195    29.6436   -9.31888  -35.35044 100.557975      0.000    37.6418    23.7680    1548.01 0.0000e+00
      14295    29.8278   6.204093    29.6430   -9.31872  -35.35028 100.558044      0.000    37.6402    23.7663    1548.01 0.0000e+00
      14296    29.8278   6.204093    29.6395   -9.31854  -35.35014 100.558113      0.000    37.6402    23.7663    1548.01 0.0000e+00
      14297    29.8289   6.204093    29.6347   -9.31836  -35.34998 100.558183      0.000    37.6393    23.7653    1548.01 0.0000e+00
      14298    29.8294   6.204093    29.6320   -9.31818  -35.34982 100.558252      0.000    37.6389    23.7648    1548.01 0.0000e+00
      14299    29.8278   6.203785    29.6244   -9.31800  -35.34966 100.558322      0.000    37.6381    23.7647    1548.01 0.0000e+00
      14300    29.8244   6.203478    29.6277   -9.31784  -35.34950 100.558391      0.000    37.6386    23.7663    1548.00 0.0000e+00
      14301    29.8199   6.202664    29.6227   -9.31766  -35.34934 100.558461      0.000    37.6365    23.7663    1547.99 0.0000e+00
      14302    29.8108   6.201641    29.6164   -9.31750  -35.34918 100.558530      0.000    37.6366    23.7695    1547.97 0.0000e+00
      14303    29.8069   6.201232    29.6098   -9.31732  -35.34902 100.558600      0.000    37.6369    23.7710    1547.96 0.0000e+00
      14304    29.8069   6.201129    29.6056   -9.31716  -35.34886 100.558669      0.000    37.6361    23.7705    1547.96 0.0000e+00
      14305    29.8012   6.200413    29.6027   -9.31698  -35.34870 100.558738      0.000    37.6357    23.7721    1547.95 0.0000e+00
      14306    29.7973   6.199799    29.6013   -9.31682  -35.34854 100.558808      0.000    37.6345    23.7725    1547.94 0.0000e+00
      14307    29.7927   6.199185    29.6004   -9.31664  -35.34838 100.558877      0.000    37.6339    23.7736    1547.93 0.0000e+00
      14308    29.7916   6.198878    29.5997   -9.31648  -35.34822 100.558947      0.000    37.6326    23.7731    1547.92 0.0000e+00
      14309    29.7899   6.198674    29.5965   -9.31630  -35.34806 100.559016      0.000    37.6326    23.7736    1547.92 0.0000e+00
      14310    29.7899   6.198576    29.6007   -9.31612  -35.34790 100.559086      0.000    37.6319    23.7731    1547.92 0.0000e+00
      14311    29.7877   6.198269    29.5957   -9.31596  -35.34774 100.559155      0.000    37.6315    23.7736    1547.92 0.0000e+00
      14312    29.7854   6.198064    29.5963   -9.31578  -35.34758 100.559225      0.000    37.6319    23.7746    1547.91 0.0000e+00
      14313    29.7860   6.197860    29.5960   -9.31562  -35.34740 100.559294      0.000    37.6300    23.7730    1547.91 0.0000e+00
      14314    29.7815   6.197450    29.5969   -9.31544  -35.34724 100.559363      0.000    37.6307    23.7751    1547.90 0.0000e+00
      14315    29.7831   6.197655    29.5975   -9.31526  -35.34708 100.559433      0.000    37.6309    23.7747    1547.91 0.0000e+00
