data/TSG/SEASAVE/01.cnv
* Sea-Bird SBE 21 Data File:
* FileName = E:\ABRACOS2\abra01.hex
* Software Version Seasave V 7.25.0.151
* Temperature SN = 3293
* Conductivity SN = 3293
* System UpLoad Time = Apr 09 2017 13:34:18
* NMEA Latitude = 08 22.33 S
* NMEA Longitude = 034 49.77 W
* NMEA UTC (Time) = Apr 09 2017  13:34:11
** Ship: antea
** Station: 1
** Operator:
# nquan = 12                                
# nvalues = 17154                       
# units = specified
# name 0 = scan: Scan Count
# name 1 = t090C: Temperature [ITS-90, deg C]
# name 2 = c0S/m: Conductivity [S/m]
# name 3 = t3890C: Temperature, SBE 38 [ITS-90, deg C]
# name 4 = latitude: Latitude [deg]
# name 5 = longitude: Longitude [deg]
# name 6 = timeJ: Julian Days
# name 7 = prM: Pressure [db]
# name 8 = sal00: Salinity, Practical [PSU]
# name 9 = sigma-é00: Density [sigma-theta, kg/m^3]
# name 10 = svCM: Sound Velocity [Chen-Millero, m/s]
# name 11 = flag: flag
# span 0 =          1,      17154       
# span 1 =    28.3449,    30.0025       
# span 2 =   5.788624,   6.227498       
# span 3 =    28.2045,    29.8275       
# span 4 =   -9.40568,   -8.37246       
# span 5 =  -35.42618,  -34.72044       
# span 6 =  99.565405, 100.756586       
# span 7 =      0.000,      0.000       
# span 8 =    35.8999,    37.6728       
# span 9 =    22.9276,    24.0455       
# span 10 =    1543.04,    1548.39      
# span 11 = 0.0000e+00, 0.0000e+00      
# interval = seconds: 6
# start_time = Apr 09 2017 13:34:11 [NMEA time, header]
# bad_flag = -9.990e-29
*END*
[from data line 3489]
       3490    29.0016   6.060310    28.7906   -8.72938  -34.74130  99.807697      0.000    37.2923    23.7859    1545.91 0.0000e+00
       3491    29.0016   6.060103    28.7883   -8.72954  -34.74110  99.807766      0.000    37.2909    23.7848    1545.91 0.0000e+00
       3492    28.9947   6.059390    28.7859   -8.72972  -34.74092  99.807836      0.000    37.2913    23.7875    1545.90 0.0000e+00
       3493    28.9924   6.059082    28.7832   -8.72990  -34.74074  99.807905      0.000    37.2910    23.7880    1545.89 0.0000e+00
       3494    28.9947   6.059285    28.7793   -8.73008  -34.74058  99.807975      0.000    37.2906    23.7869    1545.89 0.0000e+00
       3495    28.9913   6.058875    28.7786   -8.73026  -34.74040  99.808044      0.000    37.2904    23.7879    1545.89 0.0000e+00
       3496    28.9850   6.058163    28.7772   -8.73046  -34.74024  99.808113      0.000    37.2903    23.7900    1545.87 0.0000e+00
       3497    28.9810   6.057754    28.7753   -8.73066  -34.74008  99.808183      0.000    37.2906    23.7916    1545.87 0.0000e+00
       3498    28.9793   6.057653    28.7739   -8.73084  -34.73992  99.808252      0.000    37.2913    23.7926    1545.86 0.0000e+00
       3499    28.9782   6.057547    28.7765   -8.73104  -34.73976  99.808322      0.000    37.2914    23.7931    1545.86 0.0000e+00
       3500    28.9765   6.057243    28.7758   -8.73124  -34.73960  99.808391      0.000    37.2906    23.7931    1545.86 0.0000e+00
       3501    28.9765   6.057142    28.7767   -8.73142  -34.73944  99.808461      0.000    37.2899    23.7925    1545.86 0.0000e+00
       3502    28.9742   6.056936    28.7780   -8.73162  -34.73928  99.808530      0.000    37.2903    23.7936    1545.85 0.0000e+00
       3503    28.9725   6.056733    28.7810   -8.73182  -34.73912  99.808600      0.000    37.2902    23.7941    1545.85 0.0000e+00
       3504    28.9725   6.056628    28.7867   -8.73200  -34.73896  99.808669      0.000    37.2894    23.7935    1545.85 0.0000e+00
       3505    28.9759   6.056834    28.7853   -8.73218  -34.73880  99.808738      0.000    37.2882    23.7915    1545.85 0.0000e+00
       3506    28.9799   6.057142    28.7889   -8.73238  -34.73864  99.808808      0.000    37.2872    23.7894    1545.86 0.0000e+00
       3507    28.9862   6.057652    28.7893   -8.73260  -34.73852  99.808877      0.000    37.2859    23.7862    1545.87 0.0000e+00
       3508    28.9896   6.058163    28.7895   -8.73282  -34.73842  99.808947      0.000    37.2867    23.7857    1545.88 0.0000e+00
       3509    28.9930   6.058471    28.7878   -8.73306  -34.73834  99.809016      0.000    37.2862    23.7842    1545.89 0.0000e+00
       3510    28.9919   6.058365    28.7884   -8.73330  -34.73830  99.809086      0.000    37.2864    23.7847    1545.88 0.0000e+00
       3511    28.9919   6.049168    28.7914   -8.73354  -34.73824  99.809155      0.000    37.2224    23.7366    1545.82 0.0000e+00
       3512    28.9896   6.016373    28.7953   -8.73378  -34.73820  99.809225      0.000    36.9961    23.5672    1545.57 0.0000e+00
       3513    28.9867   6.055097    28.7957   -8.73402  -34.73816  99.809294      0.000    37.2677    23.7724    1545.85 0.0000e+00
       3514    28.9867   6.057446    28.7946   -8.73428  -34.73812  99.809363      0.000    37.2840    23.7847    1545.87 0.0000e+00
       3515    28.9879   6.055506    28.7966   -8.73452  -34.73808  99.809433      0.000    37.2696    23.7734    1545.86 0.0000e+00
       3516    28.9913   6.054995    28.7971   -8.73476  -34.73804  99.809502      0.000    37.2634    23.7676    1545.86 0.0000e+00
       3517    28.9930   6.056733    28.7973   -8.73500  -34.73802  99.809572      0.000    37.2741    23.7751    1545.87 0.0000e+00
       3518    28.9999   6.058774    28.7987   -8.73524  -34.73798  99.809641      0.000    37.2829    23.7794    1545.90 0.0000e+00
       3519    28.9999   6.057036    28.7984   -8.73548  -34.73794  99.809711      0.000    37.2708    23.7703    1545.88 0.0000e+00
       3520    28.9981   6.054177    28.8008   -8.73572  -34.73790  99.809780      0.000    37.2524    23.7570    1545.86 0.0000e+00
       3521    28.9970   6.058163    28.7999   -8.73594  -34.73788  99.809850      0.000    37.2810    23.7789    1545.89 0.0000e+00
       3522    28.9981   6.043041    28.8012   -8.73618  -34.73784  99.809919      0.000    37.1749    23.6988    1545.78 0.0000e+00
       3523    29.0016   6.057753    28.8012   -8.73642  -34.73782  99.809988      0.000    37.2745    23.7725    1545.89 0.0000e+00
       3524    29.0016   6.058572    28.7997   -8.73666  -34.73778  99.810058      0.000    37.2802    23.7768    1545.90 0.0000e+00
       3525    29.0021   6.058673    28.8009   -8.73690  -34.73774  99.810127      0.000    37.2805    23.7769    1545.90 0.0000e+00
       3526    29.0016   6.058981    28.7978   -8.73714  -34.73772  99.810197      0.000    37.2830    23.7789    1545.90 0.0000e+00
       3527    28.9999   6.058673    28.7986   -8.73738  -34.73768  99.810266      0.000    37.2822    23.7789    1545.90 0.0000e+00
       3528    28.9981   6.058163    28.8005   -8.73762  -34.73766  99.810336      0.000    37.2801    23.7779    1545.89 0.0000e+00
       3529    28.9959   6.058264    28.8019   -8.73784  -34.73762  99.810405      0.000    37.2825    23.7804    1545.89 0.0000e+00
       3530    28.9970   6.058365    28.8013   -8.73808  -34.73758  99.810475      0.000    37.2824    23.7800    1545.89 0.0000e+00
       3531    28.9981   6.054995    28.8015   -8.73832  -34.73756  99.810544      0.000    37.2581    23.7613    1545.87 0.0000e+00
       3532    28.9987   6.055607    28.8026   -8.73854  -34.73752  99.810613      0.000    37.2618    23.7640    1545.87 0.0000e+00
       3533    28.9987   6.057652    28.8034   -8.73878  -34.73748  99.810683      0.000    37.2761    23.7747    1545.89 0.0000e+00
       3534    28.9993   6.058365    28.8022   -8.73902  -34.73744  99.810752      0.000    37.2806    23.7778    1545.89 0.0000e+00
       3535    29.0004   6.058470    28.8019   -8.73924  -34.73742  99.810822      0.000    37.2804    23.7774    1545.90 0.0000e+00
       3536    29.0010   6.058470    28.8006   -8.73948  -34.73738  99.810891      0.000    37.2800    23.7768    1545.90 0.0000e+00
       3537    29.0004   6.058365    28.8003   -8.73972  -34.73734  99.810961      0.000    37.2797    23.7768    1545.90 0.0000e+00
       3538    28.9970   6.058061    28.8009   -8.73996  -34.73732  99.811030      0.000    37.2802    23.7784    1545.89 0.0000e+00
       3539    28.9959   6.057855    28.7987   -8.74020  -34.73728  99.811100      0.000    37.2797    23.7783    1545.89 0.0000e+00
       3540    28.9964   6.057956    28.7973   -8.74044  -34.73724  99.811169      0.000    37.2800    23.7784    1545.89 0.0000e+00
       3541    28.9964   6.057956    28.7983   -8.74066  -34.73722  99.811238      0.000    37.2800    23.7784    1545.89 0.0000e+00
       3542    28.9964   6.057855    28.7980   -8.74090  -34.73718  99.811308      0.000    37.2793    23.7778    1545.89 0.0000e+00
       3543    28.9936   6.057547    28.7965   -8.74114  -34.73716  99.811377      0.000    37.2793    23.7788    1545.88 0.0000e+00
       3544    28.9924   6.057344    28.7940   -8.74138  -34.73712  99.811447      0.000    37.2789    23.7789    1545.88 0.0000e+00
       3545    28.9919   6.057243    28.7920   -8.74162  -34.73708  99.811516      0.000    37.2785    23.7788    1545.88 0.0000e+00
       3546    28.9930   6.057344    28.7911   -8.74184  -34.73704  99.811586      0.000    37.2784    23.7783    1545.88 0.0000e+00
       3547    28.9919   6.057142    28.7887   -8.74208  -34.73702  99.811655      0.000    37.2778    23.7783    1545.88 0.0000e+00
       3548    28.9890   6.056834    28.7886   -8.74232  -34.73698  99.811725      0.000    37.2780    23.7793    1545.87 0.0000e+00
       3549    28.9867   6.056526    28.7877   -8.74256  -34.73694  99.811794      0.000    37.2776    23.7799    1545.86 0.0000e+00
       3550    28.9845   6.056324    28.7866   -8.74280  -34.73692  99.811863      0.000    37.2779    23.7808    1545.86 0.0000e+00
       3551    28.9850   6.056223    28.7823   -8.74304  -34.73688  99.811933      0.000    37.2768    23.7799    1545.86 0.0000e+00
       3552    28.9839   6.056016    28.7810   -8.74328  -34.73684  99.812002      0.000    37.2763    23.7798    1545.86 0.0000e+00
       3553    28.9822   6.055814    28.7817   -8.74350  -34.73680  99.812072      0.000    37.2762    23.7803    1545.85 0.0000e+00
       3554    28.9804   6.055506    28.7810   -8.74374  -34.73678  99.812141      0.000    37.2755    23.7804    1545.85 0.0000e+00
       3555    28.9782   6.055299    28.7798   -8.74398  -34.73674  99.812211      0.000    37.2757    23.7813    1545.84 0.0000e+00
       3556    28.9787   6.055299    28.7803   -8.74422  -34.73670  99.812280      0.000    37.2753    23.7808    1545.84 0.0000e+00
       3557    28.9799   6.055299    28.7772   -8.74446  -34.73668  99.812350      0.000    37.2744    23.7797    1545.85 0.0000e+00
       3558    28.9799   6.055299    28.7769   -8.74468  -34.73664  99.812419      0.000    37.2744    23.7797    1545.85 0.0000e+00
       3559    28.9787   6.055097    28.7777   -8.74492  -34.73662  99.812488      0.000    37.2739    23.7798    1545.84 0.0000e+00
       3560    28.9770   6.054894    28.7767   -8.74516  -34.73658  99.812558      0.000    37.2739    23.7803    1545.84 0.0000e+00
       3561    28.9799   6.055198    28.7763   -8.74538  -34.73652  99.812627      0.000    37.2737    23.7792    1545.85 0.0000e+00
       3562    28.9804   6.055097    28.7745   -8.74562  -34.73648  99.812697      0.000    37.2726    23.7782    1545.85 0.0000e+00
       3563    28.9765   6.054789    28.7717   -8.74584  -34.73644  99.812766      0.000    37.2735    23.7802    1545.84 0.0000e+00
       3564    28.9753   6.054587    28.7693   -8.74608  -34.73640  99.812836      0.000    37.2730    23.7803    1545.83 0.0000e+00
       3565    28.9713   6.054178    28.7691   -8.74632  -34.73638  99.812905      0.000    37.2733    23.7818    1545.83 0.0000e+00
       3566    28.9690   6.053870    28.7675   -8.74656  -34.73634  99.812975      0.000    37.2730    23.7823    1545.82 0.0000e+00
       3567    28.9662   6.053566    28.7650   -8.74678  -34.73630  99.813044      0.000    37.2731    23.7833    1545.82 0.0000e+00
       3568    28.9645   6.053258    28.7634   -8.74702  -34.73626  99.813113      0.000    37.2722    23.7833    1545.81 0.0000e+00
       3569    28.9628   6.053052    28.7600   -8.74726  -34.73624  99.813183      0.000    37.2721    23.7838    1545.81 0.0000e+00
       3570    28.9610   6.052748    28.7554   -8.74750  -34.73620  99.813252      0.000    37.2714    23.7839    1545.80 0.0000e+00
       3571    28.9587   6.052542    28.7540   -8.74772  -34.73618  99.813322      0.000    37.2718    23.7849    1545.80 0.0000e+00
       3572    28.9576   6.052339    28.7550   -8.74796  -34.73614  99.813391      0.000    37.2712    23.7849    1545.80 0.0000e+00
       3573    28.9565   6.052234    28.7515   -8.74820  -34.73610  99.813461      0.000    37.2714    23.7853    1545.79 0.0000e+00
       3574    28.9542   6.051931    28.7536   -8.74842  -34.73608  99.813530      0.000    37.2711    23.7859    1545.79 0.0000e+00
       3575    28.9508   6.051522    28.7539   -8.74866  -34.73604  99.813600      0.000    37.2709    23.7869    1545.78 0.0000e+00
       3576    28.9502   6.051315    28.7543   -8.74890  -34.73602  99.813669      0.000    37.2699    23.7863    1545.78 0.0000e+00
       3577    28.9496   6.051214    28.7532   -8.74912  -34.73598  99.813738      0.000    37.2697    23.7864    1545.78 0.0000e+00
       3578    28.9508   6.051214    28.7527   -8.74936  -34.73594  99.813808      0.000    37.2687    23.7853    1545.78 0.0000e+00
       3579    28.9496   6.051012    28.7537   -8.74960  -34.73590  99.813877      0.000    37.2683    23.7853    1545.78 0.0000e+00
       3580    28.9496   6.050906    28.7531   -8.74982  -34.73586  99.813947      0.000    37.2675    23.7848    1545.77 0.0000e+00
       3581    28.9490   6.050906    28.7578   -8.75006  -34.73584  99.814016      0.000    37.2680    23.7853    1545.77 0.0000e+00
       3582    28.9490   6.050805    28.7628   -8.75030  -34.73580  99.814086      0.000    37.2673    23.7848    1545.77 0.0000e+00
       3583    28.9496   6.050906    28.7631   -8.75052  -34.73576  99.814155      0.000    37.2675    23.7848    1545.77 0.0000e+00
       3584    28.9542   6.051315    28.7665   -8.75076  -34.73574  99.814225      0.000    37.2668    23.7826    1545.78 0.0000e+00
       3585    28.9565   6.051420    28.7713   -8.75100  -34.73570  99.814294      0.000    37.2657    23.7811    1545.79 0.0000e+00
       3586    28.9593   6.051724    28.7719   -8.75124  -34.73566  99.814363      0.000    37.2656    23.7801    1545.79 0.0000e+00
       3587    28.9645   6.052234    28.7738   -8.75148  -34.73562  99.814433      0.000    37.2651    23.7779    1545.80 0.0000e+00
       3588    28.9668   6.052440    28.7764   -8.75170  -34.73558  99.814502      0.000    37.2647    23.7769    1545.81 0.0000e+00
       3589    28.9684   6.052643    28.7796   -8.75194  -34.73556  99.814572      0.000    37.2649    23.7765    1545.81 0.0000e+00
       3590    28.9707   6.052849    28.7846   -8.75218  -34.73552  99.814641      0.000    37.2645    23.7754    1545.82 0.0000e+00
       3591    28.9759   6.053258    28.7898   -8.75242  -34.73548  99.814711      0.000    37.2633    23.7728    1545.83 0.0000e+00
       3592    28.9804   6.053869    28.7926   -8.75268  -34.73546  99.814780      0.000    37.2641    23.7718    1545.84 0.0000e+00
       3593    28.9862   6.054485    28.7937   -8.75290  -34.73542  99.814850      0.000    37.2638    23.7696    1545.85 0.0000e+00
       3594    28.9884   6.054789    28.7956   -8.75314  -34.73538  99.814919      0.000    37.2642    23.7692    1545.85 0.0000e+00
       3595    28.9884   6.054995    28.8049   -8.75338  -34.73536  99.814988      0.000    37.2656    23.7703    1545.85 0.0000e+00
       3596    28.9919   6.055299    28.8079   -8.75362  -34.73532  99.815058      0.000    37.2650    23.7686    1545.86 0.0000e+00
       3597    28.9947   6.055708    28.8122   -8.75388  -34.73530  99.815127      0.000    37.2657    23.7682    1545.87 0.0000e+00
       3598    29.0010   6.056425    28.8152   -8.75412  -34.73526  99.815197      0.000    37.2657    23.7661    1545.88 0.0000e+00
       3599    29.0073   6.057243    28.8158   -8.75436  -34.73524  99.815266      0.000    37.2665    23.7646    1545.90 0.0000e+00
       3600    29.0118   6.057546    28.8175   -8.75460  -34.73520  99.815336      0.000    37.2651    23.7620    1545.90 0.0000e+00
       3601    29.0135   6.057854    28.8191   -8.75484  -34.73518  99.815405      0.000    37.2659    23.7620    1545.91 0.0000e+00
       3602    29.0147   6.058162    28.8201   -8.75508  -34.73514  99.815475      0.000    37.2671    23.7625    1545.91 0.0000e+00
       3603    29.0158   6.058263    28.8193   -8.75532  -34.73510  99.815544      0.000    37.2669    23.7620    1545.91 0.0000e+00
       3604    29.0158   6.058263    28.8157   -8.75556  -34.73506  99.815613      0.000    37.2669    23.7620    1545.91 0.0000e+00
       3605    29.0130   6.058061    28.8150   -8.75580  -34.73504  99.815683      0.000    37.2677    23.7636    1545.91 0.0000e+00
       3606    29.0118   6.057955    28.8145   -8.75604  -34.73500  99.815752      0.000    37.2679    23.7641    1545.91 0.0000e+00
       3607    29.0118   6.057854    28.8165   -8.75628  -34.73496  99.815822      0.000    37.2672    23.7636    1545.91 0.0000e+00
       3608    29.0124   6.057955    28.8129   -8.75652  -34.73492  99.815891      0.000    37.2675    23.7636    1545.91 0.0000e+00
       3609    29.0124   6.058061    28.8107   -8.75676  -34.73488  99.815961      0.000    37.2682    23.7641    1545.91 0.0000e+00
