data/TSG/SEASAVE/01.cnv
* Sea-Bird SBE 21 Data File:
* FileName = E:\ABRACOS2\abra01.hex
* Software Version Seasave V 7.25.0.151
* Temperature SN = 3293
* Conductivity SN = 3293
* System UpLoad Time = Apr 09 2017 13:34:18
* NMEA Latitude = 08 22.33 S
* NMEA Longitude = 034 49.77 W
* NMEA UTC (Time) = Apr 09 2017  13:34:11
** Ship: antea
** Station: 1
** Operator:
# nquan = 12                                
# nvalues = 17154                       
# units = specified
# name 0 = scan: Scan Count
# name 1 = t090C: Temperature [ITS-90, deg C]
# name 2 = c0S/m: Conductivity [S/m]
# name 3 = t3890C: Temperature, SBE 38 [ITS-90, deg C]
# name 4 = latitude: Latitude [deg]
# name 5 = longitude: Longitude [deg]
# name 6 = timeJ: Julian Days
# name 7 = prM: Pressure [db]
# name 8 = sal00: Salinity, Practical [PSU]
# name 9 = sigma-é00: Density [sigma-theta, kg/m^3]
# name 10 = svCM: Sound Velocity [Chen-Millero, m/s]
# name 11 = flag: flag
# span 0 =          1,      17154       
# span 1 =    28.3449,    30.0025       
# span 2 =   5.788624,   6.227498       
# span 3 =    28.2045,    29.8275       
# span 4 =   -9.40568,   -8.37246       
# span 5 =  -35.42618,  -34.72044       
# span 6 =  99.565405, 100.756586       
# span 7 =      0.000,      0.000       
# span 8 =    35.8999,    37.6728       
# span 9 =    22.9276,    24.0455       
# span 10 =    1543.04,    1548.39      
# span 11 = 0.0000e+00, 0.0000e+00      
# interval = seconds: 6
# start_time = Apr 09 2017 13:34:11 [NMEA time, header]
# bad_flag = -9.990e-29
*END*
[from data line 17083]
      17084    29.4044   6.106389    29.2209   -9.21908  -35.07442 100.751725      0.000    37.2974    23.6534    1546.77 0.0000e+00
      17085    29.4033   6.106287    29.2198   -9.21920  -35.07436 100.751794      0.000    37.2976    23.6539    1546.76 0.0000e+00
      17086    29.4078   6.106795    29.2162   -9.21932  -35.07428 100.751863      0.000    37.2976    23.6524    1546.77 0.0000e+00
      17087    29.4050   6.106490    29.2136   -9.21942  -35.07420 100.751933      0.000    37.2976    23.6534    1546.77 0.0000e+00
      17088    29.4044   6.106389    29.2116   -9.21950  -35.07412 100.752002      0.000    37.2974    23.6534    1546.77 0.0000e+00
      17089    29.4005   6.105876    29.2111   -9.21958  -35.07400 100.752072      0.000    37.2969    23.6544    1546.76 0.0000e+00
      17090    29.3936   6.105161    29.2062   -9.21964  -35.07388 100.752141      0.000    37.2973    23.6570    1546.74 0.0000e+00
      17091    29.3897   6.104751    29.1992   -9.21968  -35.07376 100.752211      0.000    37.2975    23.6585    1546.74 0.0000e+00
      17092    29.3863   6.104446    29.1982   -9.21972  -35.07364 100.752280      0.000    37.2981    23.6601    1546.73 0.0000e+00
      17093    29.3874   6.104547    29.1948   -9.21976  -35.07350 100.752350      0.000    37.2979    23.6596    1546.73 0.0000e+00
      17094    29.3902   6.104751    29.1848   -9.21978  -35.07338 100.752419      0.000    37.2971    23.6580    1546.74 0.0000e+00
      17095    29.3902   6.104649    29.1773   -9.21978  -35.07324 100.752488      0.000    37.2964    23.6575    1546.74 0.0000e+00
      17096    29.3869   6.104446    29.1750   -9.21980  -35.07312 100.752558      0.000    37.2976    23.6595    1546.73 0.0000e+00
      17097    29.3823   6.103934    29.1578   -9.21980  -35.07298 100.752627      0.000    37.2976    23.6611    1546.72 0.0000e+00
      17098    29.3755   6.103219    29.1567   -9.21980  -35.07282 100.752697      0.000    37.2980    23.6637    1546.71 0.0000e+00
      17099    29.3704   6.102503    29.1659   -9.21980  -35.07268 100.752766      0.000    37.2970    23.6647    1546.69 0.0000e+00
      17100    29.3562   6.100769    29.1674   -9.21980  -35.07256 100.752836      0.000    37.2961    23.6688    1546.66 0.0000e+00
      17101    29.3437   6.099440    29.1624   -9.21980  -35.07240 100.752905      0.000    37.2966    23.6735    1546.64 0.0000e+00
      17102    29.3391   6.099030    29.1636   -9.21980  -35.07228 100.752975      0.000    37.2974    23.6756    1546.63 0.0000e+00
      17103    29.3357   6.098416    29.1591   -9.21980  -35.07218 100.753044      0.000    37.2958    23.6755    1546.62 0.0000e+00
      17104    29.3312   6.097904    29.1447   -9.21980  -35.07208 100.753113      0.000    37.2958    23.6770    1546.61 0.0000e+00
      17105    29.3300   6.097803    29.1483   -9.21980  -35.07200 100.753183      0.000    37.2960    23.6776    1546.61 0.0000e+00
      17106    29.3369   6.098518    29.1585   -9.21980  -35.07194 100.753252      0.000    37.2956    23.6750    1546.62 0.0000e+00
      17107    29.3442   6.099233    29.1597   -9.21980  -35.07188 100.753322      0.000    37.2948    23.6719    1546.64 0.0000e+00
      17108    29.3363   6.098315    29.1564   -9.21980  -35.07184 100.753391      0.000    37.2946    23.6745    1546.62 0.0000e+00
      17109    29.3414   6.099131    29.1542   -9.21980  -35.07178 100.753461      0.000    37.2963    23.6740    1546.63 0.0000e+00
      17110    29.3465   6.099542    29.1549   -9.21978  -35.07174 100.753530      0.000    37.2952    23.6714    1546.64 0.0000e+00
      17111    29.3437   6.099233    29.1570   -9.21978  -35.07172 100.753600      0.000    37.2952    23.6724    1546.64 0.0000e+00
      17112    29.3374   6.098518    29.1597   -9.21978  -35.07166 100.753669      0.000    37.2952    23.6745    1546.62 0.0000e+00
      17113    29.3374   6.098624    29.1614   -9.21978  -35.07162 100.753738      0.000    37.2959    23.6750    1546.62 0.0000e+00
      17114    29.3346   6.098213    29.1540   -9.21978  -35.07160 100.753808      0.000    37.2952    23.6755    1546.62 0.0000e+00
      17115    29.3164   6.096069    29.1589   -9.21978  -35.07154 100.753877      0.000    37.2946    23.6812    1546.58 0.0000e+00
      17116    29.3033   6.094842    29.1685   -9.21976  -35.07150 100.753947      0.000    37.2963    23.6869    1546.55 0.0000e+00
      17117    29.3005   6.094432    29.1740   -9.21976  -35.07148 100.754016      0.000    37.2957    23.6874    1546.55 0.0000e+00
      17118    29.3062   6.095045    29.1726   -9.21976  -35.07144 100.754086      0.000    37.2955    23.6853    1546.56 0.0000e+00
      17119    29.3017   6.094432    29.1678   -9.21976  -35.07140 100.754155      0.000    37.2947    23.6863    1546.55 0.0000e+00
      17120    29.2857   6.092389    29.1523   -9.21974  -35.07136 100.754225      0.000    37.2930    23.6904    1546.51 0.0000e+00
      17121    29.2641   6.090241    29.1406   -9.21974  -35.07132 100.754294      0.000    37.2950    23.6992    1546.47 0.0000e+00
      17122    29.2607   6.089734    29.1406   -9.21974  -35.07128 100.754363      0.000    37.2942    23.6997    1546.46 0.0000e+00
      17123    29.2533   6.088711    29.1320   -9.21972  -35.07124 100.754433      0.000    37.2928    23.7013    1546.44 0.0000e+00
      17124    29.2459   6.088200    29.1157   -9.21972  -35.07120 100.754502      0.000    37.2951    23.7054    1546.43 0.0000e+00
      17125    29.2528   6.088813    29.1181   -9.21972  -35.07118 100.754572      0.000    37.2939    23.7023    1546.44 0.0000e+00
      17126    29.2510   6.088610    29.0870   -9.21970  -35.07114 100.754641      0.000    37.2939    23.7029    1546.44 0.0000e+00
      17127    29.2431   6.087587    29.0825   -9.21970  -35.07110 100.754711      0.000    37.2930    23.7048    1546.42 0.0000e+00
      17128    29.2306   6.086260    29.0756   -9.21970  -35.07106 100.754780      0.000    37.2936    23.7095    1546.40 0.0000e+00
      17129    29.2215   6.085135    29.0636   -9.21970  -35.07102 100.754850      0.000    37.2929    23.7120    1546.38 0.0000e+00
      17130    29.2118   6.084113    29.0599   -9.21970  -35.07098 100.754919      0.000    37.2934    23.7157    1546.36 0.0000e+00
      17131    29.2078   6.083500    29.0716   -9.21968  -35.07094 100.754988      0.000    37.2922    23.7162    1546.35 0.0000e+00
      17132    29.1976   6.082275    29.0805   -9.21968  -35.07090 100.755058      0.000    37.2917    23.7193    1546.33 0.0000e+00
      17133    29.1919   6.081662    29.0856   -9.21968  -35.07086 100.755127      0.000    37.2919    23.7213    1546.31 0.0000e+00
      17134    29.1788   6.080027    29.0968   -9.21968  -35.07082 100.755197      0.000    37.2908    23.7249    1546.28 0.0000e+00
      17135    29.1566   6.077573    29.0985   -9.21966  -35.07078 100.755266      0.000    37.2911    23.7327    1546.24 0.0000e+00
      17136    29.1492   6.076859    29.1061   -9.21966  -35.07076 100.755336      0.000    37.2919    23.7358    1546.22 0.0000e+00
      17137    29.1526   6.077062    29.1122   -9.21966  -35.07072 100.755405      0.000    37.2907    23.7337    1546.23 0.0000e+00
      17138    29.1429   6.075938    29.1176   -9.21966  -35.07068 100.755475      0.000    37.2904    23.7368    1546.21 0.0000e+00
      17139    29.1503   6.076859    29.1232   -9.21964  -35.07064 100.755544      0.000    37.2911    23.7348    1546.22 0.0000e+00
      17140    29.1748   6.079617    29.1294   -9.21964  -35.07060 100.755613      0.000    37.2911    23.7265    1546.28 0.0000e+00
      17141    29.1913   6.081252    29.1262   -9.21964  -35.07058 100.755683      0.000    37.2895    23.7197    1546.31 0.0000e+00
      17142    29.1976   6.081966    29.1192   -9.21964  -35.07054 100.755752      0.000    37.2896    23.7176    1546.32 0.0000e+00
      17143    29.1970   6.081865    29.1183   -9.21962  -35.07050 100.755822      0.000    37.2893    23.7177    1546.32 0.0000e+00
      17144    29.1953   6.081763    29.1080   -9.21962  -35.07048 100.755891      0.000    37.2899    23.7187    1546.32 0.0000e+00
      17145    29.2033   6.082786    29.0980   -9.21962  -35.07044 100.755961      0.000    37.2908    23.7166    1546.34 0.0000e+00
      17146    29.2186   6.084725    29.0996   -9.21962  -35.07042 100.756030      0.000    37.2923    23.7126    1546.37 0.0000e+00
      17147    29.2402   6.087075    29.0959   -9.21962  -35.07038 100.756100      0.000    37.2917    23.7049    1546.42 0.0000e+00
      17148    29.2459   6.087587    29.0921   -9.21960  -35.07034 100.756169      0.000    37.2908    23.7023    1546.43 0.0000e+00
      17149    29.2436   6.087485    29.0952   -9.21960  -35.07030 100.756238      0.000    37.2919    23.7038    1546.42 0.0000e+00
      17150    29.2510   6.088301    29.0968   -9.21960  -35.07028 100.756308      0.000    37.2918    23.7013    1546.44 0.0000e+00
      17151    29.2454   6.087790    29.0978   -9.21960  -35.07024 100.756377      0.000    37.2926    23.7038    1546.43 0.0000e+00
      17152    29.2192   6.084725    29.0985   -9.21960  -35.07020 100.756447      0.000    37.2918    23.7120    1546.37 0.0000e+00
      17153    29.1970   6.082477    29.0972   -9.21958  -35.07018 100.756516      0.000    37.2936    23.7209    1546.33 0.0000e+00
      17154    29.1948   6.082173    29.1040   -9.21958  -35.07014 100.756586      0.000    37.2932    23.7213    1546.32 0.0000e+00
