data/TSG/SEASAVE/01.cnv
* Sea-Bird SBE 21 Data File:
* FileName = E:\ABRACOS2\abra01.hex
* Software Version Seasave V 7.25.0.151
* Temperature SN = 3293
* Conductivity SN = 3293
* System UpLoad Time = Apr 09 2017 13:34:18
* NMEA Latitude = 08 22.33 S
* NMEA Longitude = 034 49.77 W
* NMEA UTC (Time) = Apr 09 2017  13:34:11
** Ship: antea
** Station: 1
** Operator:
# nquan = 12                                
# nvalues = 17154                       
# units = specified
# name 0 = scan: Scan Count
# name 1 = t090C: Temperature [ITS-90, deg C]
# name 2 = c0S/m: Conductivity [S/m]
# name 3 = t3890C: Temperature, SBE 38 [ITS-90, deg C]
# name 4 = latitude: Latitude [deg]
# name 5 = longitude: Longitude [deg]
# name 6 = timeJ: Julian Days
# name 7 = prM: Pressure [db]
# name 8 = sal00: Salinity, Practical [PSU]
# name 9 = sigma-é00: Density [sigma-theta, kg/m^3]
# name 10 = svCM: Sound Velocity [Chen-Millero, m/s]
# name 11 = flag: flag
# span 0 =          1,      17154       
# span 1 =    28.3449,    30.0025       
# span 2 =   5.788624,   6.227498       
# span 3 =    28.2045,    29.8275       
# span 4 =   -9.40568,   -8.37246       
# span 5 =  -35.42618,  -34.72044       
# span 6 =  99.565405, 100.756586       
# span 7 =      0.000,      0.000       
# span 8 =    35.8999,    37.6728       
# span 9 =    22.9276,    24.0455       
# span 10 =    1543.04,    1548.39      
# span 11 = 0.0000e+00, 0.0000e+00      
# interval = seconds: 6
# start_time = Apr 09 2017 13:34:11 [NMEA time, header]
# bad_flag = -9.990e-29
*END*
[from data line 7700]
       7701    28.9468   6.087182    28.7513   -9.09344  -34.73214 100.100127      0.000    37.5225    23.9775    1546.04 0.0000e+00
       7702    28.9439   6.086468    28.7543   -9.09366  -34.73216 100.100197      0.000    37.5198    23.9764    1546.03 0.0000e+00
       7703    28.9422   6.086777    28.7513   -9.09386  -34.73216 100.100266      0.000    37.5233    23.9796    1546.03 0.0000e+00
       7704    28.9428   6.087081    28.7494   -9.09410  -34.73218 100.100336      0.000    37.5250    23.9807    1546.03 0.0000e+00
       7705    28.9451   6.087593    28.7507   -9.09430  -34.73220 100.100405      0.000    37.5267    23.9812    1546.04 0.0000e+00
       7706    28.9462   6.088003    28.7531   -9.09452  -34.73222 100.100475      0.000    37.5287    23.9823    1546.04 0.0000e+00
       7707    28.9451   6.087593    28.7472   -9.09474  -34.73224 100.100544      0.000    37.5267    23.9812    1546.04 0.0000e+00
       7708    28.9445   6.087491    28.7508   -9.09498  -34.73226 100.100613      0.000    37.5265    23.9812    1546.04 0.0000e+00
       7709    28.9445   6.087593    28.7482   -9.09518  -34.73228 100.100683      0.000    37.5272    23.9818    1546.04 0.0000e+00
       7710    28.9445   6.087593    28.7498   -9.09540  -34.73230 100.100752      0.000    37.5272    23.9818    1546.04 0.0000e+00
       7711    28.9428   6.087593    28.7518   -9.09562  -34.73232 100.100822      0.000    37.5286    23.9833    1546.03 0.0000e+00
       7712    28.9428   6.087796    28.7536   -9.09584  -34.73234 100.100891      0.000    37.5300    23.9844    1546.04 0.0000e+00
       7713    28.9428   6.087796    28.7522   -9.09606  -34.73236 100.100961      0.000    37.5300    23.9844    1546.04 0.0000e+00
       7714    28.9439   6.087901    28.7498   -9.09628  -34.73238 100.101030      0.000    37.5298    23.9839    1546.04 0.0000e+00
       7715    28.9451   6.087901    28.7505   -9.09650  -34.73240 100.101100      0.000    37.5289    23.9828    1546.04 0.0000e+00
       7716    28.9439   6.087694    28.7488   -9.09670  -34.73240 100.101169      0.000    37.5284    23.9828    1546.04 0.0000e+00
       7717    28.9434   6.088104    28.7494   -9.09692  -34.73242 100.101238      0.000    37.5316    23.9855    1546.04 0.0000e+00
       7718    28.9416   6.088003    28.7523   -9.09714  -34.73244 100.101308      0.000    37.5324    23.9866    1546.04 0.0000e+00
       7719    28.9405   6.088003    28.7507   -9.09736  -34.73246 100.101377      0.000    37.5332    23.9876    1546.03 0.0000e+00
       7720    28.9422   6.088307    28.7530   -9.09758  -34.73248 100.101447      0.000    37.5340    23.9876    1546.04 0.0000e+00
       7721    28.9439   6.088514    28.7535   -9.09780  -34.73248 100.101516      0.000    37.5341    23.9871    1546.04 0.0000e+00
       7722    28.9451   6.088717    28.7534   -9.09802  -34.73250 100.101586      0.000    37.5346    23.9871    1546.05 0.0000e+00
       7723    28.9445   6.088819    28.7525   -9.09824  -34.73252 100.101655      0.000    37.5358    23.9882    1546.05 0.0000e+00
       7724    28.9451   6.088819    28.7523   -9.09846  -34.73254 100.101725      0.000    37.5353    23.9876    1546.05 0.0000e+00
       7725    28.9451   6.088514    28.7548   -9.09868  -34.73256 100.101794      0.000    37.5332    23.9860    1546.04 0.0000e+00
       7726    28.9434   6.088206    28.7543   -9.09890  -34.73258 100.101863      0.000    37.5324    23.9860    1546.04 0.0000e+00
       7727    28.9445   6.088206    28.7579   -9.09912  -34.73260 100.101933      0.000    37.5315    23.9850    1546.04 0.0000e+00
       7728    28.9451   6.088206    28.7603   -9.09934  -34.73262 100.102002      0.000    37.5310    23.9844    1546.04 0.0000e+00
       7729    28.9462   6.088616    28.7601   -9.09956  -34.73262 100.102072      0.000    37.5330    23.9855    1546.05 0.0000e+00
       7730    28.9496   6.089229    28.7608   -9.09978  -34.73264 100.102141      0.000    37.5346    23.9856    1546.06 0.0000e+00
       7731    28.9525   6.089634    28.7640   -9.10000  -34.73266 100.102211      0.000    37.5351    23.9850    1546.06 0.0000e+00
       7732    28.9542   6.089740    28.7632   -9.10022  -34.73268 100.102280      0.000    37.5345    23.9840    1546.06 0.0000e+00
       7733    28.9554   6.089842    28.7635   -9.10044  -34.73270 100.102350      0.000    37.5343    23.9834    1546.07 0.0000e+00
       7734    28.9559   6.089634    28.7668   -9.10066  -34.73272 100.102419      0.000    37.5325    23.9819    1546.07 0.0000e+00
       7735    28.9559   6.089533    28.7651   -9.10088  -34.73272 100.102488      0.000    37.5318    23.9813    1546.07 0.0000e+00
       7736    28.9570   6.089740    28.7671   -9.10108  -34.73274 100.102558      0.000    37.5323    23.9814    1546.07 0.0000e+00
       7737    28.9599   6.090045    28.7665   -9.10130  -34.73276 100.102627      0.000    37.5322    23.9803    1546.07 0.0000e+00
       7738    28.9610   6.090146    28.7665   -9.10152  -34.73278 100.102697      0.000    37.5320    23.9798    1546.08 0.0000e+00
       7739    28.9616   6.090247    28.7656   -9.10174  -34.73280 100.102766      0.000    37.5322    23.9798    1546.08 0.0000e+00
       7740    28.9605   6.090146    28.7693   -9.10196  -34.73282 100.102836      0.000    37.5324    23.9803    1546.08 0.0000e+00
       7741    28.9605   6.090247    28.7678   -9.10218  -34.73282 100.102905      0.000    37.5331    23.9808    1546.08 0.0000e+00
       7742    28.9605   6.090353    28.7685   -9.10240  -34.73284 100.102975      0.000    37.5338    23.9814    1546.08 0.0000e+00
       7743    28.9610   6.090045    28.7683   -9.10262  -34.73286 100.103044      0.000    37.5313    23.9793    1546.08 0.0000e+00
       7744    28.9616   6.090045    28.7695   -9.10282  -34.73288 100.103113      0.000    37.5308    23.9787    1546.08 0.0000e+00
       7745    28.9628   6.089943    28.7697   -9.10304  -34.73290 100.103183      0.000    37.5292    23.9771    1546.08 0.0000e+00
       7746    28.9616   6.089943    28.7685   -9.10326  -34.73292 100.103252      0.000    37.5301    23.9782    1546.08 0.0000e+00
       7747    28.9622   6.090044    28.7704   -9.10348  -34.73294 100.103322      0.000    37.5304    23.9782    1546.08 0.0000e+00
       7748    28.9628   6.090247    28.7708   -9.10368  -34.73294 100.103391      0.000    37.5313    23.9787    1546.08 0.0000e+00
       7749    28.9639   6.090044    28.7677   -9.10390  -34.73296 100.103461      0.000    37.5290    23.9766    1546.08 0.0000e+00
       7750    28.9628   6.089943    28.7689   -9.10412  -34.73298 100.103530      0.000    37.5292    23.9771    1546.08 0.0000e+00
       7751    28.9628   6.089634    28.7657   -9.10434  -34.73300 100.103600      0.000    37.5270    23.9755    1546.08 0.0000e+00
       7752    28.9628   6.089740    28.7676   -9.10456  -34.73302 100.103669      0.000    37.5278    23.9760    1546.08 0.0000e+00
       7753    28.9616   6.089533    28.7675   -9.10478  -34.73304 100.103738      0.000    37.5273    23.9760    1546.07 0.0000e+00
       7754    28.9628   6.089842    28.7676   -9.10498  -34.73306 100.103808      0.000    37.5285    23.9765    1546.08 0.0000e+00
       7755    28.9610   6.089740    28.7676   -9.10520  -34.73308 100.103877      0.000    37.5292    23.9777    1546.07 0.0000e+00
       7756    28.9616   6.089943    28.7673   -9.10542  -34.73310 100.103947      0.000    37.5301    23.9782    1546.08 0.0000e+00
       7757    28.9610   6.089634    28.7665   -9.10564  -34.73312 100.104016      0.000    37.5284    23.9771    1546.07 0.0000e+00
       7758    28.9605   6.089533    28.7685   -9.10586  -34.73314 100.104086      0.000    37.5281    23.9771    1546.07 0.0000e+00
       7759    28.9605   6.089431    28.7664   -9.10606  -34.73316 100.104155      0.000    37.5274    23.9765    1546.07 0.0000e+00
       7760    28.9605   6.089533    28.7671   -9.10628  -34.73316 100.104225      0.000    37.5281    23.9771    1546.07 0.0000e+00
       7761    28.9599   6.089330    28.7699   -9.10650  -34.73318 100.104294      0.000    37.5272    23.9766    1546.07 0.0000e+00
       7762    28.9610   6.089330    28.7691   -9.10672  -34.73320 100.104363      0.000    37.5263    23.9755    1546.07 0.0000e+00
       7763    28.9633   6.089740    28.7691   -9.10694  -34.73322 100.104433      0.000    37.5274    23.9755    1546.08 0.0000e+00
       7764    28.9639   6.089740    28.7699   -9.10716  -34.73324 100.104502      0.000    37.5269    23.9750    1546.08 0.0000e+00
       7765    28.9639   6.089740    28.7693   -9.10738  -34.73326 100.104572      0.000    37.5269    23.9750    1546.08 0.0000e+00
       7766    28.9639   6.089943    28.7683   -9.10760  -34.73328 100.104641      0.000    37.5283    23.9760    1546.08 0.0000e+00
       7767    28.9645   6.090044    28.7720   -9.10780  -34.73330 100.104711      0.000    37.5285    23.9760    1546.08 0.0000e+00
       7768    28.9639   6.089842    28.7726   -9.10802  -34.73330 100.104780      0.000    37.5276    23.9755    1546.08 0.0000e+00
       7769    28.9645   6.089842    28.7749   -9.10824  -34.73332 100.104850      0.000    37.5271    23.9750    1546.08 0.0000e+00
       7770    28.9651   6.089740    28.7697   -9.10846  -34.73334 100.104919      0.000    37.5259    23.9739    1546.08 0.0000e+00
       7771    28.9668   6.089943    28.7712   -9.10868  -34.73336 100.104988      0.000    37.5260    23.9734    1546.08 0.0000e+00
       7772    28.9645   6.089431    28.7692   -9.10890  -34.73338 100.105058      0.000    37.5243    23.9728    1546.08 0.0000e+00
       7773    28.9628   6.089431    28.7722   -9.10910  -34.73340 100.105127      0.000    37.5256    23.9744    1546.07 0.0000e+00
       7774    28.9645   6.089533    28.7740   -9.10932  -34.73342 100.105197      0.000    37.5250    23.9733    1546.08 0.0000e+00
       7775    28.9639   6.089431    28.7674   -9.10954  -34.73344 100.105266      0.000    37.5247    23.9734    1546.08 0.0000e+00
       7776    28.9651   6.089431    28.7687   -9.10976  -34.73346 100.105336      0.000    37.5238    23.9722    1546.08 0.0000e+00
       7777    28.9633   6.089127    28.7666   -9.10998  -34.73346 100.105405      0.000    37.5231    23.9723    1546.07 0.0000e+00
       7778    28.9610   6.088818    28.7695   -9.11022  -34.73350 100.105475      0.000    37.5227    23.9728    1546.07 0.0000e+00
       7779    28.9605   6.088615    28.7688   -9.11044  -34.73352 100.105544      0.000    37.5217    23.9722    1546.06 0.0000e+00
       7780    28.9616   6.088615    28.7690   -9.11066  -34.73354 100.105613      0.000    37.5209    23.9712    1546.07 0.0000e+00
       7781    28.9610   6.088408    28.7689   -9.11088  -34.73356 100.105683      0.000    37.5199    23.9707    1546.06 0.0000e+00
       7782    28.9616   6.088205    28.7706   -9.11108  -34.73358 100.105752      0.000    37.5180    23.9691    1546.06 0.0000e+00
       7783    28.9616   6.088002    28.7704   -9.11130  -34.73360 100.105822      0.000    37.5166    23.9680    1546.06 0.0000e+00
       7784    28.9628   6.088104    28.7702   -9.11152  -34.73362 100.105891      0.000    37.5164    23.9674    1546.06 0.0000e+00
       7785    28.9628   6.088002    28.7693   -9.11176  -34.73362 100.105961      0.000    37.5156    23.9669    1546.06 0.0000e+00
       7786    28.9605   6.087795    28.7689   -9.11198  -34.73364 100.106030      0.000    37.5160    23.9679    1546.06 0.0000e+00
       7787    28.9599   6.087795    28.7711   -9.11220  -34.73366 100.106100      0.000    37.5165    23.9685    1546.06 0.0000e+00
       7788    28.9599   6.087795    28.7711   -9.11242  -34.73368 100.106169      0.000    37.5165    23.9685    1546.06 0.0000e+00
       7789    28.9605   6.088002    28.7691   -9.11264  -34.73370 100.106238      0.000    37.5175    23.9690    1546.06 0.0000e+00
       7790    28.9622   6.088205    28.7689   -9.11288  -34.73372 100.106308      0.000    37.5175    23.9685    1546.06 0.0000e+00
       7791    28.9622   6.088205    28.7718   -9.11308  -34.73374 100.106377      0.000    37.5175    23.9685    1546.06 0.0000e+00
       7792    28.9639   6.088514    28.7663   -9.11330  -34.73376 100.106447      0.000    37.5183    23.9686    1546.07 0.0000e+00
       7793    28.9645   6.088818    28.7655   -9.11352  -34.73378 100.106516      0.000    37.5200    23.9696    1546.07 0.0000e+00
       7794    28.9633   6.088514    28.7662   -9.11374  -34.73380 100.106586      0.000    37.5188    23.9691    1546.07 0.0000e+00
       7795    28.9599   6.088307    28.7653   -9.11396  -34.73382 100.106655      0.000    37.5201    23.9712    1546.06 0.0000e+00
       7796    28.9616   6.088717    28.7655   -9.11418  -34.73384 100.106725      0.000    37.5216    23.9718    1546.07 0.0000e+00
       7797    28.9605   6.088615    28.7669   -9.11440  -34.73384 100.106794      0.000    37.5217    23.9722    1546.06 0.0000e+00
       7798    28.9587   6.088408    28.7683   -9.11462  -34.73386 100.106863      0.000    37.5217    23.9728    1546.06 0.0000e+00
       7799    28.9587   6.088514    28.7684   -9.11484  -34.73388 100.106933      0.000    37.5224    23.9734    1546.06 0.0000e+00
       7800    28.9599   6.088717    28.7691   -9.11508  -34.73392 100.107002      0.000    37.5229    23.9733    1546.06 0.0000e+00
       7801    28.9622   6.088920    28.7666   -9.11530  -34.73392 100.107072      0.000    37.5225    23.9723    1546.07 0.0000e+00
       7802    28.9610   6.088818    28.7666   -9.11552  -34.73394 100.107141      0.000    37.5227    23.9728    1546.07 0.0000e+00
       7803    28.9599   6.088920    28.7649   -9.11574  -34.73396 100.107211      0.000    37.5243    23.9744    1546.07 0.0000e+00
       7804    28.9599   6.089127    28.7666   -9.11596  -34.73398 100.107280      0.000    37.5258    23.9755    1546.07 0.0000e+00
       7805    28.9587   6.089021    28.7648   -9.11618  -34.73400 100.107350      0.000    37.5260    23.9760    1546.07 0.0000e+00
       7806    28.9587   6.089021    28.7633   -9.11640  -34.73402 100.107419      0.000    37.5260    23.9760    1546.07 0.0000e+00
       7807    28.9570   6.088920    28.7635   -9.11662  -34.73404 100.107488      0.000    37.5266    23.9771    1546.06 0.0000e+00
       7808    28.9559   6.088717    28.7619   -9.11684  -34.73406 100.107558      0.000    37.5261    23.9771    1546.06 0.0000e+00
       7809    28.9542   6.088514    28.7632   -9.11706  -34.73408 100.107627      0.000    37.5260    23.9776    1546.06 0.0000e+00
       7810    28.9542   6.088920    28.7643   -9.11728  -34.73410 100.107697      0.000    37.5288    23.9797    1546.06 0.0000e+00
       7811    28.9565   6.089432    28.7630   -9.11750  -34.73410 100.107766      0.000    37.5306    23.9802    1546.07 0.0000e+00
       7812    28.9570   6.089533    28.7633   -9.11772  -34.73412 100.107836      0.000    37.5309    23.9803    1546.07 0.0000e+00
       7813    28.9548   6.089021    28.7595   -9.11794  -34.73412 100.107905      0.000    37.5291    23.9797    1546.06 0.0000e+00
       7814    28.9519   6.088717    28.7586   -9.11816  -34.73412 100.107975      0.000    37.5292    23.9808    1546.05 0.0000e+00
       7815    28.9502   6.088307    28.7590   -9.11838  -34.73414 100.108044      0.000    37.5277    23.9802    1546.05 0.0000e+00
       7816    28.9462   6.088104    28.7558   -9.11860  -34.73416 100.108113      0.000    37.5294    23.9829    1546.04 0.0000e+00
       7817    28.9457   6.088206    28.7572   -9.11882  -34.73416 100.108183      0.000    37.5305    23.9839    1546.04 0.0000e+00
       7818    28.9457   6.088206    28.7552   -9.11906  -34.73416 100.108252      0.000    37.5305    23.9839    1546.04 0.0000e+00
       7819    28.9462   6.088408    28.7537   -9.11926  -34.73418 100.108322      0.000    37.5316    23.9845    1546.04 0.0000e+00
