data/TSG/SEASAVE/03.cnv
* Sea-Bird SBE 21 Data File:
* FileName = E:\ABRACOS2\abra03.hex
* Software Version Seasave V 7.25.0.151
* Temperature SN = 3293
* Conductivity SN = 3293
* System UpLoad Time = Apr 11 2017 11:02:00
* NMEA Latitude = 08 51.36 S
* NMEA Longitude = 034 35.69 W
* NMEA UTC (Time) = Apr 11 2017  11:01:52
** Ship: antea
** Station: 3
** Operator:
# nquan = 12                                
# nvalues = 15943                       
# units = specified
# name 0 = scan: Scan Count
# name 1 = t090C: Temperature [ITS-90, deg C]
# name 2 = c0S/m: Conductivity [S/m]
# name 3 = t3890C: Temperature, SBE 38 [ITS-90, deg C]
# name 4 = latitude: Latitude [deg]
# name 5 = longitude: Longitude [deg]
# name 6 = timeJ: Julian Days
# name 7 = prM: Pressure [db]
# name 8 = sal00: Salinity, Practical [PSU]
# name 9 = sigma-é00: Density [sigma-theta, kg/m^3]
# name 10 = svCM: Sound Velocity [Chen-Millero, m/s]
# name 11 = flag: flag
# span 0 =          1,      15943       
# span 1 =    28.7845,    29.5915       
# span 2 =   6.023934,   6.162494       
# span 3 =    28.6058,    29.4073       
# span 4 =   -8.90624,   -8.71138       
# span 5 =  -34.80518,  -34.59142       
# span 6 = 101.459630, 102.566713       
# span 7 =      0.000,      0.000       
# span 8 =    37.0861,    37.5431       
# span 9 =    23.6261,    23.9629       
# span 10 =    1545.43,    1547.41      
# span 11 = 0.0000e+00, 0.0000e+00      
# interval = seconds: 6
# start_time = Apr 11 2017 11:01:52 [NMEA time, header]
# bad_flag = -9.990e-29
*END*
[from data line 13955]
      13956    28.8085   6.044165    28.6266   -8.72672  -34.78456 102.428727      0.000    37.3311    23.8800    1545.54 0.0000e+00
      13957    28.8090   6.043963    28.6276   -8.72650  -34.78462 102.428796      0.000    37.3293    23.8785    1545.54 0.0000e+00
      13958    28.8073   6.043656    28.6273   -8.72626  -34.78466 102.428866      0.000    37.3285    23.8785    1545.54 0.0000e+00
      13959    28.8067   6.043453    28.6280   -8.72602  -34.78468 102.428935      0.000    37.3276    23.8779    1545.53 0.0000e+00
      13960    28.8073   6.043453    28.6286   -8.72578  -34.78470 102.429005      0.000    37.3271    23.8774    1545.53 0.0000e+00
      13961    28.8073   6.043554    28.6298   -8.72554  -34.78472 102.429074      0.000    37.3278    23.8779    1545.53 0.0000e+00
      13962    28.8079   6.043554    28.6300   -8.72530  -34.78474 102.429144      0.000    37.3273    23.8774    1545.54 0.0000e+00
      13963    28.8079   6.043656    28.6304   -8.72508  -34.78474 102.429213      0.000    37.3281    23.8779    1545.54 0.0000e+00
      13964    28.8102   6.043963    28.6311   -8.72484  -34.78474 102.429282      0.000    37.3284    23.8774    1545.54 0.0000e+00
      13965    28.8102   6.043963    28.6308   -8.72462  -34.78472 102.429352      0.000    37.3284    23.8774    1545.54 0.0000e+00
      13966    28.8102   6.043963    28.6303   -8.72440  -34.78472 102.429421      0.000    37.3284    23.8774    1545.54 0.0000e+00
      13967    28.8102   6.044064    28.6296   -8.72416  -34.78474 102.429491      0.000    37.3291    23.8779    1545.54 0.0000e+00
      13968    28.8079   6.043757    28.6287   -8.72394  -34.78474 102.429560      0.000    37.3288    23.8784    1545.54 0.0000e+00
      13969    28.8073   6.043656    28.6283   -8.72372  -34.78474 102.429630      0.000    37.3285    23.8785    1545.54 0.0000e+00
      13970    28.8073   6.043757    28.6293   -8.72350  -34.78474 102.429699      0.000    37.3292    23.8790    1545.54 0.0000e+00
      13971    28.8090   6.043963    28.6290   -8.72328  -34.78476 102.429769      0.000    37.3293    23.8785    1545.54 0.0000e+00
      13972    28.8102   6.043963    28.6295   -8.72306  -34.78476 102.429838      0.000    37.3284    23.8774    1545.54 0.0000e+00
      13973    28.8090   6.043862    28.6299   -8.72284  -34.78478 102.429907      0.000    37.3286    23.8780    1545.54 0.0000e+00
      13974    28.8073   6.043656    28.6297   -8.72262  -34.78478 102.429977      0.000    37.3285    23.8785    1545.54 0.0000e+00
      13975    28.8062   6.043555    28.6291   -8.72240  -34.78478 102.430046      0.000    37.3287    23.8789    1545.53 0.0000e+00
      13976    28.8062   6.043555    28.6283   -8.72218  -34.78480 102.430116      0.000    37.3287    23.8789    1545.53 0.0000e+00
      13977    28.8062   6.043453    28.6277   -8.72196  -34.78480 102.430185      0.000    37.3280    23.8784    1545.53 0.0000e+00
      13978    28.8056   6.043453    28.6280   -8.72172  -34.78480 102.430255      0.000    37.3285    23.8790    1545.53 0.0000e+00
      13979    28.8062   6.043555    28.6260   -8.72150  -34.78480 102.430324      0.000    37.3287    23.8789    1545.53 0.0000e+00
      13980    28.8067   6.043555    28.6255   -8.72126  -34.78480 102.430394      0.000    37.3283    23.8785    1545.53 0.0000e+00
      13981    28.8045   6.043146    28.6247   -8.72104  -34.78482 102.430463      0.000    37.3272    23.8784    1545.53 0.0000e+00
      13982    28.8028   6.042838    28.6248   -8.72082  -34.78482 102.430532      0.000    37.3264    23.8783    1545.52 0.0000e+00
      13983    28.8039   6.042838    28.6240   -8.72058  -34.78482 102.430602      0.000    37.3255    23.8773    1545.52 0.0000e+00
      13984    28.8033   6.042636    28.6232   -8.72036  -34.78482 102.430671      0.000    37.3246    23.8768    1545.52 0.0000e+00
      13985    28.8016   6.042430    28.6234   -8.72012  -34.78482 102.430741      0.000    37.3244    23.8773    1545.52 0.0000e+00
      13986    28.8011   6.042228    28.6249   -8.71990  -34.78484 102.430810      0.000    37.3234    23.8767    1545.52 0.0000e+00
      13987    28.7999   6.042228    28.6246   -8.71968  -34.78484 102.430880      0.000    37.3244    23.8778    1545.51 0.0000e+00
      13988    28.8005   6.042329    28.6237   -8.71944  -34.78484 102.430949      0.000    37.3246    23.8778    1545.52 0.0000e+00
      13989    28.8033   6.042430    28.6235   -8.71922  -34.78484 102.431019      0.000    37.3231    23.8757    1545.52 0.0000e+00
      13990    28.8067   6.042737    28.6213   -8.71900  -34.78484 102.431088      0.000    37.3226    23.8742    1545.53 0.0000e+00
      13991    28.8067   6.042737    28.6211   -8.71878  -34.78484 102.431157      0.000    37.3226    23.8742    1545.53 0.0000e+00
      13992    28.8016   6.042021    28.6217   -8.71856  -34.78486 102.431227      0.000    37.3216    23.8751    1545.52 0.0000e+00
      13993    28.7988   6.041511    28.6219   -8.71834  -34.78486 102.431296      0.000    37.3202    23.8751    1545.51 0.0000e+00
      13994    28.7988   6.041511    28.6219   -8.71810  -34.78486 102.431366      0.000    37.3202    23.8751    1545.51 0.0000e+00
      13995    28.8022   6.041612    28.6219   -8.71788  -34.78486 102.431435      0.000    37.3183    23.8724    1545.51 0.0000e+00
      13996    28.8016   6.041612    28.6213   -8.71766  -34.78486 102.431505      0.000    37.3187    23.8730    1545.51 0.0000e+00
      13997    28.8016   6.041511    28.6222   -8.71744  -34.78486 102.431574      0.000    37.3180    23.8725    1545.51 0.0000e+00
      13998    28.8022   6.041713    28.6219   -8.71722  -34.78486 102.431644      0.000    37.3190    23.8730    1545.51 0.0000e+00
      13999    28.8056   6.042021    28.6210   -8.71698  -34.78486 102.431713      0.000    37.3184    23.8714    1545.52 0.0000e+00
      14000    28.8045   6.041819    28.6175   -8.71676  -34.78486 102.431782      0.000    37.3179    23.8714    1545.52 0.0000e+00
      14001    28.8005   6.041511    28.6163   -8.71654  -34.78486 102.431852      0.000    37.3189    23.8735    1545.51 0.0000e+00
      14002    28.7970   6.041002    28.6146   -8.71630  -34.78488 102.431921      0.000    37.3181    23.8741    1545.50 0.0000e+00
      14003    28.7936   6.040488    28.6143   -8.71608  -34.78488 102.431991      0.000    37.3172    23.8745    1545.49 0.0000e+00
      14004    28.7925   6.040079    28.6137   -8.71584  -34.78488 102.432060      0.000    37.3152    23.8734    1545.49 0.0000e+00
      14005    28.7902   6.039671    28.6142   -8.71562  -34.78488 102.432130      0.000    37.3141    23.8734    1545.48 0.0000e+00
      14006    28.7913   6.039570    28.6152   -8.71538  -34.78488 102.432199      0.000    37.3126    23.8718    1545.48 0.0000e+00
      14007    28.7925   6.039671    28.6161   -8.71516  -34.78486 102.432269      0.000    37.3123    23.8712    1545.49 0.0000e+00
      14008    28.7930   6.039671    28.6174   -8.71494  -34.78480 102.432338      0.000    37.3119    23.8708    1545.49 0.0000e+00
      14009    28.7936   6.039671    28.6169   -8.71472  -34.78472 102.432407      0.000    37.3115    23.8702    1545.49 0.0000e+00
      14010    28.7953   6.039877    28.6156   -8.71452  -34.78462 102.432477      0.000    37.3116    23.8697    1545.49 0.0000e+00
      14011    28.7953   6.039978    28.6174   -8.71434  -34.78448 102.432546      0.000    37.3123    23.8702    1545.49 0.0000e+00
      14012    28.7959   6.040079    28.6185   -8.71418  -34.78434 102.432616      0.000    37.3125    23.8702    1545.49 0.0000e+00
      14013    28.7970   6.040286    28.6184   -8.71404  -34.78416 102.432685      0.000    37.3131    23.8703    1545.50 0.0000e+00
      14014    28.7976   6.040286    28.6189   -8.71392  -34.78398 102.432755      0.000    37.3126    23.8697    1545.50 0.0000e+00
      14015    28.7970   6.040387    28.6195   -8.71380  -34.78378 102.432824      0.000    37.3138    23.8708    1545.50 0.0000e+00
      14016    28.7993   6.040488    28.6200   -8.71370  -34.78358 102.432894      0.000    37.3127    23.8692    1545.50 0.0000e+00
      14017    28.7999   6.040694    28.6184   -8.71360  -34.78338 102.432963      0.000    37.3137    23.8697    1545.50 0.0000e+00
      14018    28.8022   6.040795    28.6190   -8.71352  -34.78316 102.433032      0.000    37.3126    23.8682    1545.51 0.0000e+00
      14019    28.7999   6.040488    28.6187   -8.71346  -34.78294 102.433102      0.000    37.3122    23.8687    1545.50 0.0000e+00
      14020    28.7982   6.040387    28.6179   -8.71340  -34.78270 102.433171      0.000    37.3128    23.8697    1545.50 0.0000e+00
      14021    28.7976   6.040387    28.6166   -8.71336  -34.78248 102.433241      0.000    37.3133    23.8703    1545.50 0.0000e+00
      14022    28.7965   6.040286    28.6176   -8.71332  -34.78226 102.433310      0.000    37.3135    23.8708    1545.50 0.0000e+00
      14023    28.7947   6.040079    28.6175   -8.71328  -34.78202 102.433380      0.000    37.3134    23.8713    1545.49 0.0000e+00
      14024    28.7930   6.039978    28.6167   -8.71324  -34.78180 102.433449      0.000    37.3141    23.8724    1545.49 0.0000e+00
      14025    28.7936   6.039978    28.6169   -8.71320  -34.78158 102.433519      0.000    37.3136    23.8718    1545.49 0.0000e+00
      14026    28.7936   6.039877    28.6168   -8.71316  -34.78134 102.433588      0.000    37.3129    23.8713    1545.49 0.0000e+00
      14027    28.7942   6.040079    28.6161   -8.71312  -34.78112 102.433657      0.000    37.3138    23.8718    1545.49 0.0000e+00
      14028    28.7953   6.040180    28.6158   -8.71306  -34.78090 102.433727      0.000    37.3137    23.8713    1545.49 0.0000e+00
      14029    28.7942   6.040079    28.6148   -8.71300  -34.78068 102.433796      0.000    37.3138    23.8718    1545.49 0.0000e+00
      14030    28.7925   6.040079    28.6175   -8.71294  -34.78044 102.433866      0.000    37.3152    23.8734    1545.49 0.0000e+00
      14031    28.7913   6.040079    28.6190   -8.71286  -34.78022 102.433935      0.000    37.3161    23.8745    1545.49 0.0000e+00
      14032    28.7902   6.040079    28.6206   -8.71280  -34.78000 102.434005      0.000    37.3170    23.8755    1545.49 0.0000e+00
      14033    28.7913   6.040387    28.6218   -8.71274  -34.77978 102.434074      0.000    37.3183    23.8761    1545.49 0.0000e+00
      14034    28.7936   6.040795    28.6208   -8.71270  -34.77956 102.434144      0.000    37.3193    23.8761    1545.50 0.0000e+00
      14035    28.7970   6.041103    28.6235   -8.71266  -34.77934 102.434213      0.000    37.3188    23.8746    1545.50 0.0000e+00
      14036    28.7976   6.041204    28.6255   -8.71262  -34.77912 102.434282      0.000    37.3190    23.8746    1545.50 0.0000e+00
      14037    28.7993   6.041410    28.6258   -8.71260  -34.77888 102.434352      0.000    37.3191    23.8741    1545.51 0.0000e+00
      14038    28.8016   6.041920    28.6267   -8.71256  -34.77866 102.434421      0.000    37.3209    23.8746    1545.51 0.0000e+00
      14039    28.8039   6.042122    28.6274   -8.71254  -34.77844 102.434491      0.000    37.3205    23.8735    1545.52 0.0000e+00
      14040    28.8033   6.042021    28.6276   -8.71250  -34.77822 102.434560      0.000    37.3203    23.8736    1545.52 0.0000e+00
      14041    28.8033   6.042021    28.6266   -8.71248  -34.77800 102.434630      0.000    37.3203    23.8736    1545.52 0.0000e+00
      14042    28.8039   6.042021    28.6243   -8.71244  -34.77778 102.434699      0.000    37.3198    23.8730    1545.52 0.0000e+00
      14043    28.8050   6.042021    28.6235   -8.71242  -34.77756 102.434769      0.000    37.3189    23.8720    1545.52 0.0000e+00
      14044    28.8045   6.041920    28.6236   -8.71240  -34.77732 102.434838      0.000    37.3186    23.8719    1545.52 0.0000e+00
      14045    28.8022   6.041612    28.6247   -8.71238  -34.77710 102.434907      0.000    37.3183    23.8724    1545.51 0.0000e+00
      14046    28.8005   6.041612    28.6243   -8.71236  -34.77690 102.434977      0.000    37.3196    23.8740    1545.51 0.0000e+00
      14047    28.8011   6.041612    28.6232   -8.71234  -34.77668 102.435046      0.000    37.3191    23.8735    1545.51 0.0000e+00
      14048    28.8005   6.041612    28.6218   -8.71232  -34.77646 102.435116      0.000    37.3196    23.8740    1545.51 0.0000e+00
      14049    28.8005   6.041511    28.6219   -8.71230  -34.77622 102.435185      0.000    37.3189    23.8735    1545.51 0.0000e+00
      14050    28.7982   6.041410    28.6225   -8.71230  -34.77600 102.435255      0.000    37.3200    23.8751    1545.51 0.0000e+00
      14051    28.7976   6.041410    28.6218   -8.71228  -34.77578 102.435324      0.000    37.3205    23.8756    1545.51 0.0000e+00
      14052    28.7976   6.041410    28.6202   -8.71226  -34.77556 102.435394      0.000    37.3205    23.8756    1545.51 0.0000e+00
      14053    28.7965   6.041410    28.6190   -8.71226  -34.77534 102.435463      0.000    37.3213    23.8767    1545.50 0.0000e+00
      14054    28.7999   6.041713    28.6178   -8.71224  -34.77512 102.435532      0.000    37.3208    23.8751    1545.51 0.0000e+00
      14055    28.8016   6.041819    28.6182   -8.71224  -34.77490 102.435602      0.000    37.3202    23.8741    1545.51 0.0000e+00
      14056    28.7982   6.041713    28.6204   -8.71222  -34.77468 102.435671      0.000    37.3221    23.8767    1545.51 0.0000e+00
      14057    28.7976   6.041713    28.6222   -8.71222  -34.77444 102.435741      0.000    37.3226    23.8772    1545.51 0.0000e+00
      14058    28.8011   6.042228    28.6210   -8.71222  -34.77422 102.435810      0.000    37.3234    23.8767    1545.52 0.0000e+00
      14059    28.8022   6.042531    28.6229   -8.71222  -34.77398 102.435880      0.000    37.3247    23.8773    1545.52 0.0000e+00
      14060    28.8016   6.042636    28.6235   -8.71222  -34.77376 102.435949      0.000    37.3259    23.8784    1545.52 0.0000e+00
      14061    28.8005   6.042531    28.6238   -8.71222  -34.77352 102.436019      0.000    37.3260    23.8788    1545.52 0.0000e+00
      14062    28.7993   6.042430    28.6236   -8.71222  -34.77328 102.436088      0.000    37.3263    23.8794    1545.52 0.0000e+00
      14063    28.7993   6.042636    28.6234   -8.71222  -34.77304 102.436157      0.000    37.3277    23.8805    1545.52 0.0000e+00
      14064    28.7999   6.042838    28.6234   -8.71222  -34.77280 102.436227      0.000    37.3286    23.8810    1545.52 0.0000e+00
      14065    28.8005   6.042838    28.6250   -8.71224  -34.77256 102.436296      0.000    37.3282    23.8805    1545.52 0.0000e+00
      14066    28.8005   6.042939    28.6297   -8.71224  -34.77232 102.436366      0.000    37.3289    23.8810    1545.52 0.0000e+00
      14067    28.8005   6.043247    28.6359   -8.71224  -34.77208 102.436435      0.000    37.3310    23.8826    1545.52 0.0000e+00
      14068    28.8050   6.044165    28.6380   -8.71224  -34.77186 102.436505      0.000    37.3339    23.8833    1545.54 0.0000e+00
      14069    28.8113   6.045189    28.6391   -8.71224  -34.77162 102.436574      0.000    37.3361    23.8828    1545.55 0.0000e+00
      14070    28.8165   6.046108    28.6387   -8.71226  -34.77138 102.436644      0.000    37.3384    23.8828    1545.57 0.0000e+00
      14071    28.8199   6.046517    28.6393   -8.71226  -34.77116 102.436713      0.000    37.3386    23.8818    1545.57 0.0000e+00
      14072    28.8205   6.046415    28.6414   -8.71226  -34.77092 102.436782      0.000    37.3374    23.8807    1545.57 0.0000e+00
      14073    28.8182   6.046108    28.6394   -8.71226  -34.77068 102.436852      0.000    37.3371    23.8812    1545.57 0.0000e+00
      14074    28.8165   6.046108    28.6396   -8.71228  -34.77046 102.436921      0.000    37.3384    23.8828    1545.57 0.0000e+00
      14075    28.8165   6.046007    28.6391   -8.71228  -34.77024 102.436991      0.000    37.3377    23.8823    1545.56 0.0000e+00
