data/TSG/SEASAVE/03.cnv
* Sea-Bird SBE 21 Data File:
* FileName = E:\ABRACOS2\abra03.hex
* Software Version Seasave V 7.25.0.151
* Temperature SN = 3293
* Conductivity SN = 3293
* System UpLoad Time = Apr 11 2017 11:02:00
* NMEA Latitude = 08 51.36 S
* NMEA Longitude = 034 35.69 W
* NMEA UTC (Time) = Apr 11 2017  11:01:52
** Ship: antea
** Station: 3
** Operator:
# nquan = 12                                
# nvalues = 15943                       
# units = specified
# name 0 = scan: Scan Count
# name 1 = t090C: Temperature [ITS-90, deg C]
# name 2 = c0S/m: Conductivity [S/m]
# name 3 = t3890C: Temperature, SBE 38 [ITS-90, deg C]
# name 4 = latitude: Latitude [deg]
# name 5 = longitude: Longitude [deg]
# name 6 = timeJ: Julian Days
# name 7 = prM: Pressure [db]
# name 8 = sal00: Salinity, Practical [PSU]
# name 9 = sigma-é00: Density [sigma-theta, kg/m^3]
# name 10 = svCM: Sound Velocity [Chen-Millero, m/s]
# name 11 = flag: flag
# span 0 =          1,      15943       
# span 1 =    28.7845,    29.5915       
# span 2 =   6.023934,   6.162494       
# span 3 =    28.6058,    29.4073       
# span 4 =   -8.90624,   -8.71138       
# span 5 =  -34.80518,  -34.59142       
# span 6 = 101.459630, 102.566713       
# span 7 =      0.000,      0.000       
# span 8 =    37.0861,    37.5431       
# span 9 =    23.6261,    23.9629       
# span 10 =    1545.43,    1547.41      
# span 11 = 0.0000e+00, 0.0000e+00      
# interval = seconds: 6
# start_time = Apr 11 2017 11:01:52 [NMEA time, header]
# bad_flag = -9.990e-29
*END*
[from data line 10346]
      10347    28.9987   6.080846    28.8244   -8.71244  -34.69600 102.178102      0.000    37.4375    23.8961    1546.06 0.0000e+00
      10348    28.9981   6.080745    28.8255   -8.71244  -34.69578 102.178171      0.000    37.4373    23.8961    1546.06 0.0000e+00
      10349    29.0016   6.081459    28.8255   -8.71244  -34.69556 102.178241      0.000    37.4395    23.8966    1546.07 0.0000e+00
      10350    29.0044   6.081970    28.8219   -8.71242  -34.69532 102.178310      0.000    37.4409    23.8967    1546.07 0.0000e+00
      10351    29.0044   6.081970    28.8207   -8.71242  -34.69510 102.178380      0.000    37.4409    23.8967    1546.07 0.0000e+00
      10352    29.0016   6.081459    28.8177   -8.71242  -34.69488 102.178449      0.000    37.4395    23.8966    1546.07 0.0000e+00
      10353    28.9987   6.081053    28.8146   -8.71242  -34.69466 102.178519      0.000    37.4390    23.8971    1546.06 0.0000e+00
      10354    28.9987   6.080846    28.8142   -8.71242  -34.69444 102.178588      0.000    37.4375    23.8961    1546.06 0.0000e+00
      10355    28.9936   6.080031    28.8143   -8.71242  -34.69420 102.178657      0.000    37.4359    23.8965    1546.04 0.0000e+00
      10356    28.9896   6.079211    28.8169   -8.71242  -34.69398 102.178727      0.000    37.4333    23.8959    1546.03 0.0000e+00
      10357    28.9919   6.079008    28.8194   -8.71242  -34.69376 102.178796      0.000    37.4301    23.8927    1546.04 0.0000e+00
      10358    28.9947   6.079211    28.8220   -8.71242  -34.69352 102.178866      0.000    37.4293    23.8912    1546.04 0.0000e+00
      10359    28.9976   6.079418    28.8252   -8.71242  -34.69330 102.178935      0.000    37.4285    23.8896    1546.05 0.0000e+00
      10360    29.0010   6.079823    28.8312   -8.71242  -34.69308 102.179005      0.000    37.4286    23.8886    1546.05 0.0000e+00
      10361    29.0039   6.080132    28.8321   -8.71242  -34.69284 102.179074      0.000    37.4285    23.8875    1546.06 0.0000e+00
      10362    29.0055   6.080436    28.8360   -8.71242  -34.69262 102.179144      0.000    37.4293    23.8876    1546.06 0.0000e+00
      10363    29.0078   6.080846    28.8378   -8.71244  -34.69240 102.179213      0.000    37.4304    23.8876    1546.07 0.0000e+00
      10364    29.0101   6.081154    28.8381   -8.71244  -34.69218 102.179282      0.000    37.4307    23.8871    1546.07 0.0000e+00
      10365    29.0118   6.081357    28.8421   -8.71244  -34.69194 102.179352      0.000    37.4308    23.8866    1546.08 0.0000e+00
      10366    29.0130   6.081666    28.8447   -8.71244  -34.69172 102.179421      0.000    37.4320    23.8871    1546.08 0.0000e+00
      10367    29.0147   6.081970    28.8452   -8.71244  -34.69150 102.179491      0.000    37.4328    23.8871    1546.09 0.0000e+00
      10368    29.0170   6.082278    28.8491   -8.71244  -34.69128 102.179560      0.000    37.4331    23.8866    1546.09 0.0000e+00
      10369    29.0210   6.082891    28.8536   -8.71244  -34.69106 102.179630      0.000    37.4343    23.8861    1546.10 0.0000e+00
      10370    29.0255   6.083402    28.8538   -8.71244  -34.69084 102.179699      0.000    37.4343    23.8846    1546.11 0.0000e+00
      10371    29.0278   6.083914    28.8562   -8.71244  -34.69060 102.179769      0.000    37.4360    23.8851    1546.12 0.0000e+00
      10372    29.0295   6.084319    28.8593   -8.71244  -34.69038 102.179838      0.000    37.4375    23.8857    1546.12 0.0000e+00
      10373    29.0318   6.085038    28.8629   -8.71244  -34.69014 102.179907      0.000    37.4407    23.8873    1546.13 0.0000e+00
      10374    29.0335   6.085549    28.8667   -8.71244  -34.68992 102.179977      0.000    37.4429    23.8884    1546.14 0.0000e+00
      10375    29.0369   6.086056    28.8723   -8.71242  -34.68970 102.180046      0.000    37.4438    23.8879    1546.14 0.0000e+00
      10376    29.0398   6.086568    28.8754   -8.71242  -34.68948 102.180116      0.000    37.4451    23.8879    1546.15 0.0000e+00
      10377    29.0472   6.087591    28.8776   -8.71242  -34.68924 102.180185      0.000    37.4464    23.8864    1546.17 0.0000e+00
      10378    29.0523   6.088406    28.8834   -8.71242  -34.68902 102.180255      0.000    37.4480    23.8859    1546.18 0.0000e+00
      10379    29.0557   6.089227    28.8857   -8.71242  -34.68878 102.180324      0.000    37.4511    23.8870    1546.19 0.0000e+00
      10380    29.0609   6.090043    28.8873   -8.71242  -34.68856 102.180394      0.000    37.4527    23.8865    1546.21 0.0000e+00
      10381    29.0649   6.090656    28.8880   -8.71244  -34.68834 102.180463      0.000    37.4538    23.8860    1546.21 0.0000e+00
      10382    29.0666   6.090964    28.8897   -8.71242  -34.68810 102.180532      0.000    37.4546    23.8860    1546.22 0.0000e+00
      10383    29.0654   6.090656    28.8902   -8.71242  -34.68788 102.180602      0.000    37.4534    23.8855    1546.22 0.0000e+00
      10384    29.0649   6.090453    28.8904   -8.71242  -34.68766 102.180671      0.000    37.4524    23.8849    1546.21 0.0000e+00
      10385    29.0666   6.090656    28.8903   -8.71242  -34.68742 102.180741      0.000    37.4525    23.8844    1546.22 0.0000e+00
      10386    29.0671   6.090656    28.8905   -8.71242  -34.68720 102.180810      0.000    37.4521    23.8839    1546.22 0.0000e+00
      10387    29.0671   6.090554    28.8886   -8.71242  -34.68698 102.180880      0.000    37.4514    23.8834    1546.22 0.0000e+00
      10388    29.0649   6.090245    28.8891   -8.71242  -34.68674 102.180949      0.000    37.4509    23.8838    1546.21 0.0000e+00
      10389    29.0654   6.090144    28.8874   -8.71242  -34.68652 102.181019      0.000    37.4498    23.8828    1546.21 0.0000e+00
      10390    29.0637   6.089840    28.8877   -8.71242  -34.68630 102.181088      0.000    37.4491    23.8828    1546.21 0.0000e+00
      10391    29.0626   6.089738    28.8873   -8.71242  -34.68606 102.181157      0.000    37.4492    23.8833    1546.21 0.0000e+00
      10392    29.0620   6.089632    28.8846   -8.71244  -34.68584 102.181227      0.000    37.4490    23.8833    1546.20 0.0000e+00
      10393    29.0620   6.089531    28.8826   -8.71248  -34.68564 102.181296      0.000    37.4483    23.8828    1546.20 0.0000e+00
      10394    29.0620   6.089429    28.8813   -8.71256  -34.68544 102.181366      0.000    37.4475    23.8822    1546.20 0.0000e+00
      10395    29.0609   6.089227    28.8800   -8.71266  -34.68526 102.181435      0.000    37.4470    23.8822    1546.20 0.0000e+00
      10396    29.0597   6.089019    28.8816   -8.71278  -34.68512 102.181505      0.000    37.4465    23.8822    1546.20 0.0000e+00
      10397    29.0574   6.088715    28.8824   -8.71292  -34.68498 102.181574      0.000    37.4462    23.8828    1546.19 0.0000e+00
      10398    29.0557   6.088614    28.8834   -8.71308  -34.68488 102.181644      0.000    37.4468    23.8838    1546.19 0.0000e+00
      10399    29.0563   6.088614    28.8867   -8.71326  -34.68478 102.181713      0.000    37.4464    23.8833    1546.19 0.0000e+00
      10400    29.0574   6.088816    28.8904   -8.71342  -34.68472 102.181782      0.000    37.4469    23.8833    1546.19 0.0000e+00
      10401    29.0592   6.089125    28.8965   -8.71360  -34.68470 102.181852      0.000    37.4476    23.8832    1546.20 0.0000e+00
      10402    29.0632   6.089840    28.9063   -8.71378  -34.68472 102.181921      0.000    37.4495    23.8833    1546.21 0.0000e+00
      10403    29.0671   6.090453    28.9143   -8.71396  -34.68472 102.181991      0.000    37.4507    23.8829    1546.22 0.0000e+00
      10404    29.0728   6.091472    28.9235   -8.71414  -34.68470 102.182060      0.000    37.4533    23.8829    1546.23 0.0000e+00
      10405    29.0825   6.093210    28.9270   -8.71432  -34.68466 102.182130      0.000    37.4577    23.8830    1546.26 0.0000e+00
      10406    29.0945   6.095252    28.9315   -8.71450  -34.68460 102.182199      0.000    37.4625    23.8825    1546.29 0.0000e+00
      10407    29.1036   6.096788    28.9385   -8.71468  -34.68454 102.182269      0.000    37.4661    23.8821    1546.31 0.0000e+00
      10408    29.1082   6.097401    28.9425   -8.71486  -34.68450 102.182338      0.000    37.4667    23.8810    1546.32 0.0000e+00
      10409    29.1122   6.098319    28.9488   -8.71506  -34.68446 102.182407      0.000    37.4699    23.8821    1546.33 0.0000e+00
      10410    29.1173   6.099136    28.9501   -8.71524  -34.68442 102.182477      0.000    37.4716    23.8817    1546.34 0.0000e+00
      10411    29.1213   6.099957    28.9536   -8.71544  -34.68440 102.182546      0.000    37.4742    23.8822    1546.36 0.0000e+00
      10412    29.1247   6.100363    28.9581   -8.71564  -34.68434 102.182616      0.000    37.4743    23.8812    1546.36 0.0000e+00
      10413    29.1309   6.101387    28.9623   -8.71586  -34.68432 102.182685      0.000    37.4766    23.8808    1546.38 0.0000e+00
      10414    29.1372   6.102305    28.9705   -8.71608  -34.68430 102.182755      0.000    37.4780    23.8797    1546.39 0.0000e+00
      10415    29.1401   6.102817    28.9810   -8.71630  -34.68428 102.182824      0.000    37.4793    23.8797    1546.40 0.0000e+00
      10416    29.1418   6.102918    28.9887   -8.71652  -34.68426 102.182894      0.000    37.4787    23.8787    1546.40 0.0000e+00
      10417    29.1458   6.104248    28.9953   -8.71674  -34.68424 102.182963      0.000    37.4848    23.8819    1546.42 0.0000e+00
      10418    29.1572   6.106495    28.9985   -8.71696  -34.68424 102.183032      0.000    37.4914    23.8831    1546.45 0.0000e+00
      10419    29.1691   6.108231    29.0014   -8.71718  -34.68424 102.183102      0.000    37.4941    23.8811    1546.48 0.0000e+00
      10420    29.1748   6.109149    29.0036   -8.71740  -34.68424 102.183171      0.000    37.4960    23.8806    1546.49 0.0000e+00
      10421    29.1776   6.109662    29.0095   -8.71764  -34.68424 102.183241      0.000    37.4974    23.8806    1546.50 0.0000e+00
      10422    29.1805   6.110174    29.0138   -8.71786  -34.68426 102.183310      0.000    37.4987    23.8806    1546.51 0.0000e+00
      10423    29.1833   6.110890    29.0159   -8.71808  -34.68426 102.183380      0.000    37.5014    23.8818    1546.52 0.0000e+00
      10424    29.1868   6.111809    29.0179   -8.71830  -34.68426 102.183449      0.000    37.5051    23.8833    1546.53 0.0000e+00
      10425    29.1902   6.112423    29.0183   -8.71854  -34.68426 102.183519      0.000    37.5067    23.8833    1546.54 0.0000e+00
      10426    29.1948   6.112829    29.0214   -8.71876  -34.68428 102.183588      0.000    37.5059    23.8812    1546.54 0.0000e+00
      10427    29.1976   6.113240    29.0195   -8.71898  -34.68430 102.183657      0.000    37.5065    23.8807    1546.55 0.0000e+00
      10428    29.1981   6.113342    29.0222   -8.71920  -34.68432 102.183727      0.000    37.5068    23.8808    1546.55 0.0000e+00
      10429    29.1976   6.113342    29.0222   -8.71942  -34.68432 102.183796      0.000    37.5072    23.8813    1546.55 0.0000e+00
      10430    29.1976   6.113342    29.0223   -8.71964  -34.68436 102.183866      0.000    37.5072    23.8813    1546.55 0.0000e+00
      10431    29.1987   6.113647    29.0202   -8.71986  -34.68436 102.183935      0.000    37.5085    23.8818    1546.56 0.0000e+00
      10432    29.1999   6.114058    29.0198   -8.72008  -34.68438 102.184005      0.000    37.5104    23.8829    1546.56 0.0000e+00
      10433    29.2004   6.114261    29.0218   -8.72030  -34.68440 102.184074      0.000    37.5114    23.8835    1546.56 0.0000e+00
      10434    29.1976   6.114058    29.0205   -8.72052  -34.68442 102.184144      0.000    37.5122    23.8850    1546.56 0.0000e+00
      10435    29.1942   6.113952    29.0201   -8.72074  -34.68444 102.184213      0.000    37.5141    23.8876    1546.55 0.0000e+00
      10436    29.1942   6.114058    29.0215   -8.72096  -34.68444 102.184282      0.000    37.5149    23.8882    1546.55 0.0000e+00
      10437    29.1930   6.113952    29.0238   -8.72120  -34.68446 102.184352      0.000    37.5151    23.8887    1546.55 0.0000e+00
      10438    29.1936   6.114058    29.0238   -8.72142  -34.68448 102.184421      0.000    37.5153    23.8887    1546.55 0.0000e+00
      10439    29.1958   6.114465    29.0226   -8.72162  -34.68450 102.184491      0.000    37.5164    23.8888    1546.56 0.0000e+00
      10440    29.1987   6.114769    29.0199   -8.72186  -34.68452 102.184560      0.000    37.5163    23.8877    1546.56 0.0000e+00
      10441    29.1999   6.114875    29.0163   -8.72208  -34.68454 102.184630      0.000    37.5161    23.8871    1546.57 0.0000e+00
      10442    29.1981   6.114875    29.0172   -8.72230  -34.68456 102.184699      0.000    37.5175    23.8888    1546.56 0.0000e+00
      10443    29.1953   6.114668    29.0175   -8.72252  -34.68458 102.184769      0.000    37.5182    23.8903    1546.56 0.0000e+00
      10444    29.1936   6.114363    29.0188   -8.72274  -34.68462 102.184838      0.000    37.5175    23.8903    1546.55 0.0000e+00
      10445    29.1925   6.114160    29.0202   -8.72296  -34.68464 102.184907      0.000    37.5169    23.8903    1546.55 0.0000e+00
      10446    29.1930   6.114058    29.0227   -8.72318  -34.68466 102.184977      0.000    37.5158    23.8893    1546.55 0.0000e+00
      10447    29.1948   6.114363    29.0227   -8.72340  -34.68468 102.185046      0.000    37.5165    23.8892    1546.56 0.0000e+00
      10448    29.1976   6.114876    29.0241   -8.72362  -34.68470 102.185116      0.000    37.5179    23.8893    1546.56 0.0000e+00
      10449    29.2010   6.115282    29.0249   -8.72384  -34.68472 102.185185      0.000    37.5180    23.8882    1546.57 0.0000e+00
      10450    29.2044   6.115693    29.0241   -8.72406  -34.68474 102.185255      0.000    37.5182    23.8872    1546.58 0.0000e+00
      10451    29.2027   6.115587    29.0242   -8.72430  -34.68476 102.185324      0.000    37.5188    23.8882    1546.57 0.0000e+00
      10452    29.2016   6.115384    29.0163   -8.72452  -34.68478 102.185394      0.000    37.5183    23.8882    1546.57 0.0000e+00
      10453    29.1993   6.115079    29.0005   -8.72474  -34.68480 102.185463      0.000    37.5180    23.8888    1546.57 0.0000e+00
      10454    29.1953   6.114058    28.9880   -8.72496  -34.68482 102.185532      0.000    37.5140    23.8871    1546.55 0.0000e+00
      10455    29.1833   6.111606    28.9814   -8.72520  -34.68484 102.185602      0.000    37.5064    23.8855    1546.52 0.0000e+00
      10456    29.1663   6.108540    28.9785   -8.72542  -34.68486 102.185671      0.000    37.4985    23.8853    1546.48 0.0000e+00
      10457    29.1560   6.106800    28.9739   -8.72564  -34.68486 102.185741      0.000    37.4945    23.8858    1546.45 0.0000e+00
      10458    29.1515   6.105780    28.9738   -8.72586  -34.68488 102.185810      0.000    37.4909    23.8846    1546.44 0.0000e+00
      10459    29.1486   6.105166    28.9697   -8.72608  -34.68488 102.185880      0.000    37.4889    23.8841    1546.43 0.0000e+00
      10460    29.1492   6.105064    28.9677   -8.72632  -34.68490 102.185949      0.000    37.4878    23.8830    1546.43 0.0000e+00
      10461    29.1503   6.105064    28.9654   -8.72654  -34.68490 102.186019      0.000    37.4869    23.8820    1546.43 0.0000e+00
      10462    29.1481   6.104451    28.9637   -8.72676  -34.68492 102.186088      0.000    37.4844    23.8808    1546.42 0.0000e+00
      10463    29.1452   6.103634    28.9623   -8.72698  -34.68494 102.186157      0.000    37.4810    23.8793    1546.41 0.0000e+00
      10464    29.1441   6.103223    28.9587   -8.72722  -34.68496 102.186227      0.000    37.4790    23.8781    1546.41 0.0000e+00
      10465    29.1401   6.102508    28.9586   -8.72744  -34.68496 102.186296      0.000    37.4771    23.8781    1546.40 0.0000e+00
      10466    29.1372   6.101793    28.9583   -8.72766  -34.68498 102.186366      0.000    37.4745    23.8771    1546.39 0.0000e+00
