data/TSG/SEASAVE/03.cnv
* Sea-Bird SBE 21 Data File:
* FileName = E:\ABRACOS2\abra03.hex
* Software Version Seasave V 7.25.0.151
* Temperature SN = 3293
* Conductivity SN = 3293
* System UpLoad Time = Apr 11 2017 11:02:00
* NMEA Latitude = 08 51.36 S
* NMEA Longitude = 034 35.69 W
* NMEA UTC (Time) = Apr 11 2017  11:01:52
** Ship: antea
** Station: 3
** Operator:
# nquan = 12                                
# nvalues = 15943                       
# units = specified
# name 0 = scan: Scan Count
# name 1 = t090C: Temperature [ITS-90, deg C]
# name 2 = c0S/m: Conductivity [S/m]
# name 3 = t3890C: Temperature, SBE 38 [ITS-90, deg C]
# name 4 = latitude: Latitude [deg]
# name 5 = longitude: Longitude [deg]
# name 6 = timeJ: Julian Days
# name 7 = prM: Pressure [db]
# name 8 = sal00: Salinity, Practical [PSU]
# name 9 = sigma-é00: Density [sigma-theta, kg/m^3]
# name 10 = svCM: Sound Velocity [Chen-Millero, m/s]
# name 11 = flag: flag
# span 0 =          1,      15943       
# span 1 =    28.7845,    29.5915       
# span 2 =   6.023934,   6.162494       
# span 3 =    28.6058,    29.4073       
# span 4 =   -8.90624,   -8.71138       
# span 5 =  -34.80518,  -34.59142       
# span 6 = 101.459630, 102.566713       
# span 7 =      0.000,      0.000       
# span 8 =    37.0861,    37.5431       
# span 9 =    23.6261,    23.9629       
# span 10 =    1545.43,    1547.41      
# span 11 = 0.0000e+00, 0.0000e+00      
# interval = seconds: 6
# start_time = Apr 11 2017 11:01:52 [NMEA time, header]
# bad_flag = -9.990e-29
*END*
[from data line 10226]
      10227    28.8931   6.055917    28.7149   -8.71250  -34.72310 102.169769      0.000    37.3467    23.8633    1545.74 0.0000e+00
      10228    28.8925   6.055815    28.7149   -8.71248  -34.72288 102.169838      0.000    37.3465    23.8634    1545.74 0.0000e+00
      10229    28.8948   6.055917    28.7171   -8.71248  -34.72266 102.169907      0.000    37.3454    23.8618    1545.74 0.0000e+00
      10230    28.8954   6.055815    28.7148   -8.71248  -34.72244 102.169977      0.000    37.3442    23.8607    1545.74 0.0000e+00
      10231    28.8936   6.055609    28.7142   -8.71248  -34.72222 102.170046      0.000    37.3442    23.8613    1545.74 0.0000e+00
      10232    28.8919   6.055507    28.7145   -8.71246  -34.72198 102.170116      0.000    37.3448    23.8623    1545.73 0.0000e+00
      10233    28.8914   6.055406    28.7173   -8.71246  -34.72176 102.170185      0.000    37.3445    23.8622    1545.73 0.0000e+00
      10234    28.8914   6.055609    28.7146   -8.71246  -34.72154 102.170255      0.000    37.3459    23.8633    1545.73 0.0000e+00
      10235    28.8936   6.056018    28.7152   -8.71246  -34.72130 102.170324      0.000    37.3470    23.8634    1545.74 0.0000e+00
      10236    28.8936   6.056018    28.7139   -8.71244  -34.72108 102.170394      0.000    37.3470    23.8634    1545.74 0.0000e+00
      10237    28.8919   6.055815    28.7128   -8.71244  -34.72086 102.170463      0.000    37.3470    23.8639    1545.73 0.0000e+00
      10238    28.8891   6.055710    28.7094   -8.71244  -34.72064 102.170532      0.000    37.3484    23.8660    1545.73 0.0000e+00
      10239    28.8868   6.055609    28.7084   -8.71244  -34.72040 102.170602      0.000    37.3495    23.8676    1545.73 0.0000e+00
      10240    28.8857   6.055710    28.7046   -8.71242  -34.72018 102.170671      0.000    37.3511    23.8691    1545.73 0.0000e+00
      10241    28.8839   6.055917    28.7017   -8.71242  -34.71996 102.170741      0.000    37.3540    23.8719    1545.73 0.0000e+00
      10242    28.8822   6.056119    28.6973   -8.71242  -34.71974 102.170810      0.000    37.3567    23.8745    1545.72 0.0000e+00
      10243    28.8799   6.056018    28.6936   -8.71242  -34.71950 102.170880      0.000    37.3578    23.8761    1545.72 0.0000e+00
      10244    28.8771   6.055609    28.6952   -8.71242  -34.71928 102.170949      0.000    37.3572    23.8765    1545.71 0.0000e+00
      10245    28.8760   6.055407    28.6955   -8.71242  -34.71906 102.171019      0.000    37.3566    23.8765    1545.71 0.0000e+00
      10246    28.8742   6.055099    28.6967   -8.71242  -34.71884 102.171088      0.000    37.3559    23.8766    1545.71 0.0000e+00
      10247    28.8731   6.054896    28.6959   -8.71242  -34.71862 102.171157      0.000    37.3553    23.8765    1545.70 0.0000e+00
      10248    28.8731   6.054791    28.6974   -8.71242  -34.71840 102.171227      0.000    37.3546    23.8760    1545.70 0.0000e+00
      10249    28.8748   6.054791    28.6993   -8.71242  -34.71816 102.171296      0.000    37.3532    23.8744    1545.71 0.0000e+00
      10250    28.8748   6.054791    28.7000   -8.71242  -34.71794 102.171366      0.000    37.3532    23.8744    1545.71 0.0000e+00
      10251    28.8742   6.054589    28.6983   -8.71240  -34.71772 102.171435      0.000    37.3523    23.8739    1545.70 0.0000e+00
      10252    28.8742   6.054487    28.6985   -8.71242  -34.71748 102.171505      0.000    37.3516    23.8733    1545.70 0.0000e+00
      10253    28.8748   6.054588    28.6986   -8.71242  -34.71726 102.171574      0.000    37.3518    23.8733    1545.70 0.0000e+00
      10254    28.8760   6.054690    28.6997   -8.71242  -34.71702 102.171644      0.000    37.3516    23.8727    1545.71 0.0000e+00
      10255    28.8771   6.054791    28.6999   -8.71242  -34.71680 102.171713      0.000    37.3514    23.8722    1545.71 0.0000e+00
      10256    28.8771   6.054690    28.6992   -8.71242  -34.71656 102.171782      0.000    37.3507    23.8717    1545.71 0.0000e+00
      10257    28.8765   6.054690    28.6986   -8.71242  -34.71634 102.171852      0.000    37.3512    23.8723    1545.71 0.0000e+00
      10258    28.8754   6.054588    28.6970   -8.71242  -34.71610 102.171921      0.000    37.3514    23.8728    1545.70 0.0000e+00
      10259    28.8771   6.054791    28.6974   -8.71242  -34.71586 102.171991      0.000    37.3514    23.8722    1545.71 0.0000e+00
      10260    28.8782   6.054896    28.6987   -8.71242  -34.71562 102.172060      0.000    37.3513    23.8718    1545.71 0.0000e+00
      10261    28.8748   6.054588    28.7028   -8.71242  -34.71538 102.172130      0.000    37.3518    23.8733    1545.70 0.0000e+00
      10262    28.8742   6.054281    28.7003   -8.71242  -34.71514 102.172199      0.000    37.3502    23.8723    1545.70 0.0000e+00
      10263    28.8771   6.056119    28.7052   -8.71242  -34.71490 102.172269      0.000    37.3607    23.8792    1545.72 0.0000e+00
      10264    28.8811   6.058574    28.7186   -8.71242  -34.71468 102.172338      0.000    37.3747    23.8884    1545.74 0.0000e+00
      10265    28.8897   6.061126    28.7230   -8.71242  -34.71444 102.172407      0.000    37.3857    23.8938    1545.77 0.0000e+00
      10266    28.8994   6.063375    28.7208   -8.71242  -34.71422 102.172477      0.000    37.3938    23.8966    1545.80 0.0000e+00
      10267    28.9051   6.064704    28.7220   -8.71240  -34.71400 102.172546      0.000    37.3986    23.8983    1545.82 0.0000e+00
      10268    28.9056   6.065008    28.7238   -8.71240  -34.71376 102.172616      0.000    37.4003    23.8994    1545.82 0.0000e+00
      10269    28.9051   6.065008    28.7250   -8.71240  -34.71354 102.172685      0.000    37.4007    23.8999    1545.82 0.0000e+00
      10270    28.9033   6.064603    28.7265   -8.71240  -34.71332 102.172755      0.000    37.3993    23.8994    1545.81 0.0000e+00
      10271    28.9017   6.064396    28.7314   -8.71240  -34.71310 102.172824      0.000    37.3991    23.8998    1545.81 0.0000e+00
      10272    28.9056   6.065008    28.7314   -8.71240  -34.71286 102.172894      0.000    37.4003    23.8994    1545.82 0.0000e+00
      10273    28.9074   6.065316    28.7290   -8.71240  -34.71264 102.172963      0.000    37.4011    23.8994    1545.82 0.0000e+00
      10274    28.9062   6.065316    28.7273   -8.71242  -34.71242 102.173032      0.000    37.4020    23.9005    1545.82 0.0000e+00
      10275    28.9062   6.065113    28.7332   -8.71242  -34.71220 102.173102      0.000    37.4006    23.8994    1545.82 0.0000e+00
      10276    28.9022   6.064603    28.7352   -8.71242  -34.71196 102.173171      0.000    37.4002    23.9005    1545.81 0.0000e+00
      10277    28.9022   6.064805    28.7354   -8.71242  -34.71174 102.173241      0.000    37.4016    23.9015    1545.81 0.0000e+00
      10278    28.9062   6.065624    28.7395   -8.71242  -34.71152 102.173310      0.000    37.4041    23.9021    1545.83 0.0000e+00
      10279    28.9102   6.066236    28.7392   -8.71242  -34.71128 102.173380      0.000    37.4053    23.9016    1545.84 0.0000e+00
      10280    28.9137   6.066848    28.7410   -8.71242  -34.71106 102.173449      0.000    37.4068    23.9016    1545.84 0.0000e+00
      10281    28.9153   6.067156    28.7420   -8.71242  -34.71084 102.173519      0.000    37.4077    23.9017    1545.85 0.0000e+00
      10282    28.9176   6.067464    28.7404   -8.71242  -34.71060 102.173588      0.000    37.4080    23.9012    1545.85 0.0000e+00
      10283    28.9176   6.067464    28.7394   -8.71242  -34.71038 102.173657      0.000    37.4080    23.9012    1545.85 0.0000e+00
      10284    28.9182   6.067464    28.7314   -8.71242  -34.71016 102.173727      0.000    37.4075    23.9006    1545.85 0.0000e+00
      10285    28.9171   6.067257    28.7282   -8.71244  -34.70994 102.173796      0.000    37.4070    23.9006    1545.85 0.0000e+00
      10286    28.9137   6.066645    28.7250   -8.71242  -34.70972 102.173866      0.000    37.4054    23.9005    1545.84 0.0000e+00
      10287    28.9131   6.066236    28.7231   -8.71244  -34.70950 102.173935      0.000    37.4030    23.8989    1545.84 0.0000e+00
      10288    28.9079   6.065624    28.7300   -8.71244  -34.70926 102.174005      0.000    37.4028    23.9005    1545.83 0.0000e+00
      10289    28.9033   6.065417    28.7362   -8.71244  -34.70904 102.174074      0.000    37.4050    23.9037    1545.82 0.0000e+00
      10290    28.9051   6.066135    28.7356   -8.71244  -34.70882 102.174144      0.000    37.4086    23.9058    1545.83 0.0000e+00
      10291    28.9102   6.067359    28.7358   -8.71244  -34.70860 102.174213      0.000    37.4131    23.9075    1545.84 0.0000e+00
      10292    28.9159   6.068279    28.7319   -8.71244  -34.70838 102.174282      0.000    37.4150    23.9070    1545.86 0.0000e+00
      10293    28.9188   6.068486    28.7293   -8.71244  -34.70814 102.174352      0.000    37.4142    23.9054    1545.86 0.0000e+00
      10294    28.9176   6.068486    28.7277   -8.71244  -34.70792 102.174421      0.000    37.4151    23.9065    1545.86 0.0000e+00
      10295    28.9148   6.068380    28.7323   -8.71244  -34.70770 102.174491      0.000    37.4166    23.9086    1545.86 0.0000e+00
      10296    28.9097   6.067869    28.7464   -8.71244  -34.70746 102.174560      0.000    37.4171    23.9106    1545.85 0.0000e+00
      10297    28.9085   6.068380    28.7590   -8.71244  -34.70724 102.174630      0.000    37.4216    23.9144    1545.85 0.0000e+00
      10298    28.9165   6.070934    28.7644   -8.71244  -34.70702 102.174699      0.000    37.4331    23.9204    1545.88 0.0000e+00
      10299    28.9296   6.073696    28.7666   -8.71244  -34.70678 102.174769      0.000    37.4420    23.9227    1545.92 0.0000e+00
      10300    28.9370   6.075022    28.7697   -8.71244  -34.70656 102.174838      0.000    37.4455    23.9228    1545.93 0.0000e+00
      10301    28.9411   6.075638    28.7702   -8.71244  -34.70634 102.174907      0.000    37.4465    23.9222    1545.94 0.0000e+00
      10302    28.9451   6.076044    28.7713   -8.71244  -34.70610 102.174977      0.000    37.4462    23.9206    1545.95 0.0000e+00
      10303    28.9496   6.076660    28.7753   -8.71242  -34.70588 102.175046      0.000    37.4470    23.9197    1545.96 0.0000e+00
      10304    28.9536   6.077273    28.7767   -8.71244  -34.70566 102.175116      0.000    37.4481    23.9192    1545.97 0.0000e+00
      10305    28.9542   6.077167    28.7794   -8.71244  -34.70544 102.175185      0.000    37.4469    23.9181    1545.97 0.0000e+00
      10306    28.9513   6.076762    28.7716   -8.71244  -34.70520 102.175255      0.000    37.4463    23.9187    1545.97 0.0000e+00
      10307    28.9496   6.076352    28.7721   -8.71244  -34.70498 102.175324      0.000    37.4448    23.9181    1545.96 0.0000e+00
      10308    28.9496   6.076453    28.7755   -8.71244  -34.70476 102.175394      0.000    37.4455    23.9186    1545.96 0.0000e+00
      10309    28.9496   6.075942    28.7800   -8.71244  -34.70452 102.175463      0.000    37.4420    23.9159    1545.96 0.0000e+00
      10310    28.9468   6.075532    28.7792   -8.71244  -34.70430 102.175532      0.000    37.4413    23.9164    1545.95 0.0000e+00
      10311    28.9479   6.075431    28.7809   -8.71244  -34.70408 102.175602      0.000    37.4397    23.9148    1545.95 0.0000e+00
      10312    28.9502   6.075942    28.7826   -8.71244  -34.70384 102.175671      0.000    37.4415    23.9154    1545.96 0.0000e+00
      10313    28.9531   6.076251    28.7820   -8.71242  -34.70362 102.175741      0.000    37.4414    23.9143    1545.96 0.0000e+00
      10314    28.9525   6.076043    28.7805   -8.71242  -34.70340 102.175810      0.000    37.4404    23.9138    1545.96 0.0000e+00
      10315    28.9536   6.076251    28.7821   -8.71242  -34.70318 102.175880      0.000    37.4410    23.9138    1545.97 0.0000e+00
      10316    28.9542   6.076043    28.7814   -8.71242  -34.70294 102.175949      0.000    37.4391    23.9122    1545.96 0.0000e+00
      10317    28.9554   6.076250    28.7816   -8.71242  -34.70272 102.176019      0.000    37.4396    23.9122    1545.97 0.0000e+00
      10318    28.9582   6.076660    28.7811   -8.71242  -34.70250 102.176088      0.000    37.4402    23.9117    1545.97 0.0000e+00
      10319    28.9593   6.076762    28.7769   -8.71242  -34.70228 102.176157      0.000    37.4401    23.9112    1545.98 0.0000e+00
      10320    28.9576   6.076660    28.7783   -8.71242  -34.70206 102.176227      0.000    37.4407    23.9123    1545.97 0.0000e+00
      10321    28.9554   6.075942    28.7785   -8.71242  -34.70182 102.176296      0.000    37.4374    23.9106    1545.97 0.0000e+00
      10322    28.9548   6.075739    28.7821   -8.71242  -34.70160 102.176366      0.000    37.4365    23.9100    1545.96 0.0000e+00
      10323    28.9554   6.075739    28.7809   -8.71242  -34.70138 102.176435      0.000    37.4360    23.9095    1545.96 0.0000e+00
      10324    28.9565   6.075739    28.7849   -8.71242  -34.70116 102.176505      0.000    37.4351    23.9085    1545.97 0.0000e+00
      10325    28.9605   6.076149    28.7891   -8.71242  -34.70094 102.176574      0.000    37.4348    23.9069    1545.97 0.0000e+00
      10326    28.9622   6.076250    28.7914   -8.71242  -34.70070 102.176644      0.000    37.4342    23.9059    1545.98 0.0000e+00
      10327    28.9610   6.076043    28.7923   -8.71242  -34.70048 102.176713      0.000    37.4337    23.9059    1545.97 0.0000e+00
      10328    28.9656   6.076453    28.7941   -8.71242  -34.70026 102.176782      0.000    37.4329    23.9038    1545.98 0.0000e+00
      10329    28.9690   6.076761    28.8001   -8.71242  -34.70004 102.176852      0.000    37.4324    23.9022    1545.99 0.0000e+00
      10330    28.9707   6.077065    28.8006   -8.71242  -34.69982 102.176921      0.000    37.4332    23.9022    1545.99 0.0000e+00
      10331    28.9730   6.077475    28.8036   -8.71242  -34.69960 102.176991      0.000    37.4343    23.9023    1546.00 0.0000e+00
      10332    28.9770   6.078088    28.8073   -8.71242  -34.69938 102.177060      0.000    37.4354    23.9018    1546.01 0.0000e+00
      10333    28.9793   6.078396    28.8090   -8.71244  -34.69916 102.177130      0.000    37.4357    23.9012    1546.01 0.0000e+00
      10334    28.9799   6.078497    28.8116   -8.71244  -34.69892 102.177199      0.000    37.4359    23.9012    1546.02 0.0000e+00
      10335    28.9822   6.078907    28.8126   -8.71244  -34.69870 102.177269      0.000    37.4370    23.9012    1546.02 0.0000e+00
      10336    28.9850   6.079312    28.8141   -8.71242  -34.69848 102.177338      0.000    37.4376    23.9007    1546.03 0.0000e+00
      10337    28.9845   6.079418    28.8146   -8.71244  -34.69826 102.177407      0.000    37.4387    23.9018    1546.03 0.0000e+00
      10338    28.9850   6.079621    28.8167   -8.71244  -34.69802 102.177477      0.000    37.4398    23.9024    1546.03 0.0000e+00
      10339    28.9873   6.080132    28.8212   -8.71244  -34.69780 102.177546      0.000    37.4415    23.9029    1546.04 0.0000e+00
      10340    28.9913   6.080846    28.8240   -8.71242  -34.69758 102.177616      0.000    37.4434    23.9029    1546.05 0.0000e+00
      10341    28.9947   6.081357    28.8238   -8.71244  -34.69734 102.177685      0.000    37.4442    23.9024    1546.06 0.0000e+00
      10342    28.9976   6.081970    28.8253   -8.71242  -34.69712 102.177755      0.000    37.4462    23.9030    1546.06 0.0000e+00
      10343    28.9987   6.081970    28.8226   -8.71244  -34.69688 102.177824      0.000    37.4454    23.9019    1546.07 0.0000e+00
      10344    28.9976   6.081767    28.8213   -8.71244  -34.69666 102.177894      0.000    37.4448    23.9019    1546.06 0.0000e+00
      10345    28.9981   6.081459    28.8194   -8.71244  -34.69644 102.177963      0.000    37.4423    23.8998    1546.06 0.0000e+00
