data/TSG/SEASAVE/03.cnv
* Sea-Bird SBE 21 Data File:
* FileName = E:\ABRACOS2\abra03.hex
* Software Version Seasave V 7.25.0.151
* Temperature SN = 3293
* Conductivity SN = 3293
* System UpLoad Time = Apr 11 2017 11:02:00
* NMEA Latitude = 08 51.36 S
* NMEA Longitude = 034 35.69 W
* NMEA UTC (Time) = Apr 11 2017  11:01:52
** Ship: antea
** Station: 3
** Operator:
# nquan = 12                                
# nvalues = 15943                       
# units = specified
# name 0 = scan: Scan Count
# name 1 = t090C: Temperature [ITS-90, deg C]
# name 2 = c0S/m: Conductivity [S/m]
# name 3 = t3890C: Temperature, SBE 38 [ITS-90, deg C]
# name 4 = latitude: Latitude [deg]
# name 5 = longitude: Longitude [deg]
# name 6 = timeJ: Julian Days
# name 7 = prM: Pressure [db]
# name 8 = sal00: Salinity, Practical [PSU]
# name 9 = sigma-é00: Density [sigma-theta, kg/m^3]
# name 10 = svCM: Sound Velocity [Chen-Millero, m/s]
# name 11 = flag: flag
# span 0 =          1,      15943       
# span 1 =    28.7845,    29.5915       
# span 2 =   6.023934,   6.162494       
# span 3 =    28.6058,    29.4073       
# span 4 =   -8.90624,   -8.71138       
# span 5 =  -34.80518,  -34.59142       
# span 6 = 101.459630, 102.566713       
# span 7 =      0.000,      0.000       
# span 8 =    37.0861,    37.5431       
# span 9 =    23.6261,    23.9629       
# span 10 =    1545.43,    1547.41      
# span 11 = 0.0000e+00, 0.0000e+00      
# interval = seconds: 6
# start_time = Apr 11 2017 11:01:52 [NMEA time, header]
# bad_flag = -9.990e-29
*END*
[from data line 4091]
       4092    29.2300   6.083090    29.0494   -8.74550  -34.78982 101.743727      0.000    37.2721    23.6935    1546.37 0.0000e+00
       4093    29.2249   6.082375    29.0531   -8.74538  -34.78988 101.743796      0.000    37.2711    23.6945    1546.36 0.0000e+00
       4094    29.2158   6.081454    29.0547   -8.74528  -34.78992 101.743866      0.000    37.2718    23.6981    1546.34 0.0000e+00
       4095    29.2158   6.081454    29.0470   -8.74518  -34.78996 101.743935      0.000    37.2718    23.6981    1546.34 0.0000e+00
       4096    29.2255   6.082375    29.0412   -8.74506  -34.79000 101.744005      0.000    37.2706    23.6940    1546.36 0.0000e+00
       4097    29.2283   6.082578    29.0379   -8.74496  -34.79004 101.744074      0.000    37.2698    23.6924    1546.37 0.0000e+00
       4098    29.2220   6.081864    29.0391   -8.74486  -34.79008 101.744144      0.000    37.2698    23.6945    1546.35 0.0000e+00
       4099    29.2130   6.080943    29.0445   -8.74476  -34.79012 101.744213      0.000    37.2704    23.6981    1546.34 0.0000e+00
       4100    29.2089   6.080432    29.0477   -8.74466  -34.79016 101.744282      0.000    37.2701    23.6992    1546.33 0.0000e+00
       4101    29.2152   6.081150    29.0483   -8.74452  -34.79022 101.744352      0.000    37.2702    23.6971    1546.34 0.0000e+00
       4102    29.2215   6.081763    29.0473   -8.74442  -34.79026 101.744421      0.000    37.2695    23.6945    1546.35 0.0000e+00
       4103    29.2300   6.082887    29.0566   -8.74432  -34.79030 101.744491      0.000    37.2707    23.6925    1546.37 0.0000e+00
       4104    29.2408   6.083909    29.0608   -8.74420  -34.79036 101.744560      0.000    37.2693    23.6878    1546.39 0.0000e+00
       4105    29.2488   6.084826    29.0673   -8.74410  -34.79040 101.744630      0.000    37.2694    23.6852    1546.41 0.0000e+00
       4106    29.2618   6.086052    29.0734   -8.74400  -34.79044 101.744699      0.000    37.2678    23.6796    1546.44 0.0000e+00
       4107    29.2670   6.086462    29.0658   -8.74388  -34.79048 101.744769      0.000    37.2666    23.6769    1546.45 0.0000e+00
       4108    29.2726   6.087075    29.0783   -8.74378  -34.79052 101.744838      0.000    37.2665    23.6749    1546.46 0.0000e+00
       4109    29.2789   6.087586    29.0821   -8.74368  -34.79056 101.744907      0.000    37.2651    23.6717    1546.47 0.0000e+00
       4110    29.2789   6.087383    29.0827   -8.74356  -34.79060 101.744977      0.000    37.2637    23.6707    1546.47 0.0000e+00
       4111    29.2840   6.087789    29.0784   -8.74346  -34.79066 101.745046      0.000    37.2625    23.6681    1546.48 0.0000e+00
       4112    29.2880   6.088097    29.0651   -8.74336  -34.79068 101.745116      0.000    37.2615    23.6660    1546.48 0.0000e+00
       4113    29.2863   6.087789    29.0636   -8.74324  -34.79074 101.745185      0.000    37.2607    23.6659    1546.48 0.0000e+00
       4114    29.2801   6.086973    29.0811   -8.74314  -34.79078 101.745255      0.000    37.2599    23.6674    1546.47 0.0000e+00
       4115    29.2675   6.085439    29.0902   -8.74304  -34.79082 101.745324      0.000    37.2591    23.6711    1546.44 0.0000e+00
       4116    29.2562   6.084315    29.0907   -8.74292  -34.79086 101.745394      0.000    37.2601    23.6757    1546.42 0.0000e+00
       4117    29.2664   6.085135    29.0921   -8.74282  -34.79090 101.745463      0.000    37.2579    23.6705    1546.44 0.0000e+00
       4118    29.2818   6.086461    29.0921   -8.74272  -34.79096 101.745532      0.000    37.2550    23.6632    1546.46 0.0000e+00
       4119    29.2914   6.087176    29.0937   -8.74260  -34.79100 101.745602      0.000    37.2525    23.6580    1546.48 0.0000e+00
       4120    29.2863   6.086461    29.0897   -8.74250  -34.79104 101.745671      0.000    37.2515    23.6590    1546.47 0.0000e+00
       4121    29.2852   6.086157    29.0832   -8.74240  -34.79108 101.745741      0.000    37.2503    23.6585    1546.47 0.0000e+00
       4122    29.2823   6.085849    29.0787   -8.74228  -34.79112 101.745810      0.000    37.2504    23.6596    1546.46 0.0000e+00
       4123    29.2789   6.085439    29.0765   -8.74218  -34.79116 101.745880      0.000    37.2502    23.6606    1546.45 0.0000e+00
       4124    29.2783   6.085337    29.0800   -8.74208  -34.79122 101.745949      0.000    37.2500    23.6606    1546.45 0.0000e+00
       4125    29.2801   6.085236    29.0820   -8.74196  -34.79126 101.746019      0.000    37.2479    23.6584    1546.45 0.0000e+00
       4126    29.2806   6.085236    29.0817   -8.74186  -34.79130 101.746088      0.000    37.2475    23.6579    1546.45 0.0000e+00
       4127    29.2886   6.085544    29.0804   -8.74176  -34.79134 101.746157      0.000    37.2434    23.6521    1546.47 0.0000e+00
       4128    29.2931   6.085645    29.0793   -8.74166  -34.79138 101.746227      0.000    37.2406    23.6485    1546.47 0.0000e+00
       4129    29.2937   6.085235    29.0750   -8.74154  -34.79144 101.746296      0.000    37.2373    23.6458    1546.47 0.0000e+00
       4130    29.2886   6.084420    29.0728   -8.74144  -34.79148 101.746366      0.000    37.2356    23.6463    1546.46 0.0000e+00
       4131    29.2840   6.083908    29.0680   -8.74134  -34.79152 101.746435      0.000    37.2357    23.6479    1546.45 0.0000e+00
       4132    29.2801   6.083499    29.0625   -8.74124  -34.79156 101.746505      0.000    37.2359    23.6494    1546.44 0.0000e+00
       4133    29.2670   6.081965    29.0592   -8.74112  -34.79160 101.746574      0.000    37.2354    23.6535    1546.41 0.0000e+00
       4134    29.2556   6.080537    29.0500   -8.74102  -34.79164 101.746644      0.000    37.2344    23.6566    1546.39 0.0000e+00
       4135    29.2499   6.079924    29.0447   -8.74092  -34.79170 101.746713      0.000    37.2346    23.6587    1546.38 0.0000e+00
       4136    29.2442   6.078902    29.0405   -8.74082  -34.79174 101.746782      0.000    37.2320    23.6586    1546.36 0.0000e+00
       4137    29.2317   6.077470    29.0373   -8.74070  -34.79178 101.746852      0.000    37.2318    23.6627    1546.33 0.0000e+00
       4138    29.2243   6.076245    29.0289   -8.74060  -34.79182 101.746921      0.000    37.2291    23.6632    1546.32 0.0000e+00
       4139    29.2198   6.075527    29.0270   -8.74050  -34.79186 101.746991      0.000    37.2276    23.6636    1546.31 0.0000e+00
       4140    29.2192   6.075324    29.0243   -8.74038  -34.79192 101.747060      0.000    37.2267    23.6631    1546.30 0.0000e+00
       4141    29.2169   6.075122    29.0170   -8.74028  -34.79196 101.747130      0.000    37.2271    23.6641    1546.30 0.0000e+00
       4142    29.2118   6.074814    29.0152   -8.74018  -34.79200 101.747199      0.000    37.2289    23.6672    1546.29 0.0000e+00
       4143    29.2033   6.073994    29.0032   -8.74006  -34.79204 101.747269      0.000    37.2298    23.6708    1546.27 0.0000e+00
       4144    29.1976   6.073483    29.0015   -8.73996  -34.79208 101.747338      0.000    37.2307    23.6734    1546.26 0.0000e+00
       4145    29.1970   6.072972    28.9914   -8.73986  -34.79212 101.747407      0.000    37.2277    23.6713    1546.26 0.0000e+00
       4146    29.1942   6.072567    28.9855   -8.73974  -34.79218 101.747477      0.000    37.2270    23.6718    1546.25 0.0000e+00
       4147    29.1930   6.072158    28.9825   -8.73964  -34.79222 101.747546      0.000    37.2251    23.6708    1546.25 0.0000e+00
       4148    29.1925   6.071955    28.9833   -8.73954  -34.79226 101.747616      0.000    37.2241    23.6702    1546.24 0.0000e+00
       4149    29.1794   6.070317    28.9762   -8.73942  -34.79230 101.747685      0.000    37.2230    23.6737    1546.21 0.0000e+00
       4150    29.1686   6.069194    28.9754   -8.73932  -34.79234 101.747755      0.000    37.2236    23.6779    1546.19 0.0000e+00
       4151    29.1674   6.069194    28.9757   -8.73922  -34.79238 101.747824      0.000    37.2245    23.6790    1546.19 0.0000e+00
       4152    29.1589   6.069194    28.9743   -8.73910  -34.79242 101.747894      0.000    37.2312    23.6868    1546.18 0.0000e+00
       4153    29.1498   6.068785    28.9698   -8.73900  -34.79246 101.747963      0.000    37.2354    23.6931    1546.17 0.0000e+00
       4154    29.1424   6.068274    28.9675   -8.73890  -34.79250 101.748032      0.000    37.2376    23.6973    1546.15 0.0000e+00
       4155    29.1435   6.067561    28.9706   -8.73878  -34.79254 101.748102      0.000    37.2318    23.6925    1546.15 0.0000e+00
       4156    29.1441   6.066641    28.9706   -8.73868  -34.79258 101.748171      0.000    37.2250    23.6872    1546.14 0.0000e+00
       4157    29.1458   6.066029    28.9722   -8.73858  -34.79264 101.748241      0.000    37.2194    23.6824    1546.14 0.0000e+00
       4158    29.1509   6.066130    28.9680   -8.73846  -34.79268 101.748310      0.000    37.2161    23.6782    1546.15 0.0000e+00
       4159    29.1537   6.066231    28.9658   -8.73836  -34.79272 101.748380      0.000    37.2147    23.6762    1546.15 0.0000e+00
       4160    29.1583   6.066434    28.9603   -8.73826  -34.79276 101.748449      0.000    37.2125    23.6730    1546.16 0.0000e+00
       4161    29.1537   6.065923    28.9580   -8.73814  -34.79280 101.748519      0.000    37.2125    23.6746    1546.15 0.0000e+00
       4162    29.1509   6.065619    28.9560   -8.73804  -34.79284 101.748588      0.000    37.2126    23.6756    1546.14 0.0000e+00
       4163    29.1520   6.065721    28.9605   -8.73794  -34.79288 101.748657      0.000    37.2124    23.6751    1546.15 0.0000e+00
       4164    29.1526   6.065721    28.9598   -8.73784  -34.79292 101.748727      0.000    37.2120    23.6745    1546.15 0.0000e+00
       4165    29.1475   6.065109    28.9518   -8.73772  -34.79296 101.748796      0.000    37.2117    23.6761    1546.14 0.0000e+00
       4166    29.1389   6.064290    28.9516   -8.73762  -34.79302 101.748866      0.000    37.2127    23.6797    1546.12 0.0000e+00
       4167    29.1338   6.063780    28.9500   -8.73752  -34.79306 101.748935      0.000    37.2132    23.6818    1546.11 0.0000e+00
       4168    29.1298   6.063168    28.9466   -8.73740  -34.79310 101.749005      0.000    37.2120    23.6823    1546.10 0.0000e+00
       4169    29.1276   6.062657    28.9397   -8.73730  -34.79314 101.749074      0.000    37.2102    23.6817    1546.09 0.0000e+00
       4170    29.1247   6.062451    28.9351   -8.73720  -34.79318 101.749144      0.000    37.2110    23.6833    1546.09 0.0000e+00
       4171    29.1224   6.062657    28.9293   -8.73708  -34.79322 101.749213      0.000    37.2142    23.6865    1546.09 0.0000e+00
       4172    29.1150   6.062552    28.9305   -8.73698  -34.79326 101.749282      0.000    37.2193    23.6927    1546.07 0.0000e+00
       4173    29.1053   6.062248    28.9307   -8.73688  -34.79330 101.749352      0.000    37.2247    23.7001    1546.06 0.0000e+00
       4174    29.1025   6.061632    28.9314   -8.73676  -34.79334 101.749421      0.000    37.2227    23.6995    1546.05 0.0000e+00
       4175    29.1025   6.061329    28.9294   -8.73666  -34.79340 101.749491      0.000    37.2205    23.6979    1546.05 0.0000e+00
       4176    29.1008   6.061122    28.9356   -8.73656  -34.79344 101.749560      0.000    37.2204    23.6984    1546.05 0.0000e+00
       4177    29.1002   6.061021    28.9399   -8.73644  -34.79348 101.749630      0.000    37.2202    23.6984    1546.04 0.0000e+00
       4178    29.1036   6.061122    28.9441   -8.73634  -34.79352 101.749699      0.000    37.2183    23.6958    1546.05 0.0000e+00
       4179    29.1167   6.062143    28.9463   -8.73624  -34.79356 101.749769      0.000    37.2151    23.6890    1546.07 0.0000e+00
       4180    29.1287   6.063370    28.9481   -8.73612  -34.79360 101.749838      0.000    37.2143    23.6844    1546.10 0.0000e+00
       4181    29.1429   6.065003    28.9499   -8.73602  -34.79364 101.749907      0.000    37.2145    23.6798    1546.13 0.0000e+00
       4182    29.1492   6.065518    28.9489   -8.73592  -34.79368 101.749977      0.000    37.2132    23.6766    1546.14 0.0000e+00
       4183    29.1475   6.065518    28.9443   -8.73582  -34.79372 101.750046      0.000    37.2145    23.6782    1546.14 0.0000e+00
       4184    29.1441   6.065311    28.9447   -8.73570  -34.79376 101.750116      0.000    37.2158    23.6803    1546.13 0.0000e+00
       4185    29.1401   6.065109    28.9496   -8.73560  -34.79380 101.750185      0.000    37.2175    23.6829    1546.13 0.0000e+00
       4186    29.1424   6.065311    28.9500   -8.73550  -34.79384 101.750255      0.000    37.2171    23.6818    1546.13 0.0000e+00
       4187    29.1492   6.066029    28.9421   -8.73538  -34.79388 101.750324      0.000    37.2168    23.6793    1546.14 0.0000e+00
       4188    29.1509   6.066130    28.9435   -8.73528  -34.79392 101.750394      0.000    37.2161    23.6782    1546.15 0.0000e+00
       4189    29.1503   6.066130    28.9421   -8.73516  -34.79398 101.750463      0.000    37.2166    23.6788    1546.15 0.0000e+00
       4190    29.1418   6.065311    28.9358   -8.73506  -34.79400 101.750532      0.000    37.2175    23.6824    1546.13 0.0000e+00
       4191    29.1372   6.065109    28.9303   -8.73496  -34.79406 101.750602      0.000    37.2197    23.6856    1546.12 0.0000e+00
       4192    29.1367   6.064902    28.9267   -8.73486  -34.79408 101.750671      0.000    37.2187    23.6850    1546.12 0.0000e+00
       4193    29.1287   6.064290    28.9274   -8.73474  -34.79414 101.750741      0.000    37.2207    23.6892    1546.11 0.0000e+00
       4194    29.1207   6.063573    28.9218   -8.73464  -34.79418 101.750810      0.000    37.2219    23.6928    1546.09 0.0000e+00
       4195    29.1196   6.063269    28.9207   -8.73452  -34.79422 101.750880      0.000    37.2207    23.6922    1546.09 0.0000e+00
       4196    29.1173   6.062759    28.9086   -8.73442  -34.79426 101.750949      0.000    37.2189    23.6917    1546.08 0.0000e+00
       4197    29.1133   6.062248    28.9056   -8.73432  -34.79430 101.751019      0.000    37.2185    23.6927    1546.07 0.0000e+00
       4198    29.1104   6.061839    28.9032   -8.73422  -34.79434 101.751088      0.000    37.2179    23.6933    1546.06 0.0000e+00
       4199    29.0985   6.060919    28.8998   -8.73410  -34.79438 101.751157      0.000    37.2208    23.6995    1546.04 0.0000e+00
       4200    29.0979   6.060818    28.9017   -8.73400  -34.79442 101.751227      0.000    37.2206    23.6995    1546.04 0.0000e+00
       4201    29.1025   6.061329    28.8969   -8.73388  -34.79446 101.751296      0.000    37.2205    23.6979    1546.05 0.0000e+00
       4202    29.1002   6.060919    28.8944   -8.73378  -34.79450 101.751366      0.000    37.2195    23.6979    1546.04 0.0000e+00
       4203    29.0894   6.059692    28.8973   -8.73368  -34.79454 101.751435      0.000    37.2194    23.7015    1546.02 0.0000e+00
       4204    29.0808   6.058772    28.8998   -8.73356  -34.79458 101.751505      0.000    37.2197    23.7046    1546.00 0.0000e+00
       4205    29.0848   6.059182    28.9026   -8.73346  -34.79462 101.751574      0.000    37.2194    23.7031    1546.01 0.0000e+00
       4206    29.0882   6.059591    28.8984   -8.73334  -34.79466 101.751644      0.000    37.2196    23.7020    1546.02 0.0000e+00
       4207    29.0848   6.059692    28.8960   -8.73324  -34.79470 101.751713      0.000    37.2230    23.7057    1546.01 0.0000e+00
       4208    29.0780   6.059081    28.9049   -8.73314  -34.79474 101.751782      0.000    37.2240    23.7088    1546.00 0.0000e+00
       4209    29.0820   6.059182    28.9138   -8.73302  -34.79478 101.751852      0.000    37.2216    23.7056    1546.01 0.0000e+00
       4210    29.0905   6.059793    28.9143   -8.73292  -34.79482 101.751921      0.000    37.2192    23.7010    1546.02 0.0000e+00
