data/TSG/02.cnv
* Sea-Bird SBE 21 Data File:
* FileName = E:\ABRACOS2\abra02.hex
* Software Version Seasave V 7.25.0.151
* Temperature SN = 3293
* Conductivity SN = 3293
* System UpLoad Time = Apr 10 2017 18:56:36
* NMEA Latitude = 09 13.13 S
* NMEA Longitude = 035 01.83 W
* NMEA UTC (Time) = Apr 10 2017  18:56:25
** Ship: antea
** Station: 2
** Operator:
# nquan = 12                                
# nvalues = 9648                        
# units = specified
# name 0 = scan: Scan Count
# name 1 = t090C: Temperature [ITS-90, deg C]
# name 2 = c0S/m: Conductivity [S/m]
# name 3 = t3890C: Temperature, SBE 38 [ITS-90, deg C]
# name 4 = latitude: Latitude [deg]
# name 5 = longitude: Longitude [deg]
# name 6 = timeJ: Julian Days
# name 7 = prM: Pressure [db]
# name 8 = sal00: Salinity, Practical [PSU]
# name 9 = sigma-é00: Density [sigma-theta, kg/m^3]
# name 10 = svCM: Sound Velocity [Chen-Millero, m/s]
# name 11 = flag: flag
# span 0 =          1,       9648       
# span 1 =    28.5076,    29.7165       
# span 2 =   5.932508,   6.175780       
# span 3 =    28.3156,    29.5307       
# span 4 =   -9.21976,   -8.84946       
# span 5 =  -35.16238,  -34.58778       
# span 6 = 100.789178, 101.459109       
# span 7 =      0.000,      0.000       
# span 8 =    36.7405,    37.5750       
# span 9 =    23.5122,    24.0072       
# span 10 =    1544.32,    1547.66      
# span 11 = 0.0000e+00, 0.0000e+00      
# interval = seconds: 6
# start_time = Apr 10 2017 18:56:25 [NMEA time, header]
# bad_flag = -9.990e-29
*END*
[from data line 1444]
       1445    29.3318   6.128669    29.0241   -9.21176  -34.76490 100.889456      0.000    37.5082    23.8365    1546.84 0.0000e+00
       1446    29.3386   6.129280    28.9724   -9.21174  -34.76490 100.889525      0.000    37.5071    23.8334    1546.85 0.0000e+00
       1447    29.3499   6.130404    29.0135   -9.21174  -34.76488 100.889595      0.000    37.5060    23.8287    1546.87 0.0000e+00
       1448    29.3585   6.131222    29.0445   -9.21174  -34.76488 100.889664      0.000    37.5050    23.8250    1546.89 0.0000e+00
       1449    29.3619   6.131633    29.0666   -9.21174  -34.76486 100.889734      0.000    37.5051    23.8240    1546.90 0.0000e+00
       1450    29.3664   6.132142    29.0602   -9.21174  -34.76484 100.889803      0.000    37.5051    23.8224    1546.90 0.0000e+00
       1451    29.3704   6.132549    29.0460   -9.21172  -34.76486 100.889873      0.000    37.5048    23.8209    1546.91 0.0000e+00
       1452    29.3732   6.132961    29.0443   -9.21172  -34.76484 100.889942      0.000    37.5055    23.8204    1546.92 0.0000e+00
       1453    29.3761   6.133164    29.0510   -9.21172  -34.76482 100.890012      0.000    37.5046    23.8188    1546.92 0.0000e+00
       1454    29.3766   6.133266    29.0489   -9.21172  -34.76482 100.890081      0.000    37.5049    23.8188    1546.93 0.0000e+00
       1455    29.3761   6.133266    29.0395   -9.21172  -34.76480 100.890150      0.000    37.5053    23.8193    1546.93 0.0000e+00
       1456    29.3761   6.133266    29.0247   -9.21172  -34.76480 100.890220      0.000    37.5053    23.8193    1546.93 0.0000e+00
       1457    29.3755   6.133165    29.0296   -9.21170  -34.76478 100.890289      0.000    37.5051    23.8193    1546.92 0.0000e+00
       1458    29.3698   6.132656    29.0292   -9.21168  -34.76478 100.890359      0.000    37.5060    23.8220    1546.91 0.0000e+00
       1459    29.3590   6.131426    29.0183   -9.21168  -34.76478 100.890428      0.000    37.5060    23.8256    1546.89 0.0000e+00
       1460    29.3431   6.129793    29.0220   -9.21166  -34.76476 100.890498      0.000    37.5071    23.8319    1546.86 0.0000e+00
       1461    29.3278   6.128258    29.0254   -9.21164  -34.76476 100.890567      0.000    37.5085    23.8381    1546.83 0.0000e+00
       1462    29.3119   6.126524    29.0167   -9.21162  -34.76476 100.890637      0.000    37.5090    23.8438    1546.79 0.0000e+00
       1463    29.2999   6.125295    29.0065   -9.21160  -34.76474 100.890706      0.000    37.5099    23.8486    1546.77 0.0000e+00
       1464    29.2874   6.123866    28.9916   -9.21160  -34.76474 100.890775      0.000    37.5098    23.8527    1546.74 0.0000e+00
       1465    29.2749   6.122535    28.9876   -9.21158  -34.76474 100.890845      0.000    37.5103    23.8574    1546.72 0.0000e+00
       1466    29.2675   6.121722    28.9810   -9.21156  -34.76472 100.890914      0.000    37.5105    23.8600    1546.70 0.0000e+00
       1467    29.2528   6.120086    28.9766   -9.21154  -34.76472 100.890984      0.000    37.5107    23.8652    1546.67 0.0000e+00
       1468    29.2436   6.119167    28.9673   -9.21152  -34.76472 100.891053      0.000    37.5115    23.8689    1546.65 0.0000e+00
       1469    29.2397   6.118552    28.9654   -9.21152  -34.76470 100.891123      0.000    37.5103    23.8693    1546.64 0.0000e+00
       1470    29.2334   6.117938    28.9578   -9.21150  -34.76470 100.891192      0.000    37.5110    23.8720    1546.63 0.0000e+00
       1471    29.2294   6.117430    28.9485   -9.21148  -34.76470 100.891262      0.000    37.5106    23.8731    1546.62 0.0000e+00
       1472    29.2317   6.117633    28.9460   -9.21146  -34.76468 100.891331      0.000    37.5102    23.8720    1546.63 0.0000e+00
       1473    29.2374   6.118141    28.9325   -9.21144  -34.76468 100.891400      0.000    37.5093    23.8693    1546.64 0.0000e+00
       1474    29.2402   6.118552    28.9298   -9.21142  -34.76468 100.891470      0.000    37.5099    23.8689    1546.64 0.0000e+00
       1475    29.2420   6.118654    28.9302   -9.21140  -34.76468 100.891539      0.000    37.5092    23.8677    1546.65 0.0000e+00
       1476    29.2402   6.118552    28.9257   -9.21138  -34.76468 100.891609      0.000    37.5099    23.8689    1546.64 0.0000e+00
       1477    29.2363   6.118141    28.9259   -9.21136  -34.76466 100.891678      0.000    37.5101    23.8704    1546.64 0.0000e+00
       1478    29.2300   6.117430    28.9246   -9.21134  -34.76466 100.891748      0.000    37.5102    23.8725    1546.62 0.0000e+00
       1479    29.2175   6.115998    28.9246   -9.21132  -34.76466 100.891817      0.000    37.5100    23.8766    1546.60 0.0000e+00
       1480    29.1999   6.114160    28.9021   -9.21130  -34.76466 100.891887      0.000    37.5111    23.8834    1546.56 0.0000e+00
       1481    29.1845   6.112626    28.8924   -9.21128  -34.76466 100.891956      0.000    37.5125    23.8897    1546.53 0.0000e+00
       1482    29.1640   6.110378    28.8858   -9.21126  -34.76466 100.892025      0.000    37.5130    23.8970    1546.49 0.0000e+00
       1483    29.1412   6.108028    28.8822   -9.21122  -34.76466 100.892095      0.000    37.5146    23.9059    1546.44 0.0000e+00
       1484    29.1076   6.104350    28.8723   -9.21120  -34.76466 100.892164      0.000    37.5155    23.9179    1546.37 0.0000e+00
       1485    29.0797   6.101591    28.8694   -9.21118  -34.76466 100.892234      0.000    37.5182    23.9294    1546.31 0.0000e+00
       1486    29.0569   6.099035    28.8895   -9.21114  -34.76468 100.892303      0.000    37.5184    23.9372    1546.27 0.0000e+00
       1487    29.0478   6.098016    28.9023   -9.21112  -34.76466 100.892373      0.000    37.5185    23.9404    1546.25 0.0000e+00
       1488    29.0409   6.097094    28.9158   -9.21110  -34.76468 100.892442      0.000    37.5175    23.9419    1546.23 0.0000e+00
       1489    29.0392   6.096891    28.9003   -9.21106  -34.76468 100.892512      0.000    37.5174    23.9425    1546.23 0.0000e+00
       1490    29.0415   6.096992    28.8828   -9.21104  -34.76468 100.892581      0.000    37.5163    23.9408    1546.23 0.0000e+00
       1491    29.0432   6.097093    28.8657   -9.21100  -34.76468 100.892650      0.000    37.5157    23.9398    1546.23 0.0000e+00
       1492    29.0438   6.097195    28.8617   -9.21098  -34.76468 100.892720      0.000    37.5159    23.9398    1546.24 0.0000e+00
       1493    29.0409   6.096891    28.8540   -9.21094  -34.76470 100.892789      0.000    37.5161    23.9409    1546.23 0.0000e+00
       1494    29.0421   6.096992    28.8387   -9.21092  -34.76470 100.892859      0.000    37.5158    23.9403    1546.23 0.0000e+00
       1495    29.0455   6.097402    28.8268   -9.21088  -34.76470 100.892928      0.000    37.5160    23.9393    1546.24 0.0000e+00
       1496    29.0512   6.097910    28.8095   -9.21084  -34.76470 100.892998      0.000    37.5150    23.9366    1546.25 0.0000e+00
       1497    29.0529   6.098117    28.7994   -9.21082  -34.76470 100.893067      0.000    37.5152    23.9361    1546.25 0.0000e+00
       1498    29.0541   6.098219    28.7935   -9.21080  -34.76470 100.893137      0.000    37.5149    23.9356    1546.26 0.0000e+00
       1499    29.0569   6.098523    28.8008   -9.21078  -34.76470 100.893206      0.000    37.5148    23.9346    1546.26 0.0000e+00
       1500    29.0603   6.098934    28.8015   -9.21074  -34.76470 100.893275      0.000    37.5150    23.9335    1546.27 0.0000e+00
       1501    29.0609   6.099035    28.7917   -9.21074  -34.76470 100.893345      0.000    37.5152    23.9335    1546.27 0.0000e+00
       1502    29.0603   6.098934    28.7874   -9.21072  -34.76470 100.893414      0.000    37.5150    23.9335    1546.27 0.0000e+00
       1503    29.0597   6.098934    28.7846   -9.21072  -34.76470 100.893484      0.000    37.5155    23.9341    1546.27 0.0000e+00
       1504    29.0569   6.098629    28.7775   -9.21070  -34.76468 100.893553      0.000    37.5156    23.9351    1546.26 0.0000e+00
       1505    29.0523   6.098117    28.7734   -9.21070  -34.76468 100.893623      0.000    37.5156    23.9367    1546.25 0.0000e+00
       1506    29.0552   6.098523    28.7761   -9.21070  -34.76468 100.893692      0.000    37.5162    23.9361    1546.26 0.0000e+00
       1507    29.0557   6.098422    28.7791   -9.21068  -34.76468 100.893762      0.000    37.5151    23.9351    1546.26 0.0000e+00
       1508    29.0381   6.096582    28.7780   -9.21068  -34.76466 100.893831      0.000    37.5161    23.9419    1546.22 0.0000e+00
       1509    29.0244   6.095051    28.7729   -9.21066  -34.76466 100.893900      0.000    37.5162    23.9466    1546.19 0.0000e+00
       1510    29.0135   6.094032    28.7659   -9.21066  -34.76466 100.893970      0.000    37.5177    23.9514    1546.17 0.0000e+00
       1511    29.0147   6.094032    28.7533   -9.21064  -34.76466 100.894039      0.000    37.5168    23.9503    1546.17 0.0000e+00
       1512    29.0221   6.094746    28.7429   -9.21064  -34.76466 100.894109      0.000    37.5159    23.9471    1546.19 0.0000e+00
       1513    29.0290   6.095359    28.7312   -9.21062  -34.76466 100.894178      0.000    37.5148    23.9439    1546.20 0.0000e+00
       1514    29.0295   6.095359    28.7223   -9.21060  -34.76466 100.894248      0.000    37.5144    23.9435    1546.20 0.0000e+00
       1515    29.0238   6.094746    28.7115   -9.21060  -34.76466 100.894317      0.000    37.5146    23.9455    1546.19 0.0000e+00
       1516    29.0193   6.094437    28.7094   -9.21058  -34.76466 100.894387      0.000    37.5160    23.9481    1546.18 0.0000e+00
       1517    29.0170   6.094234    28.7097   -9.21056  -34.76466 100.894456      0.000    37.5164    23.9492    1546.18 0.0000e+00
       1518    29.0175   6.094234    28.7077   -9.21056  -34.76466 100.894525      0.000    37.5160    23.9487    1546.18 0.0000e+00
       1519    29.0193   6.094437    28.7077   -9.21054  -34.76466 100.894595      0.000    37.5160    23.9481    1546.18 0.0000e+00
       1520    29.0232   6.094848    28.7094   -9.21054  -34.76466 100.894664      0.000    37.5158    23.9466    1546.19 0.0000e+00
       1521    29.0290   6.095359    28.7097   -9.21052  -34.76466 100.894734      0.000    37.5148    23.9439    1546.20 0.0000e+00
       1522    29.0324   6.095765    28.7086   -9.21052  -34.76466 100.894803      0.000    37.5149    23.9429    1546.21 0.0000e+00
       1523    29.0358   6.096074    28.7064   -9.21050  -34.76466 100.894873      0.000    37.5144    23.9413    1546.22 0.0000e+00
       1524    29.0375   6.096379    28.7058   -9.21050  -34.76466 100.894942      0.000    37.5152    23.9414    1546.22 0.0000e+00
       1525    29.0392   6.096480    28.7043   -9.21050  -34.76466 100.895012      0.000    37.5145    23.9403    1546.22 0.0000e+00
       1526    29.0392   6.096480    28.7025   -9.21050  -34.76466 100.895081      0.000    37.5145    23.9403    1546.22 0.0000e+00
       1527    29.0387   6.096379    28.7023   -9.21048  -34.76466 100.895150      0.000    37.5142    23.9402    1546.22 0.0000e+00
       1528    29.0352   6.096074    28.7041   -9.21048  -34.76466 100.895220      0.000    37.5149    23.9419    1546.22 0.0000e+00
       1529    29.0307   6.095562    28.7240   -9.21048  -34.76466 100.895289      0.000    37.5148    23.9434    1546.21 0.0000e+00
       1530    29.0267   6.095152    28.7952   -9.21048  -34.76466 100.895359      0.000    37.5151    23.9450    1546.20 0.0000e+00
       1531    29.0301   6.095562    28.8422   -9.21048  -34.76466 100.895428      0.000    37.5153    23.9440    1546.21 0.0000e+00
       1532    29.0409   6.096687    28.8798   -9.21048  -34.76468 100.895498      0.000    37.5146    23.9398    1546.23 0.0000e+00
       1533    29.0506   6.097605    28.9253   -9.21048  -34.76468 100.895567      0.000    37.5134    23.9356    1546.25 0.0000e+00
       1534    29.0586   6.098523    28.9447   -9.21048  -34.76468 100.895637      0.000    37.5135    23.9330    1546.26 0.0000e+00
       1535    29.0666   6.099344    28.9639   -9.21050  -34.76468 100.895706      0.000    37.5129    23.9298    1546.28 0.0000e+00
       1536    29.0746   6.100262    29.0135   -9.21048  -34.76468 100.895775      0.000    37.5130    23.9272    1546.30 0.0000e+00
       1537    29.0831   6.101282    29.0256   -9.21048  -34.76468 100.895845      0.000    37.5134    23.9246    1546.32 0.0000e+00
       1538    29.0956   6.102610    29.0381   -9.21048  -34.76468 100.895914      0.000    37.5128    23.9200    1546.34 0.0000e+00
       1539    29.1053   6.103533    29.0376   -9.21046  -34.76468 100.895984      0.000    37.5116    23.9158    1546.36 0.0000e+00
       1540    29.1127   6.104451    29.0283   -9.21044  -34.76468 100.896053      0.000    37.5122    23.9137    1546.38 0.0000e+00
       1541    29.1139   6.104553    29.0151   -9.21044  -34.76468 100.896123      0.000    37.5119    23.9131    1546.38 0.0000e+00
       1542    29.1122   6.104451    29.0106   -9.21042  -34.76470 100.896192      0.000    37.5126    23.9142    1546.38 0.0000e+00
       1543    29.1139   6.104756    29.0058   -9.21040  -34.76470 100.896262      0.000    37.5133    23.9142    1546.38 0.0000e+00
       1544    29.1207   6.105577    29.0005   -9.21038  -34.76470 100.896331      0.000    37.5137    23.9122    1546.40 0.0000e+00
       1545    29.1258   6.106085    28.9953   -9.21036  -34.76470 100.896400      0.000    37.5132    23.9101    1546.41 0.0000e+00
       1546    29.1276   6.106293    28.9631   -9.21034  -34.76470 100.896470      0.000    37.5133    23.9095    1546.41 0.0000e+00
       1547    29.1281   6.106293    28.9331   -9.21030  -34.76470 100.896539      0.000    37.5129    23.9090    1546.41 0.0000e+00
       1548    29.1276   6.106293    28.9142   -9.21028  -34.76472 100.896609      0.000    37.5133    23.9095    1546.41 0.0000e+00
       1549    29.1287   6.106496    28.9037   -9.21026  -34.76472 100.896678      0.000    37.5138    23.9095    1546.41 0.0000e+00
       1550    29.1321   6.107004    28.8981   -9.21022  -34.76472 100.896748      0.000    37.5147    23.9090    1546.42 0.0000e+00
       1551    29.1469   6.108333    28.8985   -9.21020  -34.76474 100.896817      0.000    37.5123    23.9022    1546.45 0.0000e+00
       1552    29.1617   6.109764    28.8965   -9.21016  -34.76474 100.896887      0.000    37.5106    23.8959    1546.48 0.0000e+00
       1553    29.1714   6.110890    28.8882   -9.21014  -34.76476 100.896956      0.000    37.5108    23.8928    1546.50 0.0000e+00
       1554    29.1776   6.111500    28.8903   -9.21012  -34.76476 100.897025      0.000    37.5101    23.8902    1546.51 0.0000e+00
       1555    29.1817   6.112012    28.8829   -9.21010  -34.76476 100.897095      0.000    37.5105    23.8891    1546.52 0.0000e+00
       1556    29.1885   6.112728    28.8702   -9.21008  -34.76476 100.897164      0.000    37.5101    23.8865    1546.54 0.0000e+00
       1557    29.1936   6.113240    28.8653   -9.21008  -34.76476 100.897234      0.000    37.5097    23.8845    1546.55 0.0000e+00
       1558    29.1970   6.113647    28.8640   -9.21008  -34.76476 100.897303      0.000    37.5098    23.8834    1546.55 0.0000e+00
       1559    29.1987   6.113850    28.8679   -9.21006  -34.76476 100.897373      0.000    37.5099    23.8829    1546.56 0.0000e+00
       1560    29.1999   6.114058    28.8683   -9.21006  -34.76474 100.897442      0.000    37.5104    23.8829    1546.56 0.0000e+00
       1561    29.2021   6.114363    28.8808   -9.21006  -34.76474 100.897512      0.000    37.5108    23.8824    1546.56 0.0000e+00
       1562    29.2067   6.114977    28.9110   -9.21006  -34.76472 100.897581      0.000    37.5114    23.8813    1546.58 0.0000e+00
       1563    29.2249   6.116917    28.9239   -9.21008  -34.76472 100.897650      0.000    37.5106    23.8746    1546.61 0.0000e+00
