data/TSG/02.cnv
* Sea-Bird SBE 21 Data File:
* FileName = E:\ABRACOS2\abra02.hex
* Software Version Seasave V 7.25.0.151
* Temperature SN = 3293
* Conductivity SN = 3293
* System UpLoad Time = Apr 10 2017 18:56:36
* NMEA Latitude = 09 13.13 S
* NMEA Longitude = 035 01.83 W
* NMEA UTC (Time) = Apr 10 2017  18:56:25
** Ship: antea
** Station: 2
** Operator:
# nquan = 12                                
# nvalues = 9648                        
# units = specified
# name 0 = scan: Scan Count
# name 1 = t090C: Temperature [ITS-90, deg C]
# name 2 = c0S/m: Conductivity [S/m]
# name 3 = t3890C: Temperature, SBE 38 [ITS-90, deg C]
# name 4 = latitude: Latitude [deg]
# name 5 = longitude: Longitude [deg]
# name 6 = timeJ: Julian Days
# name 7 = prM: Pressure [db]
# name 8 = sal00: Salinity, Practical [PSU]
# name 9 = sigma-é00: Density [sigma-theta, kg/m^3]
# name 10 = svCM: Sound Velocity [Chen-Millero, m/s]
# name 11 = flag: flag
# span 0 =          1,       9648       
# span 1 =    28.5076,    29.7165       
# span 2 =   5.932508,   6.175780       
# span 3 =    28.3156,    29.5307       
# span 4 =   -9.21976,   -8.84946       
# span 5 =  -35.16238,  -34.58778       
# span 6 = 100.789178, 101.459109       
# span 7 =      0.000,      0.000       
# span 8 =    36.7405,    37.5750       
# span 9 =    23.5122,    24.0072       
# span 10 =    1544.32,    1547.66      
# span 11 = 0.0000e+00, 0.0000e+00      
# interval = seconds: 6
# start_time = Apr 10 2017 18:56:25 [NMEA time, header]
# bad_flag = -9.990e-29
*END*
[from data line 6497]
       6498    29.3414   6.133267    29.1546   -8.99368  -35.13460 101.240359      0.000    37.5325    23.8515    1546.88 0.0000e+00
       6499    29.3408   6.133369    29.1556   -8.99346  -35.13446 101.240428      0.000    37.5337    23.8526    1546.88 0.0000e+00
       6500    29.3482   6.134187    29.1556   -8.99324  -35.13434 101.240498      0.000    37.5336    23.8500    1546.90 0.0000e+00
       6501    29.3488   6.134289    29.1585   -8.99300  -35.13422 101.240567      0.000    37.5338    23.8500    1546.90 0.0000e+00
       6502    29.3494   6.134493    29.1548   -8.99278  -35.13408 101.240637      0.000    37.5347    23.8505    1546.90 0.0000e+00
       6503    29.3494   6.134595    29.1541   -8.99254  -35.13396 101.240706      0.000    37.5354    23.8510    1546.90 0.0000e+00
       6504    29.3482   6.134493    29.1546   -8.99232  -35.13384 101.240775      0.000    37.5357    23.8516    1546.90 0.0000e+00
       6505    29.3471   6.134391    29.1531   -8.99210  -35.13370 101.240845      0.000    37.5358    23.8521    1546.90 0.0000e+00
       6506    29.3471   6.134391    29.1550   -8.99188  -35.13358 101.240914      0.000    37.5358    23.8521    1546.90 0.0000e+00
       6507    29.3477   6.134391    29.1554   -8.99164  -35.13344 101.240984      0.000    37.5354    23.8515    1546.90 0.0000e+00
       6508    29.3454   6.134188    29.1585   -8.99142  -35.13332 101.241053      0.000    37.5358    23.8526    1546.89 0.0000e+00
       6509    29.3448   6.134289    29.1595   -8.99120  -35.13320 101.241123      0.000    37.5369    23.8537    1546.89 0.0000e+00
       6510    29.3465   6.134493    29.1615   -8.99096  -35.13306 101.241192      0.000    37.5370    23.8532    1546.90 0.0000e+00
       6511    29.3488   6.134798    29.1612   -8.99074  -35.13294 101.241262      0.000    37.5373    23.8526    1546.90 0.0000e+00
       6512    29.3522   6.135312    29.1595   -8.99052  -35.13280 101.241331      0.000    37.5382    23.8521    1546.91 0.0000e+00
       6513    29.3579   6.135923    29.1618   -8.99028  -35.13268 101.241400      0.000    37.5380    23.8500    1546.92 0.0000e+00
       6514    29.3562   6.135719    29.1564   -8.99006  -35.13254 101.241470      0.000    37.5379    23.8505    1546.92 0.0000e+00
       6515    29.3516   6.135108    29.1537   -8.98984  -35.13242 101.241539      0.000    37.5373    23.8516    1546.91 0.0000e+00
       6516    29.3482   6.134493    29.1495   -8.98962  -35.13228 101.241609      0.000    37.5357    23.8516    1546.90 0.0000e+00
       6517    29.3448   6.133984    29.1490   -8.98938  -35.13216 101.241678      0.000    37.5348    23.8521    1546.89 0.0000e+00
       6518    29.3437   6.133674    29.1517   -8.98916  -35.13202 101.241748      0.000    37.5335    23.8515    1546.89 0.0000e+00
       6519    29.3431   6.133674    29.1533   -8.98894  -35.13190 101.241817      0.000    37.5340    23.8521    1546.89 0.0000e+00
       6520    29.3431   6.133674    29.1559   -8.98872  -35.13176 101.241887      0.000    37.5340    23.8521    1546.89 0.0000e+00
       6521    29.3437   6.133780    29.1564   -8.98848  -35.13162 101.241956      0.000    37.5343    23.8521    1546.89 0.0000e+00
       6522    29.3448   6.133984    29.1563   -8.98826  -35.13150 101.242025      0.000    37.5348    23.8521    1546.89 0.0000e+00
       6523    29.3465   6.134289    29.1558   -8.98804  -35.13138 101.242095      0.000    37.5356    23.8521    1546.89 0.0000e+00
       6524    29.3471   6.134391    29.1556   -8.98780  -35.13124 101.242164      0.000    37.5358    23.8521    1546.90 0.0000e+00
       6525    29.3471   6.134289    29.1576   -8.98758  -35.13112 101.242234      0.000    37.5351    23.8515    1546.90 0.0000e+00
       6526    29.3471   6.134289    29.1596   -8.98736  -35.13098 101.242303      0.000    37.5351    23.8515    1546.90 0.0000e+00
       6527    29.3494   6.134696    29.1613   -8.98712  -35.13086 101.242373      0.000    37.5361    23.8515    1546.90 0.0000e+00
       6528    29.3522   6.135210    29.1679   -8.98690  -35.13074 101.242442      0.000    37.5375    23.8516    1546.91 0.0000e+00
       6529    29.3550   6.135617    29.1697   -8.98668  -35.13060 101.242512      0.000    37.5381    23.8511    1546.92 0.0000e+00
       6530    29.3562   6.136024    29.1696   -8.98644  -35.13048 101.242581      0.000    37.5400    23.8521    1546.92 0.0000e+00
       6531    29.3556   6.136131    29.1697   -8.98622  -35.13036 101.242650      0.000    37.5412    23.8532    1546.92 0.0000e+00
       6532    29.3556   6.136024    29.1691   -8.98600  -35.13022 101.242720      0.000    37.5405    23.8527    1546.92 0.0000e+00
       6533    29.3528   6.135821    29.1712   -8.98576  -35.13010 101.242789      0.000    37.5413    23.8542    1546.91 0.0000e+00
       6534    29.3556   6.136024    29.1667   -8.98554  -35.12996 101.242859      0.000    37.5405    23.8527    1546.92 0.0000e+00
       6535    29.3585   6.136232    29.1665   -8.98532  -35.12984 101.242928      0.000    37.5396    23.8511    1546.92 0.0000e+00
       6536    29.3579   6.136131    29.1669   -8.98510  -35.12970 101.242998      0.000    37.5394    23.8511    1546.92 0.0000e+00
       6537    29.3556   6.135821    29.1678   -8.98486  -35.12956 101.243067      0.000    37.5391    23.8516    1546.92 0.0000e+00
       6538    29.3562   6.135821    29.1693   -8.98464  -35.12944 101.243137      0.000    37.5386    23.8511    1546.92 0.0000e+00
       6539    29.3579   6.135923    29.1704   -8.98442  -35.12932 101.243206      0.000    37.5380    23.8500    1546.92 0.0000e+00
       6540    29.3596   6.136232    29.1678   -8.98418  -35.12918 101.243275      0.000    37.5388    23.8500    1546.93 0.0000e+00
       6541    29.3630   6.136640    29.1670   -8.98396  -35.12904 101.243345      0.000    37.5389    23.8490    1546.93 0.0000e+00
       6542    29.3636   6.136741    29.1648   -8.98374  -35.12892 101.243414      0.000    37.5392    23.8490    1546.93 0.0000e+00
       6543    29.3619   6.136538    29.1665   -8.98352  -35.12878 101.243484      0.000    37.5391    23.8495    1546.93 0.0000e+00
       6544    29.3596   6.136232    29.1688   -8.98330  -35.12866 101.243553      0.000    37.5388    23.8500    1546.93 0.0000e+00
       6545    29.3550   6.135821    29.1713   -8.98308  -35.12852 101.243623      0.000    37.5395    23.8522    1546.92 0.0000e+00
       6546    29.3556   6.136024    29.1656   -8.98284  -35.12840 101.243692      0.000    37.5405    23.8527    1546.92 0.0000e+00
       6547    29.3579   6.136334    29.1640   -8.98262  -35.12828 101.243762      0.000    37.5408    23.8521    1546.92 0.0000e+00
       6548    29.3562   6.136024    29.1663   -8.98238  -35.12814 101.243831      0.000    37.5400    23.8521    1546.92 0.0000e+00
       6549    29.3545   6.135515    29.1644   -8.98216  -35.12802 101.243900      0.000    37.5378    23.8510    1546.91 0.0000e+00
       6550    29.3545   6.135414    29.1622   -8.98192  -35.12790 101.243970      0.000    37.5371    23.8505    1546.91 0.0000e+00
       6551    29.3562   6.135515    29.1656   -8.98170  -35.12776 101.244039      0.000    37.5365    23.8495    1546.92 0.0000e+00
       6552    29.3562   6.135515    29.1676   -8.98148  -35.12764 101.244109      0.000    37.5365    23.8495    1546.92 0.0000e+00
       6553    29.3556   6.135617    29.1689   -8.98124  -35.12750 101.244178      0.000    37.5377    23.8506    1546.92 0.0000e+00
       6554    29.3579   6.135923    29.1715   -8.98102  -35.12738 101.244248      0.000    37.5380    23.8500    1546.92 0.0000e+00
       6555    29.3568   6.135719    29.1692   -8.98080  -35.12724 101.244317      0.000    37.5374    23.8500    1546.92 0.0000e+00
       6556    29.3550   6.135515    29.1629   -8.98056  -35.12712 101.244387      0.000    37.5374    23.8506    1546.91 0.0000e+00
       6557    29.3545   6.135515    29.1582   -8.98034  -35.12698 101.244456      0.000    37.5378    23.8510    1546.91 0.0000e+00
       6558    29.3505   6.134595    29.1554   -8.98010  -35.12686 101.244525      0.000    37.5346    23.8500    1546.90 0.0000e+00
       6559    29.3465   6.133780    29.1579   -8.97988  -35.12672 101.244595      0.000    37.5321    23.8495    1546.89 0.0000e+00
       6560    29.3448   6.133369    29.1567   -8.97966  -35.12658 101.244664      0.000    37.5306    23.8489    1546.89 0.0000e+00
       6561    29.3437   6.133063    29.1560   -8.97944  -35.12646 101.244734      0.000    37.5293    23.8483    1546.88 0.0000e+00
       6562    29.3408   6.132860    29.1606   -8.97920  -35.12632 101.244803      0.000    37.5302    23.8500    1546.88 0.0000e+00
       6563    29.3414   6.133063    29.1596   -8.97898  -35.12620 101.244873      0.000    37.5311    23.8505    1546.88 0.0000e+00
       6564    29.3408   6.133267    29.1587   -8.97876  -35.12606 101.244942      0.000    37.5330    23.8521    1546.88 0.0000e+00
       6565    29.3431   6.133674    29.1506   -8.97854  -35.12594 101.245012      0.000    37.5340    23.8521    1546.89 0.0000e+00
       6566    29.3448   6.133471    29.1516   -8.97830  -35.12582 101.245081      0.000    37.5313    23.8494    1546.89 0.0000e+00
       6567    29.3431   6.133063    29.1528   -8.97808  -35.12568 101.245150      0.000    37.5298    23.8489    1546.88 0.0000e+00
       6568    29.3431   6.132962    29.1505   -8.97786  -35.12556 101.245220      0.000    37.5291    23.8484    1546.88 0.0000e+00
       6569    29.3426   6.132962    29.1527   -8.97762  -35.12542 101.245289      0.000    37.5295    23.8488    1546.88 0.0000e+00
       6570    29.3397   6.132656    29.1523   -8.97740  -35.12530 101.245359      0.000    37.5296    23.8499    1546.87 0.0000e+00
       6571    29.3403   6.132860    29.1535   -8.97716  -35.12516 101.245428      0.000    37.5306    23.8504    1546.88 0.0000e+00
       6572    29.3414   6.133165    29.1555   -8.97694  -35.12504 101.245498      0.000    37.5318    23.8510    1546.88 0.0000e+00
       6573    29.3442   6.133369    29.1547   -8.97670  -35.12490 101.245567      0.000    37.5310    23.8494    1546.89 0.0000e+00
       6574    29.3448   6.133471    29.1588   -8.97648  -35.12478 101.245637      0.000    37.5313    23.8494    1546.89 0.0000e+00
       6575    29.3465   6.133674    29.1592   -8.97626  -35.12464 101.245706      0.000    37.5313    23.8489    1546.89 0.0000e+00
       6576    29.3437   6.133674    29.1533   -8.97604  -35.12452 101.245775      0.000    37.5335    23.8515    1546.89 0.0000e+00
       6577    29.3454   6.133882    29.1521   -8.97580  -35.12438 101.245845      0.000    37.5336    23.8510    1546.89 0.0000e+00
       6578    29.3488   6.134289    29.1513   -8.97558  -35.12426 101.245914      0.000    37.5338    23.8500    1546.90 0.0000e+00
       6579    29.3465   6.133674    29.1505   -8.97536  -35.12412 101.245984      0.000    37.5313    23.8489    1546.89 0.0000e+00
       6580    29.3414   6.132860    29.1489   -8.97512  -35.12400 101.246053      0.000    37.5297    23.8494    1546.88 0.0000e+00
       6581    29.3403   6.132758    29.1471   -8.97490  -35.12388 101.246123      0.000    37.5299    23.8499    1546.88 0.0000e+00
       6582    29.3420   6.132758    29.1455   -8.97466  -35.12374 101.246192      0.000    37.5285    23.8483    1546.88 0.0000e+00
       6583    29.3391   6.132245    29.1458   -8.97444  -35.12362 101.246262      0.000    37.5273    23.8483    1546.87 0.0000e+00
       6584    29.3363   6.131838    29.1448   -8.97422  -35.12348 101.246331      0.000    37.5266    23.8488    1546.86 0.0000e+00
       6585    29.3363   6.131736    29.1438   -8.97400  -35.12336 101.246400      0.000    37.5259    23.8483    1546.86 0.0000e+00
       6586    29.3369   6.131838    29.1455   -8.97376  -35.12322 101.246470      0.000    37.5262    23.8483    1546.86 0.0000e+00
       6587    29.3369   6.131736    29.1450   -8.97354  -35.12310 101.246539      0.000    37.5255    23.8477    1546.86 0.0000e+00
       6588    29.3374   6.131736    29.1434   -8.97332  -35.12296 101.246609      0.000    37.5251    23.8473    1546.86 0.0000e+00
       6589    29.3369   6.131736    29.1419   -8.97308  -35.12284 101.246678      0.000    37.5255    23.8477    1546.86 0.0000e+00
       6590    29.3352   6.131426    29.1416   -8.97286  -35.12270 101.246748      0.000    37.5246    23.8477    1546.86 0.0000e+00
       6591    29.3363   6.131426    29.1436   -8.97264  -35.12256 101.246817      0.000    37.5238    23.8467    1546.86 0.0000e+00
       6592    29.3329   6.131019    29.1421   -8.97242  -35.12244 101.246887      0.000    37.5236    23.8477    1546.85 0.0000e+00
       6593    29.3340   6.131121    29.1445   -8.97218  -35.12230 101.246956      0.000    37.5235    23.8472    1546.86 0.0000e+00
       6594    29.3323   6.130917    29.1469   -8.97196  -35.12216 101.247025      0.000    37.5234    23.8477    1546.85 0.0000e+00
       6595    29.3295   6.130510    29.1427   -8.97174  -35.12204 101.247095      0.000    37.5228    23.8482    1546.85 0.0000e+00
       6596    29.3318   6.130815    29.1430   -8.97152  -35.12190 101.247164      0.000    37.5231    23.8477    1546.85 0.0000e+00
       6597    29.3346   6.131121    29.1381   -8.97128  -35.12178 101.247234      0.000    37.5230    23.8467    1546.86 0.0000e+00
       6598    29.3335   6.130917    29.1380   -8.97106  -35.12164 101.247303      0.000    37.5224    23.8466    1546.85 0.0000e+00
       6599    29.3300   6.130404    29.1365   -8.97082  -35.12152 101.247373      0.000    37.5216    23.8472    1546.85 0.0000e+00
       6600    29.3249   6.129692    29.1336   -8.97060  -35.12138 101.247442      0.000    37.5207    23.8482    1546.83 0.0000e+00
       6601    29.3249   6.129590    29.1319   -8.97038  -35.12126 101.247512      0.000    37.5200    23.8477    1546.83 0.0000e+00
       6602    29.3261   6.129590    29.1347   -8.97014  -35.12114 101.247581      0.000    37.5191    23.8466    1546.83 0.0000e+00
       6603    29.3261   6.129382    29.1339   -8.96994  -35.12100 101.247650      0.000    37.5176    23.8455    1546.83 0.0000e+00
       6604    29.3266   6.129382    29.1318   -8.96970  -35.12086 101.247720      0.000    37.5172    23.8450    1546.83 0.0000e+00
       6605    29.3266   6.129382    29.1285   -8.96948  -35.12074 101.247789      0.000    37.5172    23.8450    1546.83 0.0000e+00
       6606    29.3233   6.128873    29.1276   -8.96926  -35.12062 101.247859      0.000    37.5163    23.8455    1546.83 0.0000e+00
       6607    29.3164   6.128055    29.1281   -8.96902  -35.12048 101.247928      0.000    37.5160    23.8476    1546.81 0.0000e+00
       6608    29.3125   6.127444    29.1271   -8.96880  -35.12036 101.247998      0.000    37.5149    23.8481    1546.80 0.0000e+00
       6609    29.3096   6.127135    29.1254   -8.96856  -35.12022 101.248067      0.000    37.5150    23.8491    1546.80 0.0000e+00
       6610    29.3096   6.127236    29.1285   -8.96834  -35.12010 101.248137      0.000    37.5157    23.8497    1546.80 0.0000e+00
       6611    29.3107   6.127444    29.1298   -8.96812  -35.11996 101.248206      0.000    37.5163    23.8497    1546.80 0.0000e+00
       6612    29.3130   6.127750    29.1290   -8.96790  -35.11984 101.248275      0.000    37.5166    23.8492    1546.80 0.0000e+00
       6613    29.3147   6.128157    29.1289   -8.96766  -35.11970 101.248345      0.000    37.5181    23.8497    1546.81 0.0000e+00
       6614    29.3113   6.128157    29.1299   -8.96744  -35.11958 101.248414      0.000    37.5207    23.8529    1546.81 0.0000e+00
       6615    29.3113   6.128258    29.1298   -8.96722  -35.11944 101.248484      0.000    37.5214    23.8534    1546.81 0.0000e+00
       6616    29.3141   6.128772    29.1330   -8.96698  -35.11930 101.248553      0.000    37.5228    23.8535    1546.81 0.0000e+00
