data/TSG/02.cnv
* Sea-Bird SBE 21 Data File:
* FileName = E:\ABRACOS2\abra02.hex
* Software Version Seasave V 7.25.0.151
* Temperature SN = 3293
* Conductivity SN = 3293
* System UpLoad Time = Apr 10 2017 18:56:36
* NMEA Latitude = 09 13.13 S
* NMEA Longitude = 035 01.83 W
* NMEA UTC (Time) = Apr 10 2017  18:56:25
** Ship: antea
** Station: 2
** Operator:
# nquan = 12                                
# nvalues = 9648                        
# units = specified
# name 0 = scan: Scan Count
# name 1 = t090C: Temperature [ITS-90, deg C]
# name 2 = c0S/m: Conductivity [S/m]
# name 3 = t3890C: Temperature, SBE 38 [ITS-90, deg C]
# name 4 = latitude: Latitude [deg]
# name 5 = longitude: Longitude [deg]
# name 6 = timeJ: Julian Days
# name 7 = prM: Pressure [db]
# name 8 = sal00: Salinity, Practical [PSU]
# name 9 = sigma-é00: Density [sigma-theta, kg/m^3]
# name 10 = svCM: Sound Velocity [Chen-Millero, m/s]
# name 11 = flag: flag
# span 0 =          1,       9648       
# span 1 =    28.5076,    29.7165       
# span 2 =   5.932508,   6.175780       
# span 3 =    28.3156,    29.5307       
# span 4 =   -9.21976,   -8.84946       
# span 5 =  -35.16238,  -34.58778       
# span 6 = 100.789178, 101.459109       
# span 7 =      0.000,      0.000       
# span 8 =    36.7405,    37.5750       
# span 9 =    23.5122,    24.0072       
# span 10 =    1544.32,    1547.66      
# span 11 = 0.0000e+00, 0.0000e+00      
# interval = seconds: 6
# start_time = Apr 10 2017 18:56:25 [NMEA time, header]
# bad_flag = -9.990e-29
*END*
[from data line 5053]
       5054    28.9302   6.082791    28.7508   -9.04132  -34.84168 101.140081      0.000    37.5050    23.9699    1545.98 0.0000e+00
       5055    28.9370   6.083607    28.7509   -9.04128  -34.84194 101.140150      0.000    37.5053    23.9678    1546.00 0.0000e+00
       5056    28.9416   6.084118    28.7557   -9.04126  -34.84222 101.140220      0.000    37.5053    23.9662    1546.01 0.0000e+00
       5057    28.9439   6.084427    28.7628   -9.04124  -34.84248 101.140289      0.000    37.5056    23.9657    1546.01 0.0000e+00
       5058    28.9445   6.084629    28.7727   -9.04120  -34.84276 101.140359      0.000    37.5065    23.9662    1546.01 0.0000e+00
       5059    28.9513   6.085551    28.7847   -9.04118  -34.84300 101.140428      0.000    37.5076    23.9647    1546.03 0.0000e+00
       5060    28.9616   6.086776    28.7916   -9.04116  -34.84328 101.140498      0.000    37.5080    23.9616    1546.05 0.0000e+00
       5061    28.9707   6.088104    28.7880   -9.04112  -34.84354 101.140567      0.000    37.5101    23.9601    1546.07 0.0000e+00
       5062    28.9793   6.089330    28.7697   -9.04110  -34.84380 101.140637      0.000    37.5119    23.9585    1546.09 0.0000e+00
       5063    28.9833   6.089740    28.7639   -9.04108  -34.84406 101.140706      0.000    37.5116    23.9570    1546.10 0.0000e+00
       5064    28.9684   6.087694    28.7634   -9.04104  -34.84434 101.140775      0.000    37.5091    23.9601    1546.07 0.0000e+00
       5065    28.9554   6.085754    28.7607   -9.04102  -34.84460 101.140845      0.000    37.5058    23.9620    1546.04 0.0000e+00
       5066    28.9485   6.084934    28.7589   -9.04100  -34.84486 101.140914      0.000    37.5055    23.9641    1546.02 0.0000e+00
       5067    28.9457   6.084731    28.7653   -9.04098  -34.84514 101.140984      0.000    37.5063    23.9656    1546.02 0.0000e+00
       5068    28.9473   6.084934    28.7709   -9.04094  -34.84540 101.141053      0.000    37.5065    23.9652    1546.02 0.0000e+00
       5069    28.9485   6.085039    28.7763   -9.04092  -34.84566 101.141123      0.000    37.5063    23.9646    1546.02 0.0000e+00
       5070    28.9536   6.085855    28.7763   -9.04090  -34.84592 101.141192      0.000    37.5079    23.9642    1546.04 0.0000e+00
       5071    28.9633   6.087182    28.7783   -9.04088  -34.84620 101.141262      0.000    37.5095    23.9621    1546.06 0.0000e+00
       5072    28.9707   6.088002    28.7643   -9.04084  -34.84646 101.141331      0.000    37.5094    23.9596    1546.07 0.0000e+00
       5073    28.9725   6.088205    28.7537   -9.04082  -34.84672 101.141400      0.000    37.5094    23.9589    1546.08 0.0000e+00
       5074    28.9725   6.088205    28.7431   -9.04080  -34.84700 101.141470      0.000    37.5094    23.9589    1546.08 0.0000e+00
       5075    28.9622   6.086671    28.7322   -9.04078  -34.84726 101.141539      0.000    37.5068    23.9605    1546.05 0.0000e+00
       5076    28.9445   6.084219    28.7302   -9.04076  -34.84752 101.141609      0.000    37.5037    23.9641    1546.01 0.0000e+00
       5077    28.9285   6.082073    28.7312   -9.04072  -34.84780 101.141678      0.000    37.5013    23.9677    1545.98 0.0000e+00
       5078    28.9182   6.080848    28.7345   -9.04072  -34.84806 101.141748      0.000    37.5009    23.9708    1545.95 0.0000e+00
       5079    28.9171   6.080645    28.7336   -9.04070  -34.84834 101.141817      0.000    37.5003    23.9708    1545.95 0.0000e+00
       5080    28.9194   6.080949    28.7328   -9.04068  -34.84860 101.141887      0.000    37.5007    23.9702    1545.96 0.0000e+00
       5081    28.9228   6.081359    28.7326   -9.04068  -34.84886 101.141956      0.000    37.5008    23.9692    1545.96 0.0000e+00
       5082    28.9217   6.081055    28.7296   -9.04068  -34.84914 101.142025      0.000    37.4996    23.9687    1545.96 0.0000e+00
       5083    28.9182   6.080543    28.7263   -9.04066  -34.84940 101.142095      0.000    37.4988    23.9692    1545.95 0.0000e+00
       5084    28.9182   6.080645    28.7293   -9.04066  -34.84968 101.142164      0.000    37.4995    23.9698    1545.95 0.0000e+00
       5085    28.9165   6.080336    28.7368   -9.04066  -34.84992 101.142234      0.000    37.4987    23.9697    1545.95 0.0000e+00
       5086    28.9171   6.080543    28.7394   -9.04064  -34.85020 101.142303      0.000    37.4996    23.9702    1545.95 0.0000e+00
       5087    28.9240   6.081156    28.7301   -9.04062  -34.85046 101.142373      0.000    37.4985    23.9670    1545.96 0.0000e+00
       5088    28.9314   6.082280    28.7280   -9.04062  -34.85072 101.142442      0.000    37.5005    23.9661    1545.98 0.0000e+00
       5089    28.9302   6.081971    28.7296   -9.04062  -34.85098 101.142512      0.000    37.4993    23.9656    1545.98 0.0000e+00
       5090    28.9217   6.080949    28.7298   -9.04062  -34.85126 101.142581      0.000    37.4988    23.9681    1545.96 0.0000e+00
       5091    28.9165   6.080336    28.7271   -9.04060  -34.85152 101.142650      0.000    37.4987    23.9697    1545.95 0.0000e+00
       5092    28.9194   6.080746    28.7306   -9.04060  -34.85178 101.142720      0.000    37.4992    23.9692    1545.95 0.0000e+00
       5093    28.9205   6.080645    28.7365   -9.04060  -34.85206 101.142789      0.000    37.4977    23.9676    1545.95 0.0000e+00
       5094    28.9199   6.080543    28.7411   -9.04058  -34.85232 101.142859      0.000    37.4974    23.9676    1545.95 0.0000e+00
       5095    28.9211   6.080848    28.7448   -9.04058  -34.85258 101.142928      0.000    37.4986    23.9681    1545.96 0.0000e+00
       5096    28.9262   6.081566    28.7470   -9.04058  -34.85284 101.142998      0.000    37.4996    23.9672    1545.97 0.0000e+00
       5097    28.9331   6.082381    28.7437   -9.04058  -34.85312 101.143067      0.000    37.4998    23.9650    1545.98 0.0000e+00
       5098    28.9359   6.082791    28.7483   -9.04058  -34.85338 101.143137      0.000    37.5005    23.9646    1545.99 0.0000e+00
       5099    28.9365   6.082690    28.7540   -9.04056  -34.85366 101.143206      0.000    37.4993    23.9635    1545.99 0.0000e+00
       5100    28.9342   6.082381    28.7537   -9.04056  -34.85390 101.143275      0.000    37.4990    23.9640    1545.98 0.0000e+00
       5101    28.9359   6.082584    28.7596   -9.04056  -34.85418 101.143345      0.000    37.4991    23.9635    1545.99 0.0000e+00
       5102    28.9393   6.083197    28.7672   -9.04056  -34.85444 101.143414      0.000    37.5007    23.9635    1546.00 0.0000e+00
       5103    28.9439   6.083708    28.7728   -9.04056  -34.85472 101.143484      0.000    37.5006    23.9619    1546.01 0.0000e+00
       5104    28.9525   6.084629    28.7804   -9.04056  -34.85498 101.143553      0.000    37.5002    23.9588    1546.03 0.0000e+00
       5105    28.9593   6.085551    28.7812   -9.04056  -34.85524 101.143623      0.000    37.5013    23.9573    1546.04 0.0000e+00
       5106    28.9662   6.086468    28.7707   -9.04056  -34.85550 101.143692      0.000    37.5023    23.9557    1546.06 0.0000e+00
       5107    28.9702   6.086979    28.7598   -9.04056  -34.85578 101.143762      0.000    37.5027    23.9547    1546.07 0.0000e+00
       5108    28.9628   6.085956    28.7533   -9.04056  -34.85604 101.143831      0.000    37.5014    23.9562    1546.05 0.0000e+00
       5109    28.9531   6.084528    28.7449   -9.04056  -34.85630 101.143900      0.000    37.4991    23.9577    1546.03 0.0000e+00
       5110    28.9445   6.083607    28.7344   -9.04056  -34.85658 101.143970      0.000    37.4994    23.9609    1546.01 0.0000e+00
       5111    28.9376   6.082584    28.7282   -9.04056  -34.85684 101.144039      0.000    37.4977    23.9619    1545.99 0.0000e+00
       5112    28.9268   6.081156    28.7254   -9.04058  -34.85710 101.144109      0.000    37.4963    23.9644    1545.97 0.0000e+00
       5113    28.9182   6.080032    28.7221   -9.04058  -34.85736 101.144178      0.000    37.4952    23.9665    1545.95 0.0000e+00
       5114    28.9153   6.079724    28.7215   -9.04058  -34.85762 101.144248      0.000    37.4953    23.9676    1545.94 0.0000e+00
       5115    28.9137   6.079420    28.7184   -9.04058  -34.85790 101.144317      0.000    37.4945    23.9675    1545.94 0.0000e+00
       5116    28.9102   6.079010    28.7162   -9.04058  -34.85816 101.144387      0.000    37.4944    23.9686    1545.93 0.0000e+00
       5117    28.9074   6.078701    28.7130   -9.04058  -34.85842 101.144456      0.000    37.4944    23.9696    1545.92 0.0000e+00
       5118    28.9056   6.078397    28.7163   -9.04060  -34.85868 101.144525      0.000    37.4937    23.9697    1545.92 0.0000e+00
       5119    28.9033   6.078089    28.7171   -9.04060  -34.85896 101.144595      0.000    37.4934    23.9702    1545.91 0.0000e+00
       5120    28.9028   6.078089    28.7185   -9.04060  -34.85922 101.144664      0.000    37.4938    23.9707    1545.91 0.0000e+00
       5121    28.9056   6.078397    28.7234   -9.04062  -34.85948 101.144734      0.000    37.4937    23.9697    1545.92 0.0000e+00
       5122    28.9068   6.078499    28.7267   -9.04062  -34.85974 101.144803      0.000    37.4935    23.9691    1545.92 0.0000e+00
       5123    28.9085   6.078807    28.7317   -9.04062  -34.86002 101.144873      0.000    37.4943    23.9691    1545.93 0.0000e+00
       5124    28.9120   6.079111    28.7369   -9.04062  -34.86026 101.144942      0.000    37.4937    23.9675    1545.93 0.0000e+00
       5125    28.9159   6.079622    28.7415   -9.04062  -34.86054 101.145012      0.000    37.4942    23.9665    1545.94 0.0000e+00
       5126    28.9234   6.080336    28.7458   -9.04064  -34.86080 101.145081      0.000    37.4932    23.9633    1545.96 0.0000e+00
       5127    28.9308   6.081156    28.7468   -9.04064  -34.86108 101.145150      0.000    37.4931    23.9607    1545.97 0.0000e+00
       5128    28.9359   6.081768    28.7474   -9.04064  -34.86132 101.145220      0.000    37.4934    23.9592    1545.98 0.0000e+00
       5129    28.9376   6.081971    28.7486   -9.04064  -34.86160 101.145289      0.000    37.4934    23.9587    1545.99 0.0000e+00
       5130    28.9382   6.082073    28.7488   -9.04064  -34.86186 101.145359      0.000    37.4937    23.9587    1545.99 0.0000e+00
       5131    28.9382   6.082178    28.7481   -9.04064  -34.86212 101.145428      0.000    37.4944    23.9592    1545.99 0.0000e+00
       5132    28.9411   6.082381    28.7477   -9.04064  -34.86238 101.145498      0.000    37.4935    23.9576    1545.99 0.0000e+00
       5133    28.9422   6.082381    28.7500   -9.04064  -34.86264 101.145567      0.000    37.4927    23.9566    1546.00 0.0000e+00
       5134    28.9416   6.082381    28.7522   -9.04066  -34.86292 101.145637      0.000    37.4932    23.9571    1545.99 0.0000e+00
       5135    28.9428   6.082482    28.7515   -9.04066  -34.86316 101.145706      0.000    37.4929    23.9565    1546.00 0.0000e+00
       5136    28.9434   6.082690    28.7494   -9.04066  -34.86344 101.145775      0.000    37.4939    23.9571    1546.00 0.0000e+00
       5137    28.9439   6.082690    28.7490   -9.04066  -34.86370 101.145845      0.000    37.4935    23.9566    1546.00 0.0000e+00
       5138    28.9428   6.082482    28.7513   -9.04066  -34.86396 101.145914      0.000    37.4929    23.9565    1546.00 0.0000e+00
       5139    28.9428   6.082482    28.7552   -9.04068  -34.86422 101.145984      0.000    37.4929    23.9565    1546.00 0.0000e+00
       5140    28.9422   6.082381    28.7575   -9.04068  -34.86450 101.146053      0.000    37.4927    23.9566    1546.00 0.0000e+00
       5141    28.9422   6.082690    28.7581   -9.04066  -34.86474 101.146123      0.000    37.4948    23.9582    1546.00 0.0000e+00
       5142    28.9462   6.083197    28.7637   -9.04068  -34.86502 101.146192      0.000    37.4952    23.9571    1546.01 0.0000e+00
       5143    28.9502   6.083606    28.7684   -9.04068  -34.86528 101.146262      0.000    37.4949    23.9556    1546.01 0.0000e+00
       5144    28.9525   6.083809    28.7720   -9.04068  -34.86554 101.146331      0.000    37.4945    23.9545    1546.02 0.0000e+00
       5145    28.9559   6.084219    28.7743   -9.04068  -34.86580 101.146400      0.000    37.4947    23.9535    1546.03 0.0000e+00
       5146    28.9610   6.084832    28.7777   -9.04068  -34.86606 101.146470      0.000    37.4950    23.9519    1546.04 0.0000e+00
       5147    28.9651   6.085343    28.7812   -9.04068  -34.86632 101.146539      0.000    37.4953    23.9508    1546.05 0.0000e+00
       5148    28.9696   6.085956    28.7865   -9.04068  -34.86658 101.146609      0.000    37.4960    23.9499    1546.06 0.0000e+00
       5149    28.9730   6.086366    28.7904   -9.04068  -34.86684 101.146678      0.000    37.4962    23.9488    1546.06 0.0000e+00
       5150    28.9770   6.086878    28.7922   -9.04068  -34.86710 101.146748      0.000    37.4966    23.9478    1546.07 0.0000e+00
       5151    28.9793   6.087389    28.7918   -9.04068  -34.86736 101.146817      0.000    37.4984    23.9483    1546.08 0.0000e+00
       5152    28.9827   6.087693    28.7904   -9.04068  -34.86764 101.146887      0.000    37.4978    23.9468    1546.09 0.0000e+00
       5153    28.9833   6.087901    28.7870   -9.04068  -34.86790 101.146956      0.000    37.4988    23.9473    1546.09 0.0000e+00
       5154    28.9845   6.088103    28.7865   -9.04070  -34.86816 101.147025      0.000    37.4993    23.9473    1546.09 0.0000e+00
       5155    28.9845   6.088002    28.7887   -9.04070  -34.86840 101.147095      0.000    37.4986    23.9467    1546.09 0.0000e+00
       5156    28.9793   6.087592    28.7877   -9.04070  -34.86868 101.147164      0.000    37.4998    23.9494    1546.08 0.0000e+00
       5157    28.9776   6.087389    28.7868   -9.04070  -34.86892 101.147234      0.000    37.4997    23.9499    1546.08 0.0000e+00
       5158    28.9765   6.087283    28.7848   -9.04070  -34.86920 101.147303      0.000    37.4998    23.9504    1546.08 0.0000e+00
       5159    28.9753   6.087080    28.7988   -9.04070  -34.86944 101.147373      0.000    37.4994    23.9504    1546.07 0.0000e+00
       5160    28.9753   6.087080    28.8091   -9.04070  -34.86972 101.147442      0.000    37.4994    23.9504    1546.07 0.0000e+00
       5161    28.9816   6.088103    28.8210   -9.04070  -34.86998 101.147512      0.000    37.5015    23.9500    1546.09 0.0000e+00
       5162    28.9953   6.089942    28.8286   -9.04070  -34.87024 101.147581      0.000    37.5036    23.9469    1546.12 0.0000e+00
       5163    29.0101   6.091680    28.8369   -9.04072  -34.87050 101.147650      0.000    37.5040    23.9422    1546.15 0.0000e+00
       5164    29.0210   6.092805    28.8430   -9.04072  -34.87074 101.147720      0.000    37.5033    23.9380    1546.17 0.0000e+00
       5165    29.0284   6.093621    28.8453   -9.04072  -34.87102 101.147789      0.000    37.5031    23.9354    1546.19 0.0000e+00
       5166    29.0341   6.094234    28.8475   -9.04072  -34.87128 101.147859      0.000    37.5029    23.9333    1546.20 0.0000e+00
       5167    29.0375   6.094640    28.8494   -9.04072  -34.87154 101.147928      0.000    37.5031    23.9323    1546.21 0.0000e+00
       5168    29.0403   6.094949    28.8500   -9.04072  -34.87180 101.147998      0.000    37.5030    23.9313    1546.21 0.0000e+00
       5169    29.0392   6.094949    28.8485   -9.04072  -34.87206 101.148067      0.000    37.5039    23.9323    1546.21 0.0000e+00
       5170    29.0409   6.095050    28.8512   -9.04072  -34.87232 101.148137      0.000    37.5032    23.9312    1546.22 0.0000e+00
       5171    29.0426   6.095152    28.8521   -9.04070  -34.87258 101.148206      0.000    37.5026    23.9302    1546.22 0.0000e+00
       5172    29.0415   6.095050    28.8548   -9.04070  -34.87284 101.148275      0.000    37.5028    23.9307    1546.22 0.0000e+00
