data/TSG/02.cnv
* Sea-Bird SBE 21 Data File:
* FileName = E:\ABRACOS2\abra02.hex
* Software Version Seasave V 7.25.0.151
* Temperature SN = 3293
* Conductivity SN = 3293
* System UpLoad Time = Apr 10 2017 18:56:36
* NMEA Latitude = 09 13.13 S
* NMEA Longitude = 035 01.83 W
* NMEA UTC (Time) = Apr 10 2017  18:56:25
** Ship: antea
** Station: 2
** Operator:
# nquan = 12                                
# nvalues = 9648                        
# units = specified
# name 0 = scan: Scan Count
# name 1 = t090C: Temperature [ITS-90, deg C]
# name 2 = c0S/m: Conductivity [S/m]
# name 3 = t3890C: Temperature, SBE 38 [ITS-90, deg C]
# name 4 = latitude: Latitude [deg]
# name 5 = longitude: Longitude [deg]
# name 6 = timeJ: Julian Days
# name 7 = prM: Pressure [db]
# name 8 = sal00: Salinity, Practical [PSU]
# name 9 = sigma-é00: Density [sigma-theta, kg/m^3]
# name 10 = svCM: Sound Velocity [Chen-Millero, m/s]
# name 11 = flag: flag
# span 0 =          1,       9648       
# span 1 =    28.5076,    29.7165       
# span 2 =   5.932508,   6.175780       
# span 3 =    28.3156,    29.5307       
# span 4 =   -9.21976,   -8.84946       
# span 5 =  -35.16238,  -34.58778       
# span 6 = 100.789178, 101.459109       
# span 7 =      0.000,      0.000       
# span 8 =    36.7405,    37.5750       
# span 9 =    23.5122,    24.0072       
# span 10 =    1544.32,    1547.66      
# span 11 = 0.0000e+00, 0.0000e+00      
# interval = seconds: 6
# start_time = Apr 10 2017 18:56:25 [NMEA time, header]
# bad_flag = -9.990e-29
*END*
[from data line 2166]
       2167    29.2243   6.102405    29.0203   -9.15380  -34.75212 100.939595      0.000    37.4104    23.7995    1546.51 0.0000e+00
       2168    29.2260   6.102608    29.0205   -9.15372  -34.75210 100.939664      0.000    37.4105    23.7989    1546.51 0.0000e+00
       2169    29.2260   6.102506    29.0180   -9.15364  -34.75208 100.939734      0.000    37.4098    23.7984    1546.51 0.0000e+00
       2170    29.2238   6.102303    29.0172   -9.15358  -34.75208 100.939803      0.000    37.4101    23.7994    1546.50 0.0000e+00
       2171    29.2215   6.102100    29.0164   -9.15352  -34.75206 100.939873      0.000    37.4105    23.8005    1546.50 0.0000e+00
       2172    29.2181   6.101690    29.0148   -9.15344  -34.75206 100.939942      0.000    37.4103    23.8015    1546.49 0.0000e+00
       2173    29.2164   6.101385    29.0137   -9.15338  -34.75204 100.940012      0.000    37.4095    23.8015    1546.49 0.0000e+00
       2174    29.2152   6.101279    29.0098   -9.15330  -34.75204 100.940081      0.000    37.4097    23.8020    1546.49 0.0000e+00
       2175    29.2158   6.101279    29.0081   -9.15324  -34.75202 100.940150      0.000    37.4093    23.8015    1546.49 0.0000e+00
       2176    29.2169   6.101385    29.0079   -9.15318  -34.75202 100.940220      0.000    37.4091    23.8010    1546.49 0.0000e+00
       2177    29.2135   6.100974    29.0093   -9.15310  -34.75200 100.940289      0.000    37.4089    23.8020    1546.48 0.0000e+00
       2178    29.2067   6.100462    29.0081   -9.15302  -34.75198 100.940359      0.000    37.4107    23.8056    1546.47 0.0000e+00
       2179    29.2033   6.100158    29.0070   -9.15296  -34.75198 100.940428      0.000    37.4113    23.8072    1546.46 0.0000e+00
       2180    29.1981   6.099748    29.0073   -9.15288  -34.75196 100.940498      0.000    37.4125    23.8099    1546.45 0.0000e+00
       2181    29.1958   6.099443    29.0090   -9.15280  -34.75194 100.940567      0.000    37.4122    23.8104    1546.45 0.0000e+00
       2182    29.1913   6.099033    29.0101   -9.15272  -34.75192 100.940637      0.000    37.4129    23.8125    1546.44 0.0000e+00
       2183    29.1907   6.098931    29.0090   -9.15264  -34.75192 100.940706      0.000    37.4126    23.8125    1546.44 0.0000e+00
       2184    29.1948   6.099341    29.0079   -9.15256  -34.75188 100.940775      0.000    37.4123    23.8108    1546.45 0.0000e+00
       2185    29.2016   6.099955    29.0077   -9.15248  -34.75188 100.940845      0.000    37.4112    23.8077    1546.46 0.0000e+00
       2186    29.1993   6.099849    29.0061   -9.15240  -34.75186 100.940914      0.000    37.4123    23.8093    1546.46 0.0000e+00
       2187    29.1999   6.100056    29.0063   -9.15232  -34.75184 100.940984      0.000    37.4132    23.8098    1546.46 0.0000e+00
       2188    29.2056   6.100564    29.0042   -9.15224  -34.75182 100.941053      0.000    37.4123    23.8072    1546.47 0.0000e+00
       2189    29.2061   6.100462    29.0028   -9.15218  -34.75182 100.941123      0.000    37.4112    23.8062    1546.47 0.0000e+00
       2190    29.2033   6.100158    29.0014   -9.15210  -34.75180 100.941192      0.000    37.4113    23.8072    1546.46 0.0000e+00
       2191    29.2044   6.100361    28.9997   -9.15202  -34.75178 100.941262      0.000    37.4118    23.8072    1546.47 0.0000e+00
       2192    29.2044   6.100259    28.9995   -9.15194  -34.75178 100.941331      0.000    37.4111    23.8067    1546.47 0.0000e+00
       2193    29.2021   6.100056    28.9987   -9.15184  -34.75176 100.941400      0.000    37.4115    23.8078    1546.46 0.0000e+00
       2194    29.2004   6.099747    28.9976   -9.15176  -34.75174 100.941470      0.000    37.4107    23.8078    1546.46 0.0000e+00
       2195    29.2004   6.099747    28.9974   -9.15166  -34.75172 100.941539      0.000    37.4107    23.8078    1546.46 0.0000e+00
       2196    29.2033   6.099955    28.9975   -9.15156  -34.75170 100.941609      0.000    37.4099    23.8061    1546.46 0.0000e+00
       2197    29.2016   6.099646    28.9985   -9.15146  -34.75168 100.941678      0.000    37.4091    23.8061    1546.46 0.0000e+00
       2198    29.2016   6.099646    28.9969   -9.15136  -34.75164 100.941748      0.000    37.4091    23.8061    1546.46 0.0000e+00
       2199    29.2033   6.099646    28.9975   -9.15126  -34.75162 100.941817      0.000    37.4077    23.8045    1546.46 0.0000e+00
       2200    29.1987   6.099235    28.9974   -9.15118  -34.75160 100.941887      0.000    37.4085    23.8067    1546.45 0.0000e+00
       2201    29.1958   6.098931    28.9970   -9.15108  -34.75158 100.941956      0.000    37.4086    23.8078    1546.44 0.0000e+00
       2202    29.1964   6.099032    28.9973   -9.15098  -34.75154 100.942025      0.000    37.4089    23.8077    1546.45 0.0000e+00
       2203    29.1970   6.098931    28.9980   -9.15088  -34.75152 100.942095      0.000    37.4077    23.8066    1546.45 0.0000e+00
       2204    29.1948   6.098728    28.9973   -9.15078  -34.75150 100.942164      0.000    37.4080    23.8076    1546.44 0.0000e+00
       2205    29.1958   6.098829    28.9963   -9.15070  -34.75148 100.942234      0.000    37.4079    23.8072    1546.44 0.0000e+00
       2206    29.2021   6.099443    28.9943   -9.15060  -34.75148 100.942303      0.000    37.4073    23.8046    1546.46 0.0000e+00
       2207    29.2027   6.099443    28.9946   -9.15052  -34.75146 100.942373      0.000    37.4068    23.8040    1546.46 0.0000e+00
       2208    29.1987   6.099032    28.9945   -9.15044  -34.75144 100.942442      0.000    37.4071    23.8056    1546.45 0.0000e+00
       2209    29.1953   6.098626    28.9928   -9.15034  -34.75142 100.942512      0.000    37.4069    23.8066    1546.44 0.0000e+00
       2210    29.1948   6.098520    28.9918   -9.15026  -34.75140 100.942581      0.000    37.4066    23.8065    1546.44 0.0000e+00
       2211    29.1987   6.098829    28.9881   -9.15018  -34.75138 100.942650      0.000    37.4057    23.8045    1546.45 0.0000e+00
       2212    29.2010   6.099032    28.9869   -9.15008  -34.75136 100.942720      0.000    37.4053    23.8035    1546.45 0.0000e+00
       2213    29.1993   6.098829    28.9841   -9.14998  -34.75134 100.942789      0.000    37.4052    23.8040    1546.45 0.0000e+00
       2214    29.1936   6.098317    28.9822   -9.14990  -34.75132 100.942859      0.000    37.4061    23.8066    1546.44 0.0000e+00
       2215    29.1907   6.097907    28.9822   -9.14982  -34.75130 100.942928      0.000    37.4055    23.8071    1546.43 0.0000e+00
       2216    29.1879   6.097603    28.9847   -9.14972  -34.75128 100.942998      0.000    37.4056    23.8082    1546.42 0.0000e+00
       2217    29.1873   6.097400    28.9881   -9.14964  -34.75126 100.943067      0.000    37.4047    23.8077    1546.42 0.0000e+00
       2218    29.1902   6.097501    28.9895   -9.14956  -34.75126 100.943137      0.000    37.4031    23.8055    1546.43 0.0000e+00
       2219    29.1936   6.097704    28.9895   -9.14946  -34.75124 100.943206      0.000    37.4018    23.8034    1546.43 0.0000e+00
       2220    29.1936   6.097501    28.9877   -9.14938  -34.75122 100.943275      0.000    37.4004    23.8023    1546.43 0.0000e+00
       2221    29.1913   6.097091    28.9865   -9.14928  -34.75122 100.943345      0.000    37.3994    23.8023    1546.43 0.0000e+00
       2222    29.1907   6.097091    28.9853   -9.14920  -34.75120 100.943414      0.000    37.3999    23.8029    1546.42 0.0000e+00
       2223    29.1907   6.097091    28.9816   -9.14910  -34.75118 100.943484      0.000    37.3999    23.8029    1546.42 0.0000e+00
       2224    29.1925   6.097091    28.9796   -9.14902  -34.75116 100.943553      0.000    37.3984    23.8012    1546.43 0.0000e+00
       2225    29.1896   6.096888    28.9766   -9.14892  -34.75114 100.943623      0.000    37.3993    23.8029    1546.42 0.0000e+00
       2226    29.1850   6.096477    28.9769   -9.14884  -34.75112 100.943692      0.000    37.4001    23.8050    1546.41 0.0000e+00
       2227    29.1839   6.096376    28.9782   -9.14874  -34.75110 100.943762      0.000    37.4002    23.8055    1546.41 0.0000e+00
       2228    29.1811   6.096071    28.9801   -9.14864  -34.75108 100.943831      0.000    37.4003    23.8065    1546.40 0.0000e+00
       2229    29.1833   6.096274    28.9813   -9.14854  -34.75106 100.943900      0.000    37.4000    23.8055    1546.41 0.0000e+00
       2230    29.1896   6.096685    28.9812   -9.14844  -34.75104 100.943970      0.000    37.3979    23.8018    1546.42 0.0000e+00
       2231    29.1907   6.096685    28.9795   -9.14834  -34.75102 100.944039      0.000    37.3970    23.8008    1546.42 0.0000e+00
       2232    29.1919   6.096888    28.9783   -9.14826  -34.75100 100.944109      0.000    37.3975    23.8007    1546.42 0.0000e+00
       2233    29.1907   6.096685    28.9768   -9.14816  -34.75098 100.944178      0.000    37.3970    23.8008    1546.42 0.0000e+00
       2234    29.1890   6.096477    28.9766   -9.14808  -34.75096 100.944248      0.000    37.3969    23.8013    1546.42 0.0000e+00
       2235    29.1896   6.096685    28.9758   -9.14798  -34.75094 100.944317      0.000    37.3979    23.8018    1546.42 0.0000e+00
       2236    29.1902   6.096685    28.9760   -9.14790  -34.75094 100.944387      0.000    37.3974    23.8012    1546.42 0.0000e+00
       2237    29.1879   6.096477    28.9749   -9.14780  -34.75092 100.944456      0.000    37.3978    23.8023    1546.42 0.0000e+00
       2238    29.1845   6.096071    28.9743   -9.14772  -34.75090 100.944525      0.000    37.3976    23.8033    1546.41 0.0000e+00
       2239    29.1817   6.095762    28.9754   -9.14762  -34.75090 100.944595      0.000    37.3977    23.8043    1546.40 0.0000e+00
       2240    29.1771   6.095149    28.9756   -9.14752  -34.75088 100.944664      0.000    37.3970    23.8054    1546.39 0.0000e+00
       2241    29.1771   6.095251    28.9754   -9.14744  -34.75086 100.944734      0.000    37.3977    23.8059    1546.39 0.0000e+00
       2242    29.1805   6.095458    28.9749   -9.14734  -34.75086 100.944803      0.000    37.3965    23.8038    1546.40 0.0000e+00
       2243    29.1799   6.095251    28.9759   -9.14724  -34.75084 100.944873      0.000    37.3955    23.8033    1546.40 0.0000e+00
       2244    29.1794   6.095251    28.9768   -9.14716  -34.75084 100.944942      0.000    37.3959    23.8038    1546.40 0.0000e+00
       2245    29.1822   6.095559    28.9793   -9.14706  -34.75082 100.945012      0.000    37.3959    23.8028    1546.40 0.0000e+00
       2246    29.1862   6.095762    28.9802   -9.14698  -34.75082 100.945081      0.000    37.3942    23.8001    1546.41 0.0000e+00
       2247    29.1862   6.095661    28.9791   -9.14688  -34.75082 100.945150      0.000    37.3935    23.7996    1546.41 0.0000e+00
       2248    29.1868   6.095559    28.9781   -9.14680  -34.75082 100.945220      0.000    37.3923    23.7985    1546.41 0.0000e+00
       2249    29.1822   6.094845    28.9784   -9.14670  -34.75082 100.945289      0.000    37.3909    23.7991    1546.40 0.0000e+00
       2250    29.1862   6.095458    28.9804   -9.14664  -34.75082 100.945359      0.000    37.3921    23.7985    1546.41 0.0000e+00
       2251    29.1890   6.095559    28.9815   -9.14656  -34.75082 100.945428      0.000    37.3906    23.7965    1546.41 0.0000e+00
       2252    29.1879   6.095661    28.9810   -9.14650  -34.75082 100.945498      0.000    37.3921    23.7980    1546.41 0.0000e+00
       2253    29.1862   6.095661    28.9814   -9.14644  -34.75080 100.945567      0.000    37.3935    23.7996    1546.41 0.0000e+00
       2254    29.1822   6.095250    28.9818   -9.14638  -34.75080 100.945637      0.000    37.3937    23.8012    1546.40 0.0000e+00
       2255    29.1765   6.094637    28.9812   -9.14634  -34.75080 100.945706      0.000    37.3939    23.8033    1546.39 0.0000e+00
       2256    29.1760   6.094536    28.9804   -9.14628  -34.75080 100.945775      0.000    37.3936    23.8032    1546.39 0.0000e+00
       2257    29.1771   6.094845    28.9809   -9.14622  -34.75080 100.945845      0.000    37.3949    23.8038    1546.39 0.0000e+00
       2258    29.1776   6.094743    28.9821   -9.14618  -34.75080 100.945914      0.000    37.3938    23.8028    1546.39 0.0000e+00
       2259    29.1776   6.094637    28.9835   -9.14610  -34.75080 100.945984      0.000    37.3931    23.8022    1546.39 0.0000e+00
       2260    29.1754   6.094333    28.9855   -9.14604  -34.75080 100.946053      0.000    37.3927    23.8027    1546.38 0.0000e+00
       2261    29.1742   6.094231    28.9869   -9.14596  -34.75082 100.946123      0.000    37.3929    23.8033    1546.38 0.0000e+00
       2262    29.1686   6.094130    28.9899   -9.14588  -34.75082 100.946192      0.000    37.3966    23.8079    1546.37 0.0000e+00
       2263    29.1657   6.093923    28.9943   -9.14582  -34.75082 100.946262      0.000    37.3974    23.8095    1546.37 0.0000e+00
       2264    29.1640   6.093720    28.9957   -9.14574  -34.75082 100.946331      0.000    37.3974    23.8101    1546.37 0.0000e+00
       2265    29.1623   6.093517    28.9953   -9.14566  -34.75082 100.946400      0.000    37.3973    23.8106    1546.36 0.0000e+00
       2266    29.1606   6.093415    28.9960   -9.14558  -34.75082 100.946470      0.000    37.3979    23.8116    1546.36 0.0000e+00
       2267    29.1645   6.093618    28.9967   -9.14550  -34.75082 100.946539      0.000    37.3963    23.8091    1546.37 0.0000e+00
       2268    29.1686   6.093720    28.9961   -9.14542  -34.75084 100.946609      0.000    37.3938    23.8058    1546.37 0.0000e+00
       2269    29.1720   6.094028    28.9967   -9.14534  -34.75084 100.946678      0.000    37.3932    23.8042    1546.38 0.0000e+00
       2270    29.1776   6.094637    28.9964   -9.14526  -34.75084 100.946748      0.000    37.3931    23.8022    1546.39 0.0000e+00
       2271    29.1839   6.095149    28.9943   -9.14518  -34.75086 100.946817      0.000    37.3917    23.7991    1546.40 0.0000e+00
       2272    29.1913   6.095970    28.9947   -9.14508  -34.75086 100.946887      0.000    37.3916    23.7965    1546.42 0.0000e+00
       2273    29.1919   6.096173    28.9947   -9.14500  -34.75088 100.946956      0.000    37.3925    23.7970    1546.42 0.0000e+00
       2274    29.1873   6.095762    28.9943   -9.14492  -34.75090 100.947025      0.000    37.3933    23.7991    1546.41 0.0000e+00
       2275    29.1850   6.095356    28.9936   -9.14484  -34.75092 100.947095      0.000    37.3923    23.7991    1546.40 0.0000e+00
       2276    29.1839   6.095149    28.9945   -9.14476  -34.75092 100.947164      0.000    37.3917    23.7991    1546.40 0.0000e+00
       2277    29.1839   6.095047    28.9937   -9.14470  -34.75094 100.947234      0.000    37.3910    23.7985    1546.40 0.0000e+00
       2278    29.1845   6.094946    28.9927   -9.14462  -34.75094 100.947303      0.000    37.3898    23.7975    1546.40 0.0000e+00
       2279    29.1862   6.095250    28.9903   -9.14452  -34.75096 100.947373      0.000    37.3906    23.7975    1546.41 0.0000e+00
       2280    29.1850   6.095149    28.9881   -9.14444  -34.75098 100.947442      0.000    37.3908    23.7980    1546.40 0.0000e+00
       2281    29.1839   6.095149    28.9844   -9.14436  -34.75100 100.947512      0.000    37.3917    23.7991    1546.40 0.0000e+00
       2282    29.1822   6.095047    28.9830   -9.14428  -34.75102 100.947581      0.000    37.3923    23.8001    1546.40 0.0000e+00
       2283    29.1822   6.095149    28.9799   -9.14420  -34.75104 100.947650      0.000    37.3930    23.8006    1546.40 0.0000e+00
       2284    29.1833   6.095250    28.9780   -9.14412  -34.75106 100.947720      0.000    37.3929    23.8001    1546.40 0.0000e+00
       2285    29.1839   6.095458    28.9758   -9.14404  -34.75108 100.947789      0.000    37.3939    23.8007    1546.40 0.0000e+00
