data/TSG/04.cnv
* Sea-Bird SBE 21 Data File:
* FileName = E:\ABRACOS2\abra04.hex
* Software Version Seasave V 7.25.0.151
* Temperature SN = 3293
* Conductivity SN = 3293
* System UpLoad Time = Apr 12 2017 13:38:00
* NMEA Latitude = 08 43.75 S
* NMEA Longitude = 034 46.96 W
* NMEA UTC (Time) = Apr 12 2017  13:37:50
** Ship: antea
** Station: 4
** Operator:
# nquan = 12                                
# nvalues = 13002                       
# units = specified
# name 0 = scan: Scan Count
# name 1 = t090C: Temperature [ITS-90, deg C]
# name 2 = c0S/m: Conductivity [S/m]
# name 3 = t3890C: Temperature, SBE 38 [ITS-90, deg C]
# name 4 = latitude: Latitude [deg]
# name 5 = longitude: Longitude [deg]
# name 6 = timeJ: Julian Days
# name 7 = prM: Pressure [db]
# name 8 = sal00: Salinity, Practical [PSU]
# name 9 = sigma-é00: Density [sigma-theta, kg/m^3]
# name 10 = svCM: Sound Velocity [Chen-Millero, m/s]
# name 11 = flag: flag
# span 0 =          1,      13002       
# span 1 =    28.7295,    29.5298       
# span 2 =   6.027719,   6.149823       
# span 3 =    28.5499,    29.3543       
# span 4 =   -8.73436,   -8.49598       
# span 5 =  -35.01044,  -34.53766       
# span 6 = 102.567940, 103.470787       
# span 7 =      0.000,      0.000       
# span 8 =    37.1984,    37.5212       
# span 9 =    23.6873,    23.9791       
# span 10 =    1545.32,    1547.22      
# span 11 = 0.0000e+00, 0.0000e+00      
# interval = seconds: 6
# start_time = Apr 12 2017 13:37:50 [NMEA time, header]
# bad_flag = -9.990e-29
*END*
[from data line 12873]
      12874    28.8668   6.065215    28.6878   -8.49994  -34.73042 103.461898      0.000    37.4323    23.9365    1545.77 0.0000e+00
      12875    28.8634   6.064806    28.6887   -8.49992  -34.73044 103.461968      0.000    37.4321    23.9375    1545.76 0.0000e+00
      12876    28.8605   6.064296    28.6887   -8.49992  -34.73048 103.462037      0.000    37.4308    23.9375    1545.76 0.0000e+00
      12877    28.8571   6.063785    28.6872   -8.49990  -34.73050 103.462106      0.000    37.4299    23.9380    1545.75 0.0000e+00
      12878    28.8554   6.063578    28.6876   -8.49988  -34.73054 103.462176      0.000    37.4298    23.9385    1545.74 0.0000e+00
      12879    28.8559   6.063578    28.6863   -8.49988  -34.73056 103.462245      0.000    37.4294    23.9380    1545.74 0.0000e+00
      12880    28.8599   6.063987    28.6885   -8.49986  -34.73060 103.462315      0.000    37.4291    23.9365    1545.75 0.0000e+00
      12881    28.8599   6.063886    28.6897   -8.49982  -34.73064 103.462384      0.000    37.4284    23.9359    1545.75 0.0000e+00
      12882    28.8577   6.063477    28.6871   -8.49980  -34.73066 103.462454      0.000    37.4273    23.9358    1545.75 0.0000e+00
      12883    28.8554   6.063173    28.6831   -8.49978  -34.73070 103.462523      0.000    37.4270    23.9364    1545.74 0.0000e+00
      12884    28.8536   6.063068    28.6812   -8.49976  -34.73074 103.462593      0.000    37.4277    23.9375    1545.74 0.0000e+00
      12885    28.8536   6.062966    28.6805   -8.49972  -34.73076 103.462662      0.000    37.4270    23.9370    1545.74 0.0000e+00
      12886    28.8548   6.063068    28.6862   -8.49970  -34.73080 103.462731      0.000    37.4267    23.9364    1545.74 0.0000e+00
      12887    28.8548   6.062966    28.6922   -8.49966  -34.73082 103.462801      0.000    37.4260    23.9358    1545.74 0.0000e+00
      12888    28.8536   6.062764    28.6950   -8.49964  -34.73086 103.462870      0.000    37.4256    23.9359    1545.74 0.0000e+00
      12889    28.8519   6.062557    28.6944   -8.49962  -34.73088 103.462940      0.000    37.4255    23.9364    1545.73 0.0000e+00
      12890    28.8525   6.062557    28.6952   -8.49958  -34.73092 103.463009      0.000    37.4250    23.9358    1545.73 0.0000e+00
      12891    28.8519   6.062557    28.6927   -8.49956  -34.73094 103.463079      0.000    37.4255    23.9364    1545.73 0.0000e+00
      12892    28.8525   6.062663    28.6931   -8.49952  -34.73098 103.463148      0.000    37.4257    23.9364    1545.73 0.0000e+00
      12893    28.8554   6.063173    28.6928   -8.49950  -34.73100 103.463218      0.000    37.4270    23.9364    1545.74 0.0000e+00
      12894    28.8588   6.063578    28.6931   -8.49948  -34.73102 103.463287      0.000    37.4272    23.9353    1545.75 0.0000e+00
      12895    28.8611   6.063886    28.6938   -8.49946  -34.73106 103.463356      0.000    37.4275    23.9348    1545.75 0.0000e+00
      12896    28.8605   6.063987    28.6930   -8.49942  -34.73108 103.463426      0.000    37.4287    23.9359    1545.75 0.0000e+00
      12897    28.8628   6.064093    28.6942   -8.49940  -34.73112 103.463495      0.000    37.4276    23.9343    1545.76 0.0000e+00
      12898    28.8622   6.063987    28.6958   -8.49936  -34.73114 103.463565      0.000    37.4273    23.9343    1545.76 0.0000e+00
      12899    28.8617   6.063987    28.6961   -8.49934  -34.73116 103.463634      0.000    37.4277    23.9348    1545.76 0.0000e+00
      12900    28.8622   6.064194    28.6933   -8.49932  -34.73120 103.463704      0.000    37.4288    23.9354    1545.76 0.0000e+00
      12901    28.8628   6.064093    28.6922   -8.49928  -34.73122 103.463773      0.000    37.4276    23.9343    1545.76 0.0000e+00
      12902    28.8634   6.064093    28.6902   -8.49926  -34.73126 103.463843      0.000    37.4271    23.9338    1545.76 0.0000e+00
      12903    28.8634   6.064093    28.6871   -8.49924  -34.73128 103.463912      0.000    37.4271    23.9338    1545.76 0.0000e+00
      12904    28.8639   6.064093    28.6868   -8.49920  -34.73132 103.463981      0.000    37.4267    23.9333    1545.76 0.0000e+00
      12905    28.8639   6.064093    28.6865   -8.49918  -34.73136 103.464051      0.000    37.4267    23.9333    1545.76 0.0000e+00
      12906    28.8634   6.063987    28.6848   -8.49914  -34.73138 103.464120      0.000    37.4264    23.9332    1545.76 0.0000e+00
      12907    28.8628   6.063886    28.6861   -8.49910  -34.73140 103.464190      0.000    37.4262    23.9332    1545.76 0.0000e+00
      12908    28.8605   6.063477    28.6860   -8.49908  -34.73142 103.464259      0.000    37.4251    23.9332    1545.75 0.0000e+00
      12909    28.8588   6.063274    28.6823   -8.49904  -34.73144 103.464329      0.000    37.4250    23.9337    1545.75 0.0000e+00
      12910    28.8565   6.063068    28.6816   -8.49900  -34.73146 103.464398      0.000    37.4254    23.9348    1545.74 0.0000e+00
      12911    28.8582   6.063068    28.6811   -8.49896  -34.73148 103.464468      0.000    37.4241    23.9332    1545.74 0.0000e+00
      12912    28.8594   6.063173    28.6817   -8.49892  -34.73150 103.464537      0.000    37.4239    23.9327    1545.75 0.0000e+00
      12913    28.8617   6.063376    28.6822   -8.49890  -34.73152 103.464606      0.000    37.4235    23.9316    1545.75 0.0000e+00
      12914    28.8611   6.063376    28.6828   -8.49884  -34.73154 103.464676      0.000    37.4239    23.9321    1545.75 0.0000e+00
      12915    28.8594   6.063173    28.6853   -8.49882  -34.73156 103.464745      0.000    37.4239    23.9327    1545.75 0.0000e+00
      12916    28.8554   6.062663    28.6882   -8.49878  -34.73160 103.464815      0.000    37.4234    23.9337    1545.74 0.0000e+00
      12917    28.8542   6.062355    28.6888   -8.49874  -34.73162 103.464884      0.000    37.4222    23.9332    1545.73 0.0000e+00
      12918    28.8548   6.062355    28.6849   -8.49870  -34.73164 103.464954      0.000    37.4218    23.9326    1545.73 0.0000e+00
      12919    28.8548   6.062253    28.6857   -8.49866  -34.73166 103.465023      0.000    37.4211    23.9321    1545.73 0.0000e+00
      12920    28.8554   6.062047    28.6859   -8.49862  -34.73170 103.465093      0.000    37.4191    23.9305    1545.73 0.0000e+00
      12921    28.8554   6.062148    28.6887   -8.49858  -34.73172 103.465162      0.000    37.4198    23.9310    1545.73 0.0000e+00
      12922    28.8548   6.062456    28.6901   -8.49854  -34.73174 103.465231      0.000    37.4225    23.9332    1545.74 0.0000e+00
      12923    28.8548   6.062557    28.6886   -8.49850  -34.73176 103.465301      0.000    37.4232    23.9337    1545.74 0.0000e+00
      12924    28.8559   6.062663    28.6867   -8.49846  -34.73178 103.465370      0.000    37.4230    23.9332    1545.74 0.0000e+00
      12925    28.8554   6.062557    28.6876   -8.49842  -34.73180 103.465440      0.000    37.4227    23.9331    1545.74 0.0000e+00
      12926    28.8536   6.062148    28.6867   -8.49838  -34.73182 103.465509      0.000    37.4213    23.9327    1545.73 0.0000e+00
      12927    28.8531   6.062047    28.6831   -8.49834  -34.73182 103.465579      0.000    37.4210    23.9326    1545.73 0.0000e+00
      12928    28.8531   6.062047    28.6781   -8.49830  -34.73184 103.465648      0.000    37.4210    23.9326    1545.73 0.0000e+00
      12929    28.8531   6.062253    28.6752   -8.49826  -34.73186 103.465718      0.000    37.4224    23.9337    1545.73 0.0000e+00
      12930    28.8554   6.062557    28.6731   -8.49822  -34.73188 103.465787      0.000    37.4227    23.9331    1545.74 0.0000e+00
      12931    28.8554   6.062557    28.6769   -8.49818  -34.73190 103.465856      0.000    37.4227    23.9331    1545.74 0.0000e+00
      12932    28.8542   6.062355    28.6828   -8.49814  -34.73190 103.465926      0.000    37.4222    23.9332    1545.73 0.0000e+00
      12933    28.8531   6.062253    28.6820   -8.49810  -34.73192 103.465995      0.000    37.4224    23.9337    1545.73 0.0000e+00
      12934    28.8513   6.061743    28.6784   -8.49806  -34.73194 103.466065      0.000    37.4202    23.9327    1545.73 0.0000e+00
      12935    28.8462   6.060924    28.6736   -8.49802  -34.73196 103.466134      0.000    37.4185    23.9331    1545.71 0.0000e+00
      12936    28.8434   6.060414    28.6766   -8.49798  -34.73200 103.466204      0.000    37.4172    23.9330    1545.71 0.0000e+00
      12937    28.8428   6.060313    28.6770   -8.49794  -34.73200 103.466273      0.000    37.4170    23.9330    1545.70 0.0000e+00
      12938    28.8451   6.060515    28.6787   -8.49790  -34.73202 103.466343      0.000    37.4166    23.9320    1545.71 0.0000e+00
      12939    28.8480   6.060924    28.6763   -8.49786  -34.73204 103.466412      0.000    37.4171    23.9314    1545.72 0.0000e+00
      12940    28.8491   6.061127    28.6752   -8.49784  -34.73204 103.466481      0.000    37.4177    23.9315    1545.72 0.0000e+00
      12941    28.8497   6.061127    28.6737   -8.49780  -34.73206 103.466551      0.000    37.4172    23.9309    1545.72 0.0000e+00
      12942    28.8502   6.061228    28.6758   -8.49776  -34.73206 103.466620      0.000    37.4175    23.9310    1545.72 0.0000e+00
      12943    28.8497   6.061228    28.6754   -8.49774  -34.73208 103.466690      0.000    37.4179    23.9314    1545.72 0.0000e+00
      12944    28.8502   6.061334    28.6735   -8.49770  -34.73208 103.466759      0.000    37.4183    23.9315    1545.72 0.0000e+00
      12945    28.8513   6.061435    28.6723   -8.49768  -34.73210 103.466829      0.000    37.4181    23.9310    1545.72 0.0000e+00
      12946    28.8508   6.061435    28.6703   -8.49766  -34.73212 103.466898      0.000    37.4185    23.9315    1545.72 0.0000e+00
      12947    28.8508   6.061435    28.6667   -8.49764  -34.73212 103.466968      0.000    37.4185    23.9315    1545.72 0.0000e+00
      12948    28.8485   6.061228    28.6643   -8.49760  -34.73216 103.467037      0.000    37.4189    23.9326    1545.72 0.0000e+00
      12949    28.8491   6.061334    28.6622   -8.49758  -34.73216 103.467106      0.000    37.4191    23.9326    1545.72 0.0000e+00
      12950    28.8491   6.061228    28.6655   -8.49756  -34.73218 103.467176      0.000    37.4184    23.9320    1545.72 0.0000e+00
      12951    28.8457   6.060207    28.6687   -8.49754  -34.73218 103.467245      0.000    37.4139    23.9298    1545.71 0.0000e+00
      12952    28.8434   6.059596    28.6666   -8.49752  -34.73218 103.467315      0.000    37.4115    23.9287    1545.70 0.0000e+00
      12953    28.8416   6.059393    28.6675   -8.49750  -34.73220 103.467384      0.000    37.4115    23.9293    1545.70 0.0000e+00
      12954    28.8411   6.058878    28.6688   -8.49748  -34.73220 103.467454      0.000    37.4083    23.9271    1545.69 0.0000e+00
      12955    28.8411   6.059186    28.6668   -8.49748  -34.73220 103.467523      0.000    37.4104    23.9287    1545.69 0.0000e+00
      12956    28.8422   6.059393    28.6647   -8.49746  -34.73220 103.467593      0.000    37.4110    23.9288    1545.70 0.0000e+00
      12957    28.8434   6.059596    28.6646   -8.49746  -34.73222 103.467662      0.000    37.4115    23.9287    1545.70 0.0000e+00
      12958    28.8445   6.059904    28.6644   -8.49744  -34.73222 103.467731      0.000    37.4128    23.9293    1545.70 0.0000e+00
      12959    28.8434   6.059798    28.6662   -8.49744  -34.73220 103.467801      0.000    37.4129    23.9298    1545.70 0.0000e+00
      12960    28.8439   6.059798    28.6682   -8.49742  -34.73218 103.467870      0.000    37.4125    23.9293    1545.70 0.0000e+00
      12961    28.8422   6.059904    28.6707   -8.49740  -34.73216 103.467940      0.000    37.4146    23.9314    1545.70 0.0000e+00
      12962    28.8445   6.060005    28.6729   -8.49738  -34.73214 103.468009      0.000    37.4135    23.9298    1545.70 0.0000e+00
      12963    28.8439   6.060005    28.6758   -8.49734  -34.73212 103.468079      0.000    37.4139    23.9304    1545.70 0.0000e+00
      12964    28.8428   6.059904    28.6719   -8.49732  -34.73212 103.468148      0.000    37.4141    23.9309    1545.70 0.0000e+00
      12965    28.8434   6.059904    28.6716   -8.49728  -34.73212 103.468218      0.000    37.4136    23.9303    1545.70 0.0000e+00
      12966    28.8451   6.060207    28.6767   -8.49724  -34.73210 103.468287      0.000    37.4144    23.9303    1545.71 0.0000e+00
      12967    28.8468   6.060313    28.6781   -8.49720  -34.73208 103.468356      0.000    37.4138    23.9293    1545.71 0.0000e+00
      12968    28.8474   6.060414    28.6794   -8.49714  -34.73206 103.468426      0.000    37.4140    23.9293    1545.71 0.0000e+00
      12969    28.8474   6.060207    28.6817   -8.49708  -34.73204 103.468495      0.000    37.4126    23.9282    1545.71 0.0000e+00
      12970    28.8457   6.060005    28.6789   -8.49700  -34.73202 103.468565      0.000    37.4125    23.9287    1545.71 0.0000e+00
      12971    28.8451   6.059904    28.6778   -8.49692  -34.73202 103.468634      0.000    37.4123    23.9288    1545.70 0.0000e+00
      12972    28.8445   6.059798    28.6802   -8.49682  -34.73204 103.468704      0.000    37.4120    23.9288    1545.70 0.0000e+00
      12973    28.8457   6.059904    28.6812   -8.49672  -34.73208 103.468773      0.000    37.4118    23.9282    1545.70 0.0000e+00
      12974    28.8462   6.060005    28.6759   -8.49664  -34.73212 103.468843      0.000    37.4121    23.9283    1545.71 0.0000e+00
      12975    28.8474   6.060207    28.6737   -8.49654  -34.73218 103.468912      0.000    37.4126    23.9282    1545.71 0.0000e+00
      12976    28.8491   6.060616    28.6747   -8.49646  -34.73226 103.468981      0.000    37.4141    23.9288    1545.71 0.0000e+00
      12977    28.8480   6.060515    28.6740   -8.49640  -34.73236 103.469051      0.000    37.4143    23.9293    1545.71 0.0000e+00
      12978    28.8457   6.060207    28.6698   -8.49634  -34.73244 103.469120      0.000    37.4139    23.9298    1545.71 0.0000e+00
      12979    28.8457   6.060207    28.6671   -8.49630  -34.73254 103.469190      0.000    37.4139    23.9298    1545.71 0.0000e+00
      12980    28.8468   6.060106    28.6648   -8.49628  -34.73264 103.469259      0.000    37.4124    23.9282    1545.71 0.0000e+00
      12981    28.8445   6.059798    28.6648   -8.49626  -34.73272 103.469329      0.000    37.4120    23.9288    1545.70 0.0000e+00
      12982    28.8434   6.059494    28.6680   -8.49624  -34.73282 103.469398      0.000    37.4108    23.9282    1545.70 0.0000e+00
      12983    28.8405   6.058984    28.6663   -8.49622  -34.73292 103.469468      0.000    37.4095    23.9282    1545.69 0.0000e+00
      12984    28.8371   6.058474    28.6631   -8.49620  -34.73298 103.469537      0.000    37.4086    23.9287    1545.68 0.0000e+00
      12985    28.8382   6.058575    28.6636   -8.49618  -34.73306 103.469606      0.000    37.4084    23.9282    1545.69 0.0000e+00
      12986    28.8411   6.058676    28.6650   -8.49616  -34.73314 103.469676      0.000    37.4069    23.9260    1545.69 0.0000e+00
      12987    28.8416   6.058676    28.6635   -8.49614  -34.73320 103.469745      0.000    37.4065    23.9256    1545.69 0.0000e+00
      12988    28.8428   6.058474    28.6630   -8.49610  -34.73328 103.469815      0.000    37.4041    23.9234    1545.69 0.0000e+00
      12989    28.8411   6.058267    28.6620   -8.49608  -34.73334 103.469884      0.000    37.4040    23.9239    1545.69 0.0000e+00
      12990    28.8411   6.058166    28.6605   -8.49606  -34.73340 103.469954      0.000    37.4033    23.9233    1545.69 0.0000e+00
      12991    28.8382   6.057757    28.6581   -8.49604  -34.73348 103.470023      0.000    37.4027    23.9239    1545.68 0.0000e+00
      12992    28.8359   6.057449    28.6559   -8.49602  -34.73356 103.470093      0.000    37.4024    23.9244    1545.67 0.0000e+00
