data/TSG/04.cnv
* Sea-Bird SBE 21 Data File:
* FileName = E:\ABRACOS2\abra04.hex
* Software Version Seasave V 7.25.0.151
* Temperature SN = 3293
* Conductivity SN = 3293
* System UpLoad Time = Apr 12 2017 13:38:00
* NMEA Latitude = 08 43.75 S
* NMEA Longitude = 034 46.96 W
* NMEA UTC (Time) = Apr 12 2017  13:37:50
** Ship: antea
** Station: 4
** Operator:
# nquan = 12                                
# nvalues = 13002                       
# units = specified
# name 0 = scan: Scan Count
# name 1 = t090C: Temperature [ITS-90, deg C]
# name 2 = c0S/m: Conductivity [S/m]
# name 3 = t3890C: Temperature, SBE 38 [ITS-90, deg C]
# name 4 = latitude: Latitude [deg]
# name 5 = longitude: Longitude [deg]
# name 6 = timeJ: Julian Days
# name 7 = prM: Pressure [db]
# name 8 = sal00: Salinity, Practical [PSU]
# name 9 = sigma-é00: Density [sigma-theta, kg/m^3]
# name 10 = svCM: Sound Velocity [Chen-Millero, m/s]
# name 11 = flag: flag
# span 0 =          1,      13002       
# span 1 =    28.7295,    29.5298       
# span 2 =   6.027719,   6.149823       
# span 3 =    28.5499,    29.3543       
# span 4 =   -8.73436,   -8.49598       
# span 5 =  -35.01044,  -34.53766       
# span 6 = 102.567940, 103.470787       
# span 7 =      0.000,      0.000       
# span 8 =    37.1984,    37.5212       
# span 9 =    23.6873,    23.9791       
# span 10 =    1545.32,    1547.22      
# span 11 = 0.0000e+00, 0.0000e+00      
# interval = seconds: 6
# start_time = Apr 12 2017 13:37:50 [NMEA time, header]
# bad_flag = -9.990e-29
*END*
[from data line 3850]
       3851    29.1862   6.111911    28.9952   -8.72914  -34.72806 102.835301      0.000    37.5062    23.8844    1546.53 0.0000e+00
       3852    29.1817   6.111500    28.9923   -8.72914  -34.72826 102.835370      0.000    37.5069    23.8864    1546.52 0.0000e+00
       3853    29.1782   6.110890    28.9946   -8.72914  -34.72848 102.835440      0.000    37.5054    23.8865    1546.51 0.0000e+00
       3854    29.1748   6.110581    28.9958   -8.72914  -34.72870 102.835509      0.000    37.5060    23.8880    1546.50 0.0000e+00
       3855    29.1742   6.110581    28.9912   -8.72914  -34.72892 102.835579      0.000    37.5064    23.8886    1546.50 0.0000e+00
       3856    29.1760   6.110784    28.9900   -8.72912  -34.72914 102.835648      0.000    37.5064    23.8880    1546.51 0.0000e+00
       3857    29.1754   6.110682    28.9895   -8.72912  -34.72936 102.835718      0.000    37.5062    23.8880    1546.50 0.0000e+00
       3858    29.1720   6.110174    28.9912   -8.72912  -34.72958 102.835787      0.000    37.5053    23.8885    1546.50 0.0000e+00
       3859    29.1674   6.109662    28.9858   -8.72912  -34.72980 102.835856      0.000    37.5054    23.8901    1546.49 0.0000e+00
       3860    29.1657   6.109357    28.9852   -8.72910  -34.73002 102.835926      0.000    37.5046    23.8901    1546.48 0.0000e+00
       3861    29.1645   6.109357    28.9853   -8.72910  -34.73024 102.835995      0.000    37.5056    23.8912    1546.48 0.0000e+00
       3862    29.1629   6.109150    28.9882   -8.72910  -34.73046 102.836065      0.000    37.5054    23.8916    1546.48 0.0000e+00
       3863    29.1629   6.109048    28.9868   -8.72910  -34.73068 102.836134      0.000    37.5047    23.8911    1546.48 0.0000e+00
       3864    29.1612   6.108845    28.9828   -8.72908  -34.73092 102.836204      0.000    37.5046    23.8916    1546.47 0.0000e+00
       3865    29.1612   6.108845    28.9810   -8.72908  -34.73112 102.836273      0.000    37.5046    23.8916    1546.47 0.0000e+00
       3866    29.1600   6.108642    28.9801   -8.72908  -34.73136 102.836343      0.000    37.5041    23.8917    1546.47 0.0000e+00
       3867    29.1572   6.108333    28.9850   -8.72906  -34.73156 102.836412      0.000    37.5042    23.8926    1546.46 0.0000e+00
       3868    29.1560   6.108231    28.9943   -8.72906  -34.73180 102.836481      0.000    37.5044    23.8932    1546.46 0.0000e+00
       3869    29.1589   6.108540    29.0014   -8.72906  -34.73200 102.836551      0.000    37.5043    23.8922    1546.47 0.0000e+00
       3870    29.1634   6.109150    29.0048   -8.72906  -34.73222 102.836620      0.000    37.5050    23.8912    1546.48 0.0000e+00
       3871    29.1737   6.110174    29.0108   -8.72904  -34.73244 102.836690      0.000    37.5040    23.8869    1546.50 0.0000e+00
       3872    29.1828   6.111195    29.0161   -8.72904  -34.73268 102.836759      0.000    37.5039    23.8838    1546.52 0.0000e+00
       3873    29.1902   6.112114    29.0228   -8.72904  -34.73288 102.836829      0.000    37.5045    23.8817    1546.53 0.0000e+00
       3874    29.1958   6.112728    29.0276   -8.72904  -34.73312 102.836898      0.000    37.5044    23.8797    1546.54 0.0000e+00
       3875    29.2027   6.113444    29.0327   -8.72902  -34.73334 102.836968      0.000    37.5039    23.8771    1546.56 0.0000e+00
       3876    29.2061   6.114058    29.0286   -8.72902  -34.73354 102.837037      0.000    37.5055    23.8771    1546.57 0.0000e+00
       3877    29.2095   6.114363    29.0244   -8.72902  -34.73378 102.837106      0.000    37.5050    23.8755    1546.57 0.0000e+00
       3878    29.2130   6.114769    29.0186   -8.72902  -34.73398 102.837176      0.000    37.5050    23.8744    1546.58 0.0000e+00
       3879    29.2078   6.114058    29.0183   -8.72902  -34.73422 102.837245      0.000    37.5042    23.8755    1546.57 0.0000e+00
       3880    29.2016   6.113240    29.0255   -8.72902  -34.73442 102.837315      0.000    37.5034    23.8770    1546.56 0.0000e+00
       3881    29.2010   6.113240    29.0237   -8.72902  -34.73466 102.837384      0.000    37.5039    23.8776    1546.56 0.0000e+00
       3882    29.2038   6.113545    29.0204   -8.72902  -34.73486 102.837454      0.000    37.5038    23.8766    1546.56 0.0000e+00
       3883    29.2061   6.113850    29.0259   -8.72902  -34.73508 102.837523      0.000    37.5041    23.8760    1546.57 0.0000e+00
       3884    29.2061   6.113647    29.0288   -8.72902  -34.73530 102.837593      0.000    37.5027    23.8750    1546.56 0.0000e+00
       3885    29.2067   6.113748    29.0330   -8.72902  -34.73552 102.837662      0.000    37.5029    23.8749    1546.57 0.0000e+00
       3886    29.2112   6.114159    29.0376   -8.72902  -34.73574 102.837731      0.000    37.5022    23.8729    1546.58 0.0000e+00
       3887    29.2135   6.114363    29.0405   -8.72902  -34.73596 102.837801      0.000    37.5018    23.8718    1546.58 0.0000e+00
       3888    29.2175   6.114875    29.0385   -8.72902  -34.73618 102.837870      0.000    37.5022    23.8708    1546.59 0.0000e+00
       3889    29.2238   6.115587    28.9779   -8.72904  -34.73640 102.837940      0.000    37.5022    23.8686    1546.60 0.0000e+00
       3890    29.2272   6.115896    28.9283   -8.72904  -34.73662 102.838009      0.000    37.5017    23.8671    1546.61 0.0000e+00
       3891    29.1987   6.112012    28.9399   -8.72904  -34.73682 102.838079      0.000    37.4971    23.8733    1546.54 0.0000e+00
       3892    29.1213   6.103939    28.9723   -8.72902  -34.73704 102.838148      0.000    37.5019    23.9030    1546.38 0.0000e+00
       3893    29.0740   6.098730    28.9881   -8.72904  -34.73726 102.838218      0.000    37.5028    23.9197    1546.29 0.0000e+00
       3894    29.1014   6.101692    29.0078   -8.72902  -34.73748 102.838287      0.000    37.5019    23.9098    1546.34 0.0000e+00
       3895    29.1475   6.106292    29.0184   -8.72904  -34.73770 102.838356      0.000    37.4976    23.8910    1546.44 0.0000e+00
       3896    29.1833   6.110377    29.0249   -8.72902  -34.73792 102.838426      0.000    37.4979    23.8791    1546.51 0.0000e+00
       3897    29.2061   6.112829    29.0251   -8.72902  -34.73812 102.838495      0.000    37.4970    23.8707    1546.56 0.0000e+00
       3898    29.2107   6.113240    29.0302   -8.72902  -34.73836 102.838565      0.000    37.4962    23.8686    1546.57 0.0000e+00
       3899    29.2124   6.113647    29.0344   -8.72902  -34.73856 102.838634      0.000    37.4977    23.8691    1546.57 0.0000e+00
       3900    29.2169   6.113951    29.0362   -8.72902  -34.73878 102.838704      0.000    37.4963    23.8665    1546.58 0.0000e+00
       3901    29.2192   6.114261    29.0380   -8.72902  -34.73900 102.838773      0.000    37.4967    23.8660    1546.59 0.0000e+00
       3902    29.2186   6.114057    29.0386   -8.72902  -34.73922 102.838843      0.000    37.4957    23.8655    1546.58 0.0000e+00
       3903    29.2164   6.113850    29.0343   -8.72902  -34.73944 102.838912      0.000    37.4960    23.8665    1546.58 0.0000e+00
       3904    29.2186   6.114057    29.0350   -8.72902  -34.73966 102.838981      0.000    37.4957    23.8655    1546.58 0.0000e+00
       3905    29.2203   6.114261    29.0355   -8.72902  -34.73988 102.839051      0.000    37.4958    23.8650    1546.59 0.0000e+00
       3906    29.2181   6.113850    29.0290   -8.72902  -34.74010 102.839120      0.000    37.4947    23.8649    1546.58 0.0000e+00
       3907    29.2146   6.113240    29.0263   -8.72900  -34.74030 102.839190      0.000    37.4932    23.8650    1546.57 0.0000e+00
       3908    29.2089   6.112423    29.0240   -8.72900  -34.74054 102.839259      0.000    37.4920    23.8660    1546.56 0.0000e+00
       3909    29.2044   6.111809    29.0272   -8.72900  -34.74074 102.839329      0.000    37.4913    23.8670    1546.55 0.0000e+00
       3910    29.2033   6.111605    29.0269   -8.72900  -34.74096 102.839398      0.000    37.4907    23.8669    1546.55 0.0000e+00
       3911    29.2056   6.111910    29.0273   -8.72900  -34.74118 102.839468      0.000    37.4910    23.8664    1546.55 0.0000e+00
       3912    29.2061   6.111809    29.0229   -8.72900  -34.74140 102.839537      0.000    37.4899    23.8654    1546.55 0.0000e+00
       3913    29.2061   6.111605    29.0216   -8.72900  -34.74162 102.839606      0.000    37.4885    23.8643    1546.55 0.0000e+00
       3914    29.2050   6.111499    29.0179   -8.72900  -34.74184 102.839676      0.000    37.4886    23.8648    1546.55 0.0000e+00
       3915    29.2033   6.111296    29.0128   -8.72900  -34.74206 102.839745      0.000    37.4886    23.8653    1546.54 0.0000e+00
       3916    29.1987   6.110580    29.0123   -8.72900  -34.74228 102.839815      0.000    37.4872    23.8658    1546.53 0.0000e+00
       3917    29.1930   6.109763    29.0115   -8.72900  -34.74248 102.839884      0.000    37.4860    23.8669    1546.52 0.0000e+00
       3918    29.1919   6.109662    29.0081   -8.72900  -34.74270 102.839954      0.000    37.4862    23.8674    1546.52 0.0000e+00
       3919    29.1896   6.109357    29.0109   -8.72900  -34.74292 102.840023      0.000    37.4858    23.8679    1546.51 0.0000e+00
       3920    29.1885   6.109149    29.0118   -8.72900  -34.74314 102.840093      0.000    37.4853    23.8678    1546.51 0.0000e+00
       3921    29.1879   6.109048    29.0132   -8.72900  -34.74336 102.840162      0.000    37.4850    23.8679    1546.51 0.0000e+00
       3922    29.1890   6.109251    29.0158   -8.72900  -34.74358 102.840231      0.000    37.4856    23.8679    1546.51 0.0000e+00
       3923    29.1913   6.109357    29.0188   -8.72900  -34.74380 102.840301      0.000    37.4845    23.8663    1546.51 0.0000e+00
       3924    29.1925   6.109560    29.0199   -8.72900  -34.74402 102.840370      0.000    37.4850    23.8663    1546.52 0.0000e+00
       3925    29.1970   6.109865    29.0208   -8.72900  -34.74424 102.840440      0.000    37.4836    23.8637    1546.53 0.0000e+00
       3926    29.1993   6.110072    29.0272   -8.72900  -34.74444 102.840509      0.000    37.4832    23.8626    1546.53 0.0000e+00
       3927    29.2010   6.110072    29.0246   -8.72900  -34.74466 102.840579      0.000    37.4819    23.8611    1546.53 0.0000e+00
       3928    29.1993   6.109865    29.0260   -8.72900  -34.74488 102.840648      0.000    37.4818    23.8616    1546.53 0.0000e+00
       3929    29.1987   6.109865    29.0294   -8.72900  -34.74510 102.840718      0.000    37.4822    23.8621    1546.53 0.0000e+00
       3930    29.2021   6.110072    29.0271   -8.72900  -34.74532 102.840787      0.000    37.4810    23.8600    1546.53 0.0000e+00
       3931    29.2044   6.110275    29.0258   -8.72900  -34.74552 102.840856      0.000    37.4806    23.8590    1546.54 0.0000e+00
       3932    29.2050   6.110275    29.0257   -8.72900  -34.74574 102.840926      0.000    37.4801    23.8584    1546.54 0.0000e+00
       3933    29.2038   6.110072    29.0281   -8.72900  -34.74596 102.840995      0.000    37.4797    23.8585    1546.54 0.0000e+00
       3934    29.2004   6.109560    29.0296   -8.72900  -34.74618 102.841065      0.000    37.4788    23.8589    1546.53 0.0000e+00
       3935    29.1993   6.109458    29.0332   -8.72900  -34.74640 102.841134      0.000    37.4789    23.8594    1546.53 0.0000e+00
       3936    29.2056   6.110072    29.0266   -8.72900  -34.74662 102.841204      0.000    37.4783    23.8568    1546.54 0.0000e+00
       3937    29.2084   6.110275    29.0234   -8.72900  -34.74684 102.841273      0.000    37.4775    23.8552    1546.54 0.0000e+00
       3938    29.2084   6.110275    29.0250   -8.72900  -34.74706 102.841343      0.000    37.4775    23.8552    1546.54 0.0000e+00
       3939    29.2061   6.109865    29.0259   -8.72900  -34.74728 102.841412      0.000    37.4764    23.8552    1546.54 0.0000e+00
       3940    29.2038   6.109661    29.0232   -8.72900  -34.74750 102.841481      0.000    37.4768    23.8563    1546.53 0.0000e+00
       3941    29.2050   6.109661    29.0210   -8.72900  -34.74770 102.841551      0.000    37.4759    23.8552    1546.53 0.0000e+00
       3942    29.2044   6.109560    29.0201   -8.72900  -34.74792 102.841620      0.000    37.4756    23.8552    1546.53 0.0000e+00
       3943    29.1999   6.108946    29.0202   -8.72900  -34.74814 102.841690      0.000    37.4749    23.8562    1546.52 0.0000e+00
       3944    29.1964   6.108433    29.0204   -8.72900  -34.74836 102.841759      0.000    37.4741    23.8568    1546.51 0.0000e+00
       3945    29.1930   6.108027    29.0164   -8.72902  -34.74858 102.841829      0.000    37.4739    23.8578    1546.51 0.0000e+00
       3946    29.1942   6.108027    29.0166   -8.72900  -34.74880 102.841898      0.000    37.4730    23.8567    1546.51 0.0000e+00
       3947    29.1942   6.108027    29.0124   -8.72900  -34.74902 102.841968      0.000    37.4730    23.8567    1546.51 0.0000e+00
       3948    29.1942   6.107926    29.0144   -8.72900  -34.74924 102.842037      0.000    37.4723    23.8562    1546.51 0.0000e+00
       3949    29.1936   6.107616    29.0185   -8.72900  -34.74946 102.842106      0.000    37.4706    23.8551    1546.50 0.0000e+00
       3950    29.1913   6.107210    29.0217   -8.72900  -34.74968 102.842176      0.000    37.4696    23.8551    1546.50 0.0000e+00
       3951    29.1948   6.107718    29.0230   -8.72900  -34.74988 102.842245      0.000    37.4704    23.8545    1546.51 0.0000e+00
       3952    29.1993   6.108230    29.0237   -8.72900  -34.75010 102.842315      0.000    37.4704    23.8530    1546.52 0.0000e+00
       3953    29.2038   6.108539    29.0238   -8.72900  -34.75032 102.842384      0.000    37.4690    23.8505    1546.52 0.0000e+00
       3954    29.2050   6.108539    29.0256   -8.72900  -34.75054 102.842454      0.000    37.4681    23.8493    1546.53 0.0000e+00
       3955    29.2038   6.108332    29.0237   -8.72900  -34.75076 102.842523      0.000    37.4676    23.8494    1546.52 0.0000e+00
       3956    29.2033   6.108230    29.0235   -8.72900  -34.75098 102.842593      0.000    37.4673    23.8493    1546.52 0.0000e+00
       3957    29.2033   6.108027    29.0211   -8.72900  -34.75120 102.842662      0.000    37.4659    23.8482    1546.52 0.0000e+00
       3958    29.2021   6.107718    29.0209   -8.72900  -34.75142 102.842731      0.000    37.4647    23.8478    1546.52 0.0000e+00
       3959    29.2021   6.107515    29.0192   -8.72900  -34.75164 102.842801      0.000    37.4633    23.8467    1546.51 0.0000e+00
       3960    29.2004   6.107210    29.0183   -8.72900  -34.75184 102.842870      0.000    37.4625    23.8467    1546.51 0.0000e+00
       3961    29.1987   6.106901    29.0195   -8.72900  -34.75208 102.842940      0.000    37.4617    23.8466    1546.51 0.0000e+00
       3962    29.1981   6.106698    29.0196   -8.72900  -34.75228 102.843009      0.000    37.4607    23.8461    1546.50 0.0000e+00
       3963    29.1976   6.106494    29.0246   -8.72900  -34.75250 102.843079      0.000    37.4597    23.8455    1546.50 0.0000e+00
       3964    29.1976   6.106393    29.0286   -8.72900  -34.75272 102.843148      0.000    37.4590    23.8450    1546.50 0.0000e+00
       3965    29.2010   6.106799    29.0303   -8.72900  -34.75294 102.843218      0.000    37.4592    23.8440    1546.51 0.0000e+00
       3966    29.2089   6.107514    29.0364   -8.72900  -34.75314 102.843287      0.000    37.4579    23.8404    1546.52 0.0000e+00
       3967    29.2141   6.107925    29.0374   -8.72900  -34.75336 102.843356      0.000    37.4567    23.8377    1546.53 0.0000e+00
       3968    29.2164   6.108230    29.0366   -8.72900  -34.75358 102.843426      0.000    37.4570    23.8372    1546.54 0.0000e+00
       3969    29.2198   6.108539    29.0365   -8.72900  -34.75380 102.843495      0.000    37.4565    23.8356    1546.55 0.0000e+00
