data/TSG/04.cnv
* Sea-Bird SBE 21 Data File:
* FileName = E:\ABRACOS2\abra04.hex
* Software Version Seasave V 7.25.0.151
* Temperature SN = 3293
* Conductivity SN = 3293
* System UpLoad Time = Apr 12 2017 13:38:00
* NMEA Latitude = 08 43.75 S
* NMEA Longitude = 034 46.96 W
* NMEA UTC (Time) = Apr 12 2017  13:37:50
** Ship: antea
** Station: 4
** Operator:
# nquan = 12                                
# nvalues = 13002                       
# units = specified
# name 0 = scan: Scan Count
# name 1 = t090C: Temperature [ITS-90, deg C]
# name 2 = c0S/m: Conductivity [S/m]
# name 3 = t3890C: Temperature, SBE 38 [ITS-90, deg C]
# name 4 = latitude: Latitude [deg]
# name 5 = longitude: Longitude [deg]
# name 6 = timeJ: Julian Days
# name 7 = prM: Pressure [db]
# name 8 = sal00: Salinity, Practical [PSU]
# name 9 = sigma-é00: Density [sigma-theta, kg/m^3]
# name 10 = svCM: Sound Velocity [Chen-Millero, m/s]
# name 11 = flag: flag
# span 0 =          1,      13002       
# span 1 =    28.7295,    29.5298       
# span 2 =   6.027719,   6.149823       
# span 3 =    28.5499,    29.3543       
# span 4 =   -8.73436,   -8.49598       
# span 5 =  -35.01044,  -34.53766       
# span 6 = 102.567940, 103.470787       
# span 7 =      0.000,      0.000       
# span 8 =    37.1984,    37.5212       
# span 9 =    23.6873,    23.9791       
# span 10 =    1545.32,    1547.22      
# span 11 = 0.0000e+00, 0.0000e+00      
# interval = seconds: 6
# start_time = Apr 12 2017 13:37:50 [NMEA time, header]
# bad_flag = -9.990e-29
*END*
[from data line 11068]
      11069    29.0569   6.076248    28.8834   -8.53806  -34.94680 103.336551      0.000    37.3599    23.8180    1546.10 0.0000e+00
      11070    29.0637   6.077473    28.8857   -8.53782  -34.94670 103.336620      0.000    37.3631    23.8181    1546.12 0.0000e+00
      11071    29.0671   6.077782    28.8898   -8.53758  -34.94660 103.336690      0.000    37.3625    23.8166    1546.12 0.0000e+00
      11072    29.0712   6.078293    28.8949   -8.53736  -34.94650 103.336759      0.000    37.3629    23.8155    1546.13 0.0000e+00
      11073    29.0706   6.078394    28.8981   -8.53712  -34.94640 103.336829      0.000    37.3641    23.8166    1546.13 0.0000e+00
      11074    29.0763   6.079518    28.9021   -8.53688  -34.94628 103.336898      0.000    37.3674    23.8172    1546.15 0.0000e+00
      11075    29.0860   6.080844    28.8998   -8.53666  -34.94618 103.336968      0.000    37.3690    23.8151    1546.17 0.0000e+00
      11076    29.0917   6.081867    28.9097   -8.53642  -34.94608 103.337037      0.000    37.3717    23.8152    1546.19 0.0000e+00
      11077    29.0894   6.081867    28.9123   -8.53618  -34.94598 103.337106      0.000    37.3735    23.8173    1546.18 0.0000e+00
      11078    29.0905   6.082175    28.9134   -8.53596  -34.94588 103.337176      0.000    37.3748    23.8179    1546.19 0.0000e+00
      11079    29.0991   6.083604    28.9200   -8.53572  -34.94578 103.337245      0.000    37.3779    23.8174    1546.21 0.0000e+00
      11080    29.1036   6.084216    28.9253   -8.53550  -34.94566 103.337315      0.000    37.3787    23.8164    1546.22 0.0000e+00
      11081    29.1053   6.084728    28.9260   -8.53526  -34.94556 103.337384      0.000    37.3809    23.8175    1546.22 0.0000e+00
      11082    29.1110   6.085953    28.9313   -8.53504  -34.94546 103.337454      0.000    37.3849    23.8186    1546.24 0.0000e+00
      11083    29.1156   6.086875    28.9270   -8.53480  -34.94536 103.337523      0.000    37.3877    23.8192    1546.25 0.0000e+00
      11084    29.1184   6.087078    28.9313   -8.53456  -34.94524 103.337593      0.000    37.3870    23.8176    1546.26 0.0000e+00
      11085    29.1173   6.086976    28.9369   -8.53434  -34.94514 103.337662      0.000    37.3871    23.8181    1546.26 0.0000e+00
      11086    29.1139   6.086566    28.9334   -8.53410  -34.94504 103.337731      0.000    37.3869    23.8191    1546.25 0.0000e+00
      11087    29.1167   6.086976    28.9377   -8.53386  -34.94494 103.337801      0.000    37.3876    23.8187    1546.26 0.0000e+00
      11088    29.1190   6.087386    28.9394   -8.53364  -34.94484 103.337870      0.000    37.3886    23.8187    1546.26 0.0000e+00
      11089    29.1196   6.087488    28.9414   -8.53340  -34.94474 103.337940      0.000    37.3889    23.8187    1546.26 0.0000e+00
      11090    29.1207   6.087691    28.9456   -8.53318  -34.94462 103.338009      0.000    37.3894    23.8187    1546.27 0.0000e+00
      11091    29.1219   6.087898    28.9477   -8.53294  -34.94452 103.338079      0.000    37.3899    23.8187    1546.27 0.0000e+00
      11092    29.1253   6.088511    28.9524   -8.53270  -34.94440 103.338148      0.000    37.3915    23.8187    1546.28 0.0000e+00
      11093    29.1270   6.088815    28.9545   -8.53248  -34.94430 103.338218      0.000    37.3923    23.8187    1546.28 0.0000e+00
      11094    29.1309   6.089631    28.9594   -8.53224  -34.94418 103.338287      0.000    37.3949    23.8194    1546.29 0.0000e+00
      11095    29.1372   6.090553    28.9632   -8.53202  -34.94408 103.338356      0.000    37.3964    23.8184    1546.31 0.0000e+00
      11096    29.1407   6.091064    28.9598   -8.53178  -34.94398 103.338426      0.000    37.3972    23.8178    1546.32 0.0000e+00
      11097    29.1446   6.091779    28.9622   -8.53154  -34.94386 103.338495      0.000    37.3991    23.8179    1546.33 0.0000e+00
      11098    29.1446   6.091677    28.9630   -8.53132  -34.94376 103.338565      0.000    37.3984    23.8174    1546.33 0.0000e+00
      11099    29.1475   6.092083    28.9667   -8.53108  -34.94366 103.338634      0.000    37.3989    23.8168    1546.33 0.0000e+00
      11100    29.1503   6.092189    28.9672   -8.53084  -34.94356 103.338704      0.000    37.3975    23.8148    1546.34 0.0000e+00
      11101    29.1532   6.093107    28.9706   -8.53062  -34.94344 103.338773      0.000    37.4016    23.8169    1546.35 0.0000e+00
      11102    29.1589   6.093923    28.9770   -8.53038  -34.94334 103.338843      0.000    37.4028    23.8158    1546.36 0.0000e+00
      11103    29.1589   6.094130    28.9733   -8.53014  -34.94324 103.338912      0.000    37.4042    23.8169    1546.36 0.0000e+00
      11104    29.1600   6.094536    28.9735   -8.52992  -34.94314 103.338981      0.000    37.4062    23.8180    1546.37 0.0000e+00
      11105    29.1612   6.094845    28.9809   -8.52968  -34.94302 103.339051      0.000    37.4074    23.8185    1546.37 0.0000e+00
      11106    29.1612   6.094845    28.9749   -8.52946  -34.94292 103.339120      0.000    37.4074    23.8185    1546.37 0.0000e+00
      11107    29.1645   6.095458    28.9812   -8.52922  -34.94282 103.339190      0.000    37.4090    23.8187    1546.38 0.0000e+00
      11108    29.1674   6.095560    28.9766   -8.52900  -34.94272 103.339259      0.000    37.4075    23.8165    1546.38 0.0000e+00
      11109    29.1668   6.095458    28.9805   -8.52876  -34.94260 103.339329      0.000    37.4072    23.8165    1546.38 0.0000e+00
      11110    29.1674   6.095661    28.9751   -8.52854  -34.94250 103.339398      0.000    37.4082    23.8170    1546.38 0.0000e+00
      11111    29.1674   6.095864    28.9783   -8.52830  -34.94240 103.339468      0.000    37.4096    23.8181    1546.39 0.0000e+00
      11112    29.1634   6.095251    28.9871   -8.52806  -34.94230 103.339537      0.000    37.4085    23.8186    1546.38 0.0000e+00
      11113    29.1572   6.094435    28.9780   -8.52784  -34.94220 103.339606      0.000    37.4077    23.8201    1546.36 0.0000e+00
      11114    29.1606   6.095458    28.9719   -8.52760  -34.94210 103.339676      0.000    37.4121    23.8223    1546.37 0.0000e+00
      11115    29.1640   6.095560    28.9674   -8.52738  -34.94200 103.339745      0.000    37.4101    23.8197    1546.38 0.0000e+00
      11116    29.1583   6.094333    28.9737   -8.52716  -34.94188 103.339815      0.000    37.4061    23.8185    1546.36 0.0000e+00
      11117    29.1526   6.093310    28.9674   -8.52690  -34.94178 103.339884      0.000    37.4035    23.8185    1546.35 0.0000e+00
      11118    29.1492   6.092904    28.9599   -8.52670  -34.94168 103.339954      0.000    37.4033    23.8195    1546.34 0.0000e+00
      11119    29.1486   6.092802    28.9562   -8.52646  -34.94158 103.340023      0.000    37.4031    23.8195    1546.34 0.0000e+00
      11120    29.1441   6.091880    28.9509   -8.52622  -34.94148 103.340093      0.000    37.4002    23.8189    1546.33 0.0000e+00
      11121    29.1412   6.091369    28.9553   -8.52600  -34.94138 103.340162      0.000    37.3989    23.8189    1546.32 0.0000e+00
      11122    29.1395   6.090963    28.9518   -8.52576  -34.94128 103.340231      0.000    37.3974    23.8184    1546.31 0.0000e+00
      11123    29.1378   6.090451    28.9538   -8.52554  -34.94116 103.340301      0.000    37.3952    23.8173    1546.31 0.0000e+00
      11124    29.1384   6.090857    28.9591   -8.52530  -34.94106 103.340370      0.000    37.3975    23.8188    1546.31 0.0000e+00
      11125    29.1344   6.090041    28.9531   -8.52508  -34.94098 103.340440      0.000    37.3950    23.8183    1546.30 0.0000e+00
      11126    29.1332   6.090350    28.9511   -8.52484  -34.94086 103.340509      0.000    37.3981    23.8210    1546.30 0.0000e+00
      11127    29.1338   6.090244    28.9549   -8.52462  -34.94076 103.340579      0.000    37.3969    23.8199    1546.30 0.0000e+00
      11128    29.1327   6.090041    28.9538   -8.52440  -34.94066 103.340648      0.000    37.3963    23.8199    1546.30 0.0000e+00
      11129    29.1350   6.090654    28.9548   -8.52416  -34.94056 103.340718      0.000    37.3988    23.8209    1546.31 0.0000e+00
      11130    29.1367   6.090963    28.9567   -8.52394  -34.94046 103.340787      0.000    37.3996    23.8210    1546.31 0.0000e+00
      11131    29.1378   6.090963    28.9530   -8.52370  -34.94034 103.340856      0.000    37.3988    23.8200    1546.31 0.0000e+00
      11132    29.1389   6.091166    28.9516   -8.52348  -34.94024 103.340926      0.000    37.3993    23.8200    1546.31 0.0000e+00
      11133    29.1401   6.091267    28.9456   -8.52324  -34.94014 103.340995      0.000    37.3991    23.8194    1546.32 0.0000e+00
      11134    29.1378   6.090963    28.9486   -8.52302  -34.94004 103.341065      0.000    37.3988    23.8200    1546.31 0.0000e+00
      11135    29.1350   6.090451    28.9516   -8.52278  -34.93994 103.341134      0.000    37.3974    23.8199    1546.30 0.0000e+00
      11136    29.1327   6.089838    28.9471   -8.52256  -34.93984 103.341204      0.000    37.3949    23.8188    1546.30 0.0000e+00
      11137    29.1298   6.089737    28.9486   -8.52234  -34.93974 103.341273      0.000    37.3965    23.8210    1546.29 0.0000e+00
      11138    29.1338   6.090143    28.9535   -8.52210  -34.93964 103.341343      0.000    37.3962    23.8194    1546.30 0.0000e+00
      11139    29.1350   6.090143    28.9508   -8.52188  -34.93954 103.341412      0.000    37.3952    23.8183    1546.30 0.0000e+00
      11140    29.1361   6.090350    28.9457   -8.52166  -34.93944 103.341481      0.000    37.3958    23.8183    1546.30 0.0000e+00
      11141    29.1378   6.090756    28.9465   -8.52144  -34.93932 103.341551      0.000    37.3973    23.8189    1546.31 0.0000e+00
      11142    29.1355   6.090244    28.9418   -8.52120  -34.93922 103.341620      0.000    37.3956    23.8183    1546.30 0.0000e+00
      11143    29.1332   6.089940    28.9433   -8.52098  -34.93912 103.341690      0.000    37.3952    23.8189    1546.30 0.0000e+00
      11144    29.1309   6.089428    28.9449   -8.52076  -34.93902 103.341759      0.000    37.3935    23.8183    1546.29 0.0000e+00
      11145    29.1287   6.089124    28.9421   -8.52052  -34.93892 103.341829      0.000    37.3931    23.8188    1546.29 0.0000e+00
      11146    29.1281   6.089327    28.9411   -8.52030  -34.93880 103.341898      0.000    37.3950    23.8204    1546.29 0.0000e+00
      11147    29.1287   6.089327    28.9401   -8.52006  -34.93870 103.341968      0.000    37.3945    23.8198    1546.29 0.0000e+00
      11148    29.1270   6.089225    28.9406   -8.51984  -34.93860 103.342037      0.000    37.3951    23.8209    1546.28 0.0000e+00
      11149    29.1264   6.089124    28.9416   -8.51960  -34.93850 103.342106      0.000    37.3949    23.8209    1546.28 0.0000e+00
      11150    29.1276   6.089225    28.9376   -8.51938  -34.93840 103.342176      0.000    37.3947    23.8203    1546.29 0.0000e+00
      11151    29.1276   6.089225    28.9361   -8.51914  -34.93830 103.342245      0.000    37.3947    23.8203    1546.29 0.0000e+00
      11152    29.1235   6.088815    28.9349   -8.51892  -34.93820 103.342315      0.000    37.3950    23.8220    1546.28 0.0000e+00
      11153    29.1230   6.088612    28.9383   -8.51870  -34.93810 103.342384      0.000    37.3940    23.8214    1546.28 0.0000e+00
      11154    29.1224   6.088511    28.9434   -8.51846  -34.93798 103.342454      0.000    37.3938    23.8214    1546.27 0.0000e+00
      11155    29.1219   6.088612    28.9348   -8.51824  -34.93788 103.342523      0.000    37.3949    23.8224    1546.27 0.0000e+00
      11156    29.1264   6.089530    28.9327   -8.51800  -34.93778 103.342593      0.000    37.3977    23.8230    1546.29 0.0000e+00
      11157    29.1247   6.089225    28.9318   -8.51778  -34.93768 103.342662      0.000    37.3969    23.8230    1546.28 0.0000e+00
      11158    29.1167   6.087999    28.9316   -8.51754  -34.93758 103.342731      0.000    37.3947    23.8240    1546.26 0.0000e+00
      11159    29.1145   6.087589    28.9349   -8.51732  -34.93748 103.342801      0.000    37.3936    23.8239    1546.26 0.0000e+00
      11160    29.1167   6.087898    28.9315   -8.51710  -34.93738 103.342870      0.000    37.3940    23.8235    1546.26 0.0000e+00
      11161    29.1190   6.088304    28.9335   -8.51686  -34.93726 103.342940      0.000    37.3950    23.8235    1546.27 0.0000e+00
      11162    29.1190   6.088405    28.9300   -8.51664  -34.93716 103.343009      0.000    37.3957    23.8240    1546.27 0.0000e+00
      11163    29.1162   6.088405    28.9295   -8.51642  -34.93706 103.343079      0.000    37.3979    23.8266    1546.26 0.0000e+00
      11164    29.1167   6.088714    28.9314   -8.51618  -34.93696 103.343148      0.000    37.3997    23.8278    1546.27 0.0000e+00
      11165    29.1167   6.088511    28.9348   -8.51596  -34.93686 103.343218      0.000    37.3983    23.8267    1546.27 0.0000e+00
      11166    29.1179   6.088714    28.9370   -8.51574  -34.93674 103.343287      0.000    37.3987    23.8267    1546.27 0.0000e+00
      11167    29.1196   6.089225    28.9425   -8.51552  -34.93664 103.343356      0.000    37.4009    23.8277    1546.28 0.0000e+00
      11168    29.1213   6.089530    28.9381   -8.51530  -34.93654 103.343426      0.000    37.4017    23.8278    1546.28 0.0000e+00
      11169    29.1241   6.090244    28.9329   -8.51506  -34.93644 103.343495      0.000    37.4045    23.8289    1546.29 0.0000e+00
      11170    29.1287   6.091065    28.9318   -8.51484  -34.93632 103.343565      0.000    37.4066    23.8289    1546.30 0.0000e+00
      11171    29.1258   6.090451    28.9263   -8.51460  -34.93622 103.343634      0.000    37.4046    23.8284    1546.29 0.0000e+00
      11172    29.1213   6.089530    28.9301   -8.51438  -34.93612 103.343704      0.000    37.4017    23.8278    1546.28 0.0000e+00
      11173    29.1162   6.088714    28.9357   -8.51414  -34.93602 103.343773      0.000    37.4001    23.8282    1546.27 0.0000e+00
      11174    29.1110   6.088202    28.9427   -8.51392  -34.93592 103.343843      0.000    37.4006    23.8304    1546.26 0.0000e+00
      11175    29.1122   6.088612    28.9392   -8.51370  -34.93582 103.343912      0.000    37.4025    23.8314    1546.26 0.0000e+00
      11176    29.1207   6.090041    28.9348   -8.51346  -34.93572 103.343981      0.000    37.4057    23.8310    1546.28 0.0000e+00
      11177    29.1293   6.091267    28.9361   -8.51324  -34.93562 103.344051      0.000    37.4075    23.8294    1546.30 0.0000e+00
      11178    29.1298   6.090963    28.9457   -8.51302  -34.93552 103.344120      0.000    37.4050    23.8274    1546.30 0.0000e+00
      11179    29.1270   6.090654    28.9502   -8.51278  -34.93542 103.344190      0.000    37.4051    23.8283    1546.30 0.0000e+00
      11180    29.1224   6.090350    28.9337   -8.51256  -34.93532 103.344259      0.000    37.4066    23.8310    1546.29 0.0000e+00
      11181    29.1241   6.090963    28.9255   -8.51234  -34.93520 103.344329      0.000    37.4095    23.8327    1546.29 0.0000e+00
      11182    29.1235   6.090452    28.9294   -8.51212  -34.93510 103.344398      0.000    37.4064    23.8305    1546.29 0.0000e+00
      11183    29.1145   6.088714    28.9265   -8.51188  -34.93500 103.344468      0.000    37.4014    23.8298    1546.26 0.0000e+00
      11184    29.1099   6.088202    28.9101   -8.51166  -34.93490 103.344537      0.000    37.4014    23.8314    1546.26 0.0000e+00
      11185    29.1104   6.088304    28.9113   -8.51144  -34.93480 103.344606      0.000    37.4018    23.8315    1546.26 0.0000e+00
      11186    29.1053   6.087179    28.9146   -8.51122  -34.93470 103.344676      0.000    37.3979    23.8303    1546.24 0.0000e+00
      11187    29.1002   6.086161    28.9115   -8.51098  -34.93460 103.344745      0.000    37.3949    23.8297    1546.23 0.0000e+00
