data/TSG/04.cnv
* Sea-Bird SBE 21 Data File:
* FileName = E:\ABRACOS2\abra04.hex
* Software Version Seasave V 7.25.0.151
* Temperature SN = 3293
* Conductivity SN = 3293
* System UpLoad Time = Apr 12 2017 13:38:00
* NMEA Latitude = 08 43.75 S
* NMEA Longitude = 034 46.96 W
* NMEA UTC (Time) = Apr 12 2017  13:37:50
** Ship: antea
** Station: 4
** Operator:
# nquan = 12                                
# nvalues = 13002                       
# units = specified
# name 0 = scan: Scan Count
# name 1 = t090C: Temperature [ITS-90, deg C]
# name 2 = c0S/m: Conductivity [S/m]
# name 3 = t3890C: Temperature, SBE 38 [ITS-90, deg C]
# name 4 = latitude: Latitude [deg]
# name 5 = longitude: Longitude [deg]
# name 6 = timeJ: Julian Days
# name 7 = prM: Pressure [db]
# name 8 = sal00: Salinity, Practical [PSU]
# name 9 = sigma-é00: Density [sigma-theta, kg/m^3]
# name 10 = svCM: Sound Velocity [Chen-Millero, m/s]
# name 11 = flag: flag
# span 0 =          1,      13002       
# span 1 =    28.7295,    29.5298       
# span 2 =   6.027719,   6.149823       
# span 3 =    28.5499,    29.3543       
# span 4 =   -8.73436,   -8.49598       
# span 5 =  -35.01044,  -34.53766       
# span 6 = 102.567940, 103.470787       
# span 7 =      0.000,      0.000       
# span 8 =    37.1984,    37.5212       
# span 9 =    23.6873,    23.9791       
# span 10 =    1545.32,    1547.22      
# span 11 = 0.0000e+00, 0.0000e+00      
# interval = seconds: 6
# start_time = Apr 12 2017 13:37:50 [NMEA time, header]
# bad_flag = -9.990e-29
*END*
[from data line 8782]
       8783    28.9319   6.043653    28.7552   -8.68050  -34.55274 103.177801      0.000    37.2309    23.7631    1545.70 0.0000e+00
       8784    28.9325   6.043961    28.7562   -8.68050  -34.55302 103.177870      0.000    37.2325    23.7642    1545.70 0.0000e+00
       8785    28.9348   6.044268    28.7559   -8.68052  -34.55330 103.177940      0.000    37.2329    23.7637    1545.71 0.0000e+00
       8786    28.9365   6.044470    28.7574   -8.68052  -34.55356 103.178009      0.000    37.2329    23.7632    1545.71 0.0000e+00
       8787    28.9354   6.044470    28.7557   -8.68054  -34.55384 103.178079      0.000    37.2338    23.7642    1545.71 0.0000e+00
       8788    28.9337   6.044471    28.7551   -8.68054  -34.55412 103.178148      0.000    37.2351    23.7658    1545.71 0.0000e+00
       8789    28.9337   6.044677    28.7561   -8.68054  -34.55438 103.178218      0.000    37.2366    23.7668    1545.71 0.0000e+00
       8790    28.9342   6.044778    28.7558   -8.68056  -34.55466 103.178287      0.000    37.2369    23.7669    1545.71 0.0000e+00
       8791    28.9365   6.045187    28.7567   -8.68056  -34.55494 103.178356      0.000    37.2379    23.7669    1545.72 0.0000e+00
       8792    28.9348   6.045086    28.7582   -8.68058  -34.55520 103.178426      0.000    37.2386    23.7680    1545.71 0.0000e+00
       8793    28.9342   6.045086    28.7571   -8.68058  -34.55548 103.178495      0.000    37.2390    23.7685    1545.71 0.0000e+00
       8794    28.9365   6.045495    28.7544   -8.68058  -34.55576 103.178565      0.000    37.2401    23.7685    1545.72 0.0000e+00
       8795    28.9388   6.045798    28.7522   -8.68058  -34.55602 103.178634      0.000    37.2404    23.7680    1545.72 0.0000e+00
       8796    28.9388   6.045697    28.7526   -8.68058  -34.55632 103.178704      0.000    37.2397    23.7675    1545.72 0.0000e+00
       8797    28.9370   6.045288    28.7512   -8.68060  -34.55658 103.178773      0.000    37.2383    23.7670    1545.72 0.0000e+00
       8798    28.9342   6.044980    28.7482   -8.68060  -34.55686 103.178843      0.000    37.2383    23.7680    1545.71 0.0000e+00
       8799    28.9325   6.044778    28.7484   -8.68062  -34.55714 103.178912      0.000    37.2382    23.7685    1545.71 0.0000e+00
       8800    28.9285   6.044268    28.7479   -8.68062  -34.55740 103.178981      0.000    37.2378    23.7695    1545.70 0.0000e+00
       8801    28.9268   6.044062    28.7451   -8.68062  -34.55768 103.179051      0.000    37.2377    23.7700    1545.69 0.0000e+00
       8802    28.9256   6.044163    28.7447   -8.68062  -34.55794 103.179120      0.000    37.2393    23.7716    1545.69 0.0000e+00
       8803    28.9234   6.043961    28.7432   -8.68064  -34.55822 103.179190      0.000    37.2396    23.7726    1545.69 0.0000e+00
       8804    28.9217   6.043754    28.7408   -8.68066  -34.55848 103.179259      0.000    37.2395    23.7731    1545.69 0.0000e+00
       8805    28.9188   6.043653    28.7373   -8.68066  -34.55876 103.179329      0.000    37.2411    23.7753    1545.68 0.0000e+00
       8806    28.9182   6.043961    28.7377   -8.68068  -34.55904 103.179398      0.000    37.2437    23.7774    1545.68 0.0000e+00
       8807    28.9165   6.043755    28.7366   -8.68068  -34.55932 103.179468      0.000    37.2436    23.7779    1545.68 0.0000e+00
       8808    28.9148   6.043961    28.7352   -8.68070  -34.55958 103.179537      0.000    37.2464    23.7806    1545.68 0.0000e+00
       8809    28.9159   6.044370    28.7327   -8.68070  -34.55986 103.179606      0.000    37.2484    23.7817    1545.68 0.0000e+00
       8810    28.9153   6.044572    28.7316   -8.68072  -34.56014 103.179676      0.000    37.2502    23.7833    1545.68 0.0000e+00
       8811    28.9142   6.044370    28.7303   -8.68072  -34.56040 103.179745      0.000    37.2497    23.7833    1545.68 0.0000e+00
       8812    28.9097   6.043755    28.7294   -8.68074  -34.56068 103.179815      0.000    37.2489    23.7842    1545.67 0.0000e+00
       8813    28.9062   6.043346    28.7286   -8.68074  -34.56094 103.179884      0.000    37.2488    23.7853    1545.66 0.0000e+00
       8814    28.9022   6.043144    28.7295   -8.68074  -34.56122 103.179954      0.000    37.2505    23.7879    1545.66 0.0000e+00
       8815    28.9056   6.044163    28.7282   -8.68076  -34.56150 103.180023      0.000    37.2550    23.7901    1545.67 0.0000e+00
       8816    28.9074   6.044471    28.7293   -8.68076  -34.56176 103.180093      0.000    37.2557    23.7901    1545.67 0.0000e+00
       8817    28.9056   6.044370    28.7307   -8.68078  -34.56204 103.180162      0.000    37.2564    23.7912    1545.67 0.0000e+00
       8818    28.9062   6.044572    28.7265   -8.68078  -34.56232 103.180231      0.000    37.2574    23.7917    1545.67 0.0000e+00
       8819    28.9062   6.044880    28.7262   -8.68080  -34.56258 103.180301      0.000    37.2595    23.7933    1545.67 0.0000e+00
       8820    28.9068   6.045086    28.7255   -8.68078  -34.56284 103.180370      0.000    37.2605    23.7939    1545.68 0.0000e+00
       8821    28.9079   6.045798    28.7246   -8.68080  -34.56310 103.180440      0.000    37.2646    23.7966    1545.68 0.0000e+00
       8822    28.9091   6.046005    28.7208   -8.68080  -34.56338 103.180509      0.000    37.2651    23.7965    1545.69 0.0000e+00
       8823    28.9068   6.045697    28.7198   -8.68082  -34.56364 103.180579      0.000    37.2647    23.7971    1545.68 0.0000e+00
       8824    28.9045   6.045697    28.7173   -8.68082  -34.56392 103.180648      0.000    37.2665    23.7992    1545.68 0.0000e+00
       8825    28.9033   6.045596    28.7149   -8.68084  -34.56418 103.180718      0.000    37.2668    23.7998    1545.67 0.0000e+00
       8826    28.9005   6.045390    28.7198   -8.68084  -34.56446 103.180787      0.000    37.2675    23.8013    1545.67 0.0000e+00
       8827    28.8988   6.045390    28.7203   -8.68084  -34.56472 103.180856      0.000    37.2689    23.8029    1545.67 0.0000e+00
       8828    28.9000   6.045596    28.7200   -8.68086  -34.56498 103.180926      0.000    37.2694    23.8028    1545.67 0.0000e+00
       8829    28.8994   6.045596    28.7231   -8.68086  -34.56524 103.180995      0.000    37.2698    23.8034    1545.67 0.0000e+00
       8830    28.8982   6.045289    28.7231   -8.68088  -34.56552 103.181065      0.000    37.2686    23.8029    1545.67 0.0000e+00
       8831    28.8977   6.045495    28.7220   -8.68088  -34.56578 103.181134      0.000    37.2705    23.8044    1545.67 0.0000e+00
       8832    28.9000   6.046005    28.7212   -8.68090  -34.56606 103.181204      0.000    37.2722    23.8050    1545.67 0.0000e+00
       8833    28.9005   6.046207    28.7199   -8.68088  -34.56632 103.181273      0.000    37.2732    23.8056    1545.68 0.0000e+00
       8834    28.9005   6.046313    28.7227   -8.68090  -34.56658 103.181343      0.000    37.2740    23.8061    1545.68 0.0000e+00
       8835    28.9000   6.046313    28.7221   -8.68090  -34.56686 103.181412      0.000    37.2744    23.8066    1545.68 0.0000e+00
       8836    28.9005   6.046414    28.7206   -8.68092  -34.56712 103.181481      0.000    37.2747    23.8066    1545.68 0.0000e+00
       8837    28.9011   6.046414    28.7209   -8.68092  -34.56740 103.181551      0.000    37.2742    23.8061    1545.68 0.0000e+00
       8838    28.9051   6.047130    28.7206   -8.68094  -34.56766 103.181620      0.000    37.2761    23.8061    1545.69 0.0000e+00
       8839    28.9033   6.047025    28.7214   -8.68094  -34.56794 103.181690      0.000    37.2767    23.8073    1545.69 0.0000e+00
       8840    28.9005   6.046616    28.7217   -8.68096  -34.56820 103.181759      0.000    37.2761    23.8077    1545.68 0.0000e+00
       8841    28.9022   6.047130    28.7187   -8.68096  -34.56846 103.181829      0.000    37.2783    23.8088    1545.68 0.0000e+00
       8842    28.9051   6.047535    28.7149   -8.68098  -34.56874 103.181898      0.000    37.2789    23.8083    1545.69 0.0000e+00
       8843    28.9028   6.047231    28.7201   -8.68098  -34.56900 103.181968      0.000    37.2786    23.8088    1545.69 0.0000e+00
       8844    28.9000   6.046924    28.7201   -8.68100  -34.56928 103.182037      0.000    37.2786    23.8098    1545.68 0.0000e+00
       8845    28.8994   6.047232    28.7214   -8.68100  -34.56954 103.182106      0.000    37.2812    23.8120    1545.68 0.0000e+00
       8846    28.9028   6.047434    28.7201   -8.68100  -34.56980 103.182176      0.000    37.2800    23.8099    1545.69 0.0000e+00
       8847    28.9005   6.047333    28.7184   -8.68102  -34.57008 103.182245      0.000    37.2811    23.8115    1545.68 0.0000e+00
       8848    28.9005   6.047434    28.7218   -8.68102  -34.57034 103.182315      0.000    37.2818    23.8120    1545.68 0.0000e+00
       8849    28.9005   6.047535    28.7209   -8.68102  -34.57062 103.182384      0.000    37.2825    23.8125    1545.69 0.0000e+00
       8850    28.8988   6.047434    28.7202   -8.68104  -34.57088 103.182454      0.000    37.2831    23.8136    1545.68 0.0000e+00
       8851    28.9011   6.047535    28.7238   -8.68104  -34.57116 103.182523      0.000    37.2820    23.8120    1545.69 0.0000e+00
       8852    28.9022   6.047640    28.7251   -8.68106  -34.57142 103.182593      0.000    37.2819    23.8115    1545.69 0.0000e+00
       8853    28.9022   6.047944    28.7261   -8.68106  -34.57170 103.182662      0.000    37.2840    23.8131    1545.69 0.0000e+00
       8854    28.9028   6.048150    28.7257   -8.68106  -34.57196 103.182731      0.000    37.2850    23.8136    1545.69 0.0000e+00
       8855    28.9011   6.048251    28.7239   -8.68108  -34.57224 103.182801      0.000    37.2870    23.8157    1545.69 0.0000e+00
       8856    28.9045   6.048867    28.7258   -8.68110  -34.57250 103.182870      0.000    37.2886    23.8158    1545.70 0.0000e+00
       8857    28.9051   6.048761    28.7249   -8.68110  -34.57276 103.182940      0.000    37.2874    23.8147    1545.70 0.0000e+00
       8858    28.9051   6.048761    28.7316   -8.68110  -34.57304 103.183009      0.000    37.2874    23.8147    1545.70 0.0000e+00
       8859    28.9051   6.048251    28.7304   -8.68110  -34.57330 103.183079      0.000    37.2839    23.8120    1545.70 0.0000e+00
       8860    28.9062   6.048867    28.7306   -8.68108  -34.57358 103.183148      0.000    37.2873    23.8142    1545.70 0.0000e+00
       8861    28.9085   6.049478    28.7311   -8.68106  -34.57384 103.183218      0.000    37.2898    23.8153    1545.71 0.0000e+00
       8862    28.9091   6.049579    28.7332   -8.68104  -34.57412 103.183287      0.000    37.2900    23.8153    1545.71 0.0000e+00
       8863    28.9074   6.049170    28.7352   -8.68102  -34.57440 103.183356      0.000    37.2885    23.8147    1545.71 0.0000e+00
       8864    28.9045   6.048867    28.7355   -8.68102  -34.57466 103.183426      0.000    37.2886    23.8158    1545.70 0.0000e+00
       8865    28.9056   6.049276    28.7360   -8.68100  -34.57494 103.183495      0.000    37.2906    23.8169    1545.70 0.0000e+00
       8866    28.9102   6.049684    28.7350   -8.68098  -34.57520 103.183565      0.000    37.2899    23.8148    1545.71 0.0000e+00
       8867    28.9131   6.050498    28.7327   -8.68098  -34.57548 103.183634      0.000    37.2933    23.8164    1545.72 0.0000e+00
       8868    28.9142   6.050704    28.7322   -8.68096  -34.57574 103.183704      0.000    37.2938    23.8165    1545.73 0.0000e+00
       8869    28.9165   6.050806    28.7366   -8.68096  -34.57602 103.183773      0.000    37.2927    23.8149    1545.73 0.0000e+00
       8870    28.9153   6.050498    28.7376   -8.68096  -34.57628 103.183843      0.000    37.2915    23.8144    1545.73 0.0000e+00
       8871    28.9137   6.050498    28.7335   -8.68096  -34.57656 103.183912      0.000    37.2928    23.8158    1545.72 0.0000e+00
       8872    28.9131   6.050498    28.7293   -8.68096  -34.57682 103.183981      0.000    37.2933    23.8164    1545.72 0.0000e+00
       8873    28.9125   6.050397    28.7339   -8.68096  -34.57710 103.184051      0.000    37.2930    23.8164    1545.72 0.0000e+00
       8874    28.9131   6.050194    28.7333   -8.68096  -34.57736 103.184120      0.000    37.2911    23.8148    1545.72 0.0000e+00
       8875    28.9091   6.050093    28.7310   -8.68098  -34.57764 103.184190      0.000    37.2936    23.8180    1545.72 0.0000e+00
       8876    28.9125   6.050907    28.7347   -8.68098  -34.57792 103.184259      0.000    37.2966    23.8191    1545.73 0.0000e+00
       8877    28.9137   6.051012    28.7341   -8.68098  -34.57818 103.184329      0.000    37.2964    23.8185    1545.73 0.0000e+00
       8878    28.9120   6.050705    28.7319   -8.68098  -34.57844 103.184398      0.000    37.2956    23.8185    1545.72 0.0000e+00
       8879    28.9108   6.050705    28.7369   -8.68098  -34.57872 103.184468      0.000    37.2965    23.8196    1545.72 0.0000e+00
       8880    28.9120   6.050907    28.7373   -8.68098  -34.57898 103.184537      0.000    37.2970    23.8196    1545.73 0.0000e+00
       8881    28.9125   6.050907    28.7326   -8.68098  -34.57926 103.184606      0.000    37.2966    23.8191    1545.73 0.0000e+00
       8882    28.9171   6.051931    28.7320   -8.68098  -34.57952 103.184676      0.000    37.3001    23.8202    1545.74 0.0000e+00
       8883    28.9182   6.052134    28.7356   -8.68098  -34.57978 103.184745      0.000    37.3007    23.8203    1545.74 0.0000e+00
       8884    28.9148   6.051623    28.7377   -8.68098  -34.58006 103.184815      0.000    37.2998    23.8207    1545.73 0.0000e+00
       8885    28.9131   6.051113    28.7381   -8.68098  -34.58034 103.184884      0.000    37.2976    23.8196    1545.73 0.0000e+00
       8886    28.9120   6.051113    28.7383   -8.68098  -34.58060 103.184954      0.000    37.2984    23.8206    1545.73 0.0000e+00
       8887    28.9159   6.051623    28.7423   -8.68098  -34.58086 103.185023      0.000    37.2989    23.8197    1545.74 0.0000e+00
       8888    28.9199   6.052032    28.7428   -8.68098  -34.58114 103.185093      0.000    37.2986    23.8181    1545.74 0.0000e+00
       8889    28.9194   6.052134    28.7426   -8.68098  -34.58140 103.185162      0.000    37.2997    23.8191    1545.74 0.0000e+00
       8890    28.9222   6.052749    28.7394   -8.68098  -34.58168 103.185231      0.000    37.3018    23.8198    1545.75 0.0000e+00
       8891    28.9251   6.053259    28.7402   -8.68098  -34.58194 103.185301      0.000    37.3031    23.8198    1545.76 0.0000e+00
       8892    28.9262   6.053360    28.7396   -8.68098  -34.58220 103.185370      0.000    37.3029    23.8193    1545.76 0.0000e+00
       8893    28.9251   6.052951    28.7426   -8.68098  -34.58248 103.185440      0.000    37.3010    23.8181    1545.76 0.0000e+00
       8894    28.9222   6.052441    28.7422   -8.68098  -34.58274 103.185509      0.000    37.2997    23.8182    1545.75 0.0000e+00
       8895    28.9188   6.052340    28.7390   -8.68098  -34.58302 103.185579      0.000    37.3016    23.8208    1545.74 0.0000e+00
       8896    28.9205   6.052850    28.7433   -8.68098  -34.58330 103.185648      0.000    37.3039    23.8219    1545.75 0.0000e+00
       8897    28.9228   6.052850    28.7474   -8.68098  -34.58356 103.185718      0.000    37.3021    23.8197    1545.75 0.0000e+00
       8898    28.9228   6.052749    28.7481   -8.68098  -34.58384 103.185787      0.000    37.3014    23.8192    1545.75 0.0000e+00
       8899    28.9234   6.053053    28.7461   -8.68098  -34.58410 103.185856      0.000    37.3030    23.8203    1545.76 0.0000e+00
       8900    28.9262   6.053668    28.7456   -8.68098  -34.58438 103.185926      0.000    37.3051    23.8209    1545.76 0.0000e+00
       8901    28.9279   6.053871    28.7494   -8.68098  -34.58464 103.185995      0.000    37.3052    23.8204    1545.77 0.0000e+00
       8902    28.9268   6.053567    28.7496   -8.68096  -34.58492 103.186065      0.000    37.3039    23.8198    1545.76 0.0000e+00
