data/TSG/05.cnv
* Sea-Bird SBE 21 Data File:
* FileName = E:\ABRACOS2\abra05.hex
* Software Version Seasave V 7.25.0.151
* Temperature SN = 3293
* Conductivity SN = 3293
* System UpLoad Time = Apr 13 2017 11:18:42
* NMEA Latitude = 08 29.76 S
* NMEA Longitude = 034 44.08 W
* NMEA UTC (Time) = Apr 13 2017  11:18:32
** Ship: antea
** Station: 5
** Operator:
# nquan = 12                                
# nvalues = 15180                       
# units = specified
# name 0 = scan: Scan Count
# name 1 = t090C: Temperature [ITS-90, deg C]
# name 2 = c0S/m: Conductivity [S/m]
# name 3 = t3890C: Temperature, SBE 38 [ITS-90, deg C]
# name 4 = latitude: Latitude [deg]
# name 5 = longitude: Longitude [deg]
# name 6 = timeJ: Julian Days
# name 7 = prM: Pressure [db]
# name 8 = sal00: Salinity, Practical [PSU]
# name 9 = sigma-é00: Density [sigma-theta, kg/m^3]
# name 10 = svCM: Sound Velocity [Chen-Millero, m/s]
# name 11 = flag: flag
# span 0 =          1,      15180       
# span 1 =    28.6349,    29.4946       
# span 2 =   5.928215,   6.134187       
# span 3 =    28.4535,    29.2736       
# span 4 =   -8.50276,   -7.77818       
# span 5 =  -34.87868,  -34.29180       
# span 6 = 103.471204, 104.525301       
# span 7 =      0.000,      0.000       
# span 8 =    36.5794,    37.5342       
# span 9 =    23.3385,    23.9917       
# span 10 =    1544.59,    1546.97      
# span 11 = 0.0000e+00, 0.0000e+00      
# interval = seconds: 6
# start_time = Apr 13 2017 11:18:32 [NMEA time, header]
# bad_flag = -9.990e-29
*END*
[from data line 8301]
       8302    28.7060   6.029352    28.5351   -8.32230  -34.73830 104.047662      0.000    37.3081    23.8971    1545.30 0.0000e+00
       8303    28.7066   6.029559    28.5320   -8.32230  -34.73858 104.047731      0.000    37.3091    23.8976    1545.30 0.0000e+00
       8304    28.7095   6.029761    28.5335   -8.32232  -34.73882 104.047801      0.000    37.3083    23.8960    1545.30 0.0000e+00
       8305    28.7118   6.029967    28.5340   -8.32232  -34.73906 104.047870      0.000    37.3079    23.8949    1545.31 0.0000e+00
       8306    28.7135   6.030068    28.5338   -8.32234  -34.73932 104.047940      0.000    37.3073    23.8939    1545.31 0.0000e+00
       8307    28.7135   6.029866    28.5337   -8.32234  -34.73958 104.048009      0.000    37.3058    23.8928    1545.31 0.0000e+00
       8308    28.7123   6.029760    28.5328   -8.32236  -34.73982 104.048079      0.000    37.3060    23.8934    1545.31 0.0000e+00
       8309    28.7095   6.029559    28.5301   -8.32236  -34.74008 104.048148      0.000    37.3068    23.8949    1545.30 0.0000e+00
       8310    28.7106   6.029660    28.5307   -8.32238  -34.74032 104.048218      0.000    37.3067    23.8944    1545.31 0.0000e+00
       8311    28.7106   6.029559    28.5312   -8.32238  -34.74058 104.048287      0.000    37.3060    23.8939    1545.30 0.0000e+00
       8312    28.7060   6.029251    28.5316   -8.32238  -34.74084 104.048356      0.000    37.3074    23.8965    1545.30 0.0000e+00
       8313    28.7066   6.029150    28.5316   -8.32240  -34.74110 104.048426      0.000    37.3063    23.8955    1545.30 0.0000e+00
       8314    28.7072   6.029251    28.5316   -8.32242  -34.74134 104.048495      0.000    37.3065    23.8954    1545.30 0.0000e+00
       8315    28.7077   6.029251    28.5329   -8.32242  -34.74160 104.048565      0.000    37.3061    23.8950    1545.30 0.0000e+00
       8316    28.7106   6.029559    28.5340   -8.32242  -34.74184 104.048634      0.000    37.3060    23.8939    1545.30 0.0000e+00
       8317    28.7100   6.029453    28.5347   -8.32244  -34.74210 104.048704      0.000    37.3057    23.8939    1545.30 0.0000e+00
       8318    28.7100   6.029453    28.5327   -8.32244  -34.74236 104.048773      0.000    37.3057    23.8939    1545.30 0.0000e+00
       8319    28.7100   6.029453    28.5342   -8.32244  -34.74260 104.048843      0.000    37.3057    23.8939    1545.30 0.0000e+00
       8320    28.7100   6.029453    28.5326   -8.32244  -34.74286 104.048912      0.000    37.3057    23.8939    1545.30 0.0000e+00
       8321    28.7100   6.029453    28.5330   -8.32246  -34.74310 104.048981      0.000    37.3057    23.8939    1545.30 0.0000e+00
       8322    28.7100   6.029352    28.5310   -8.32246  -34.74336 104.049051      0.000    37.3050    23.8934    1545.30 0.0000e+00
       8323    28.7100   6.029251    28.5319   -8.32248  -34.74362 104.049120      0.000    37.3043    23.8928    1545.30 0.0000e+00
       8324    28.7095   6.029150    28.5321   -8.32248  -34.74386 104.049190      0.000    37.3040    23.8928    1545.30 0.0000e+00
       8325    28.7083   6.028944    28.5328   -8.32248  -34.74412 104.049259      0.000    37.3035    23.8928    1545.30 0.0000e+00
       8326    28.7095   6.029045    28.5321   -8.32250  -34.74436 104.049329      0.000    37.3032    23.8922    1545.30 0.0000e+00
       8327    28.7095   6.029045    28.5319   -8.32250  -34.74462 104.049398      0.000    37.3032    23.8922    1545.30 0.0000e+00
       8328    28.7118   6.029251    28.5345   -8.32252  -34.74486 104.049468      0.000    37.3029    23.8912    1545.30 0.0000e+00
       8329    28.7112   6.029045    28.5370   -8.32252  -34.74514 104.049537      0.000    37.3019    23.8906    1545.30 0.0000e+00
       8330    28.7106   6.029045    28.5381   -8.32254  -34.74536 104.049606      0.000    37.3024    23.8912    1545.30 0.0000e+00
       8331    28.7141   6.029352    28.5382   -8.32254  -34.74564 104.049676      0.000    37.3018    23.8896    1545.31 0.0000e+00
       8332    28.7158   6.029559    28.5360   -8.32254  -34.74588 104.049745      0.000    37.3019    23.8891    1545.31 0.0000e+00
       8333    28.7163   6.029453    28.5354   -8.32256  -34.74614 104.049815      0.000    37.3008    23.8881    1545.31 0.0000e+00
       8334    28.7135   6.029150    28.5346   -8.32256  -34.74638 104.049884      0.000    37.3008    23.8891    1545.31 0.0000e+00
       8335    28.7123   6.028742    28.5337   -8.32258  -34.74664 104.049954      0.000    37.2989    23.8880    1545.30 0.0000e+00
       8336    28.7089   6.028330    28.5341   -8.32260  -34.74688 104.050023      0.000    37.2987    23.8890    1545.29 0.0000e+00
       8337    28.7089   6.028330    28.5353   -8.32260  -34.74716 104.050093      0.000    37.2987    23.8890    1545.29 0.0000e+00
       8338    28.7106   6.028229    28.5357   -8.32262  -34.74738 104.050162      0.000    37.2967    23.8869    1545.29 0.0000e+00
       8339    28.7123   6.028330    28.5347   -8.32262  -34.74766 104.050231      0.000    37.2960    23.8859    1545.30 0.0000e+00
       8340    28.7129   6.028330    28.5355   -8.32262  -34.74790 104.050301      0.000    37.2956    23.8853    1545.30 0.0000e+00
       8341    28.7135   6.028329    28.5342   -8.32264  -34.74816 104.050370      0.000    37.2951    23.8847    1545.30 0.0000e+00
       8342    28.7146   6.028329    28.5360   -8.32264  -34.74840 104.050440      0.000    37.2942    23.8837    1545.30 0.0000e+00
       8343    28.7129   6.028128    28.5352   -8.32264  -34.74866 104.050509      0.000    37.2942    23.8842    1545.30 0.0000e+00
       8344    28.7135   6.028229    28.5362   -8.32266  -34.74890 104.050579      0.000    37.2944    23.8842    1545.30 0.0000e+00
       8345    28.7129   6.028027    28.5381   -8.32266  -34.74916 104.050648      0.000    37.2934    23.8837    1545.30 0.0000e+00
       8346    28.7129   6.027921    28.5365   -8.32266  -34.74940 104.050718      0.000    37.2927    23.8831    1545.30 0.0000e+00
       8347    28.7129   6.027921    28.5362   -8.32268  -34.74966 104.050787      0.000    37.2927    23.8831    1545.30 0.0000e+00
       8348    28.7141   6.028027    28.5375   -8.32268  -34.74990 104.050856      0.000    37.2925    23.8826    1545.30 0.0000e+00
       8349    28.7146   6.028027    28.5379   -8.32270  -34.75016 104.050926      0.000    37.2921    23.8821    1545.30 0.0000e+00
       8350    28.7152   6.028128    28.5373   -8.32270  -34.75042 104.050995      0.000    37.2923    23.8821    1545.30 0.0000e+00
       8351    28.7163   6.028128    28.5369   -8.32272  -34.75066 104.051065      0.000    37.2915    23.8811    1545.30 0.0000e+00
       8352    28.7158   6.028128    28.5357   -8.32272  -34.75092 104.051134      0.000    37.2919    23.8816    1545.30 0.0000e+00
       8353    28.7158   6.028027    28.5375   -8.32274  -34.75116 104.051204      0.000    37.2912    23.8810    1545.30 0.0000e+00
       8354    28.7141   6.027719    28.5386   -8.32276  -34.75142 104.051273      0.000    37.2904    23.8810    1545.30 0.0000e+00
       8355    28.7135   6.027719    28.5374   -8.32276  -34.75168 104.051343      0.000    37.2908    23.8815    1545.29 0.0000e+00
       8356    28.7146   6.027614    28.5406   -8.32278  -34.75192 104.051412      0.000    37.2892    23.8800    1545.30 0.0000e+00
       8357    28.7163   6.027921    28.5387   -8.32278  -34.75218 104.051481      0.000    37.2900    23.8800    1545.30 0.0000e+00
       8358    28.7180   6.028127    28.5385   -8.32280  -34.75244 104.051551      0.000    37.2901    23.8795    1545.30 0.0000e+00
       8359    28.7175   6.028027    28.5393   -8.32280  -34.75270 104.051620      0.000    37.2898    23.8794    1545.30 0.0000e+00
       8360    28.7169   6.027921    28.5393   -8.32282  -34.75294 104.051690      0.000    37.2896    23.8794    1545.30 0.0000e+00
       8361    28.7152   6.027719    28.5378   -8.32284  -34.75322 104.051759      0.000    37.2895    23.8800    1545.30 0.0000e+00
       8362    28.7152   6.027614    28.5408   -8.32284  -34.75346 104.051829      0.000    37.2888    23.8794    1545.30 0.0000e+00
       8363    28.7163   6.027614    28.5428   -8.32286  -34.75372 104.051898      0.000    37.2879    23.8784    1545.30 0.0000e+00
       8364    28.7163   6.027719    28.5405   -8.32286  -34.75396 104.051968      0.000    37.2886    23.8789    1545.30 0.0000e+00
       8365    28.7169   6.027820    28.5400   -8.32288  -34.75422 104.052037      0.000    37.2889    23.8789    1545.30 0.0000e+00
       8366    28.7180   6.027719    28.5398   -8.32288  -34.75446 104.052106      0.000    37.2873    23.8774    1545.30 0.0000e+00
       8367    28.7152   6.027311    28.5420   -8.32288  -34.75474 104.052176      0.000    37.2866    23.8778    1545.29 0.0000e+00
       8368    28.7158   6.027311    28.5412   -8.32290  -34.75498 104.052245      0.000    37.2862    23.8773    1545.29 0.0000e+00
       8369    28.7180   6.027614    28.5400   -8.32290  -34.75524 104.052315      0.000    37.2866    23.8768    1545.30 0.0000e+00
       8370    28.7209   6.028026    28.5393   -8.32292  -34.75548 104.052384      0.000    37.2872    23.8763    1545.31 0.0000e+00
       8371    28.7203   6.027820    28.5383   -8.32292  -34.75574 104.052454      0.000    37.2862    23.8758    1545.30 0.0000e+00
       8372    28.7180   6.027311    28.5397   -8.32294  -34.75600 104.052523      0.000    37.2844    23.8752    1545.30 0.0000e+00
       8373    28.7180   6.027311    28.5405   -8.32296  -34.75624 104.052593      0.000    37.2844    23.8752    1545.30 0.0000e+00
       8374    28.7175   6.027105    28.5422   -8.32296  -34.75650 104.052662      0.000    37.2834    23.8746    1545.30 0.0000e+00
       8375    28.7175   6.027105    28.5427   -8.32298  -34.75674 104.052731      0.000    37.2834    23.8746    1545.30 0.0000e+00
       8376    28.7180   6.027004    28.5427   -8.32298  -34.75700 104.052801      0.000    37.2823    23.8736    1545.30 0.0000e+00
       8377    28.7192   6.027105    28.5419   -8.32298  -34.75724 104.052870      0.000    37.2820    23.8730    1545.30 0.0000e+00
       8378    28.7197   6.027206    28.5421   -8.32300  -34.75750 104.052940      0.000    37.2824    23.8731    1545.30 0.0000e+00
       8379    28.7192   6.027004    28.5423   -8.32302  -34.75774 104.053009      0.000    37.2813    23.8725    1545.30 0.0000e+00
       8380    28.7192   6.026903    28.5432   -8.32302  -34.75802 104.053079      0.000    37.2806    23.8720    1545.30 0.0000e+00
       8381    28.7180   6.026798    28.5439   -8.32304  -34.75826 104.053148      0.000    37.2808    23.8725    1545.29 0.0000e+00
       8382    28.7192   6.026903    28.5448   -8.32304  -34.75850 104.053218      0.000    37.2806    23.8720    1545.30 0.0000e+00
       8383    28.7209   6.027105    28.5442   -8.32306  -34.75878 104.053287      0.000    37.2807    23.8714    1545.30 0.0000e+00
       8384    28.7215   6.027004    28.5436   -8.32306  -34.75902 104.053356      0.000    37.2795    23.8704    1545.30 0.0000e+00
       8385    28.7197   6.026903    28.5426   -8.32308  -34.75926 104.053426      0.000    37.2802    23.8715    1545.30 0.0000e+00
       8386    28.7192   6.026798    28.5432   -8.32308  -34.75952 104.053495      0.000    37.2799    23.8714    1545.30 0.0000e+00
       8387    28.7215   6.026798    28.5437   -8.32310  -34.75976 104.053565      0.000    37.2781    23.8693    1545.30 0.0000e+00
       8388    28.7220   6.026798    28.5425   -8.32310  -34.76002 104.053634      0.000    37.2777    23.8688    1545.30 0.0000e+00
       8389    28.7209   6.026697    28.5440   -8.32312  -34.76028 104.053704      0.000    37.2779    23.8693    1545.30 0.0000e+00
       8390    28.7197   6.026596    28.5417   -8.32312  -34.76054 104.053773      0.000    37.2781    23.8699    1545.29 0.0000e+00
       8391    28.7197   6.026490    28.5429   -8.32312  -34.76078 104.053843      0.000    37.2774    23.8693    1545.29 0.0000e+00
       8392    28.7192   6.026188    28.5423   -8.32314  -34.76104 104.053912      0.000    37.2756    23.8682    1545.29 0.0000e+00
       8393    28.7186   6.026188    28.5421   -8.32314  -34.76128 104.053981      0.000    37.2761    23.8688    1545.29 0.0000e+00
       8394    28.7203   6.026289    28.5420   -8.32316  -34.76154 104.054051      0.000    37.2755    23.8677    1545.29 0.0000e+00
       8395    28.7197   6.026188    28.5432   -8.32318  -34.76178 104.054120      0.000    37.2752    23.8677    1545.29 0.0000e+00
       8396    28.7186   6.026082    28.5444   -8.32318  -34.76204 104.054190      0.000    37.2754    23.8682    1545.29 0.0000e+00
       8397    28.7192   6.025981    28.5424   -8.32320  -34.76230 104.054259      0.000    37.2742    23.8671    1545.29 0.0000e+00
       8398    28.7192   6.026082    28.5422   -8.32320  -34.76254 104.054329      0.000    37.2749    23.8676    1545.29 0.0000e+00
       8399    28.7192   6.026082    28.5422   -8.32322  -34.76280 104.054398      0.000    37.2749    23.8676    1545.29 0.0000e+00
       8400    28.7209   6.026188    28.5409   -8.32324  -34.76304 104.054468      0.000    37.2743    23.8666    1545.29 0.0000e+00
       8401    28.7220   6.026288    28.5417   -8.32324  -34.76330 104.054537      0.000    37.2741    23.8661    1545.30 0.0000e+00
       8402    28.7215   6.026288    28.5416   -8.32326  -34.76354 104.054606      0.000    37.2745    23.8666    1545.29 0.0000e+00
       8403    28.7203   6.026082    28.5420   -8.32326  -34.76382 104.054676      0.000    37.2740    23.8666    1545.29 0.0000e+00
       8404    28.7192   6.025981    28.5411   -8.32328  -34.76406 104.054745      0.000    37.2742    23.8671    1545.29 0.0000e+00
       8405    28.7175   6.025775    28.5418   -8.32328  -34.76434 104.054815      0.000    37.2741    23.8676    1545.29 0.0000e+00
       8406    28.7180   6.025880    28.5415   -8.32330  -34.76458 104.054884      0.000    37.2744    23.8677    1545.29 0.0000e+00
       8407    28.7186   6.025880    28.5395   -8.32330  -34.76484 104.054954      0.000    37.2740    23.8671    1545.29 0.0000e+00
       8408    28.7209   6.026082    28.5391   -8.32332  -34.76508 104.055023      0.000    37.2736    23.8661    1545.29 0.0000e+00
       8409    28.7186   6.025880    28.5416   -8.32332  -34.76534 104.055093      0.000    37.2740    23.8671    1545.29 0.0000e+00
       8410    28.7175   6.025775    28.5412   -8.32334  -34.76560 104.055162      0.000    37.2741    23.8676    1545.29 0.0000e+00
       8411    28.7180   6.025775    28.5423   -8.32334  -34.76584 104.055231      0.000    37.2737    23.8671    1545.29 0.0000e+00
       8412    28.7169   6.025674    28.5440   -8.32334  -34.76610 104.055301      0.000    37.2738    23.8676    1545.28 0.0000e+00
       8413    28.7169   6.025674    28.5449   -8.32334  -34.76636 104.055370      0.000    37.2738    23.8676    1545.28 0.0000e+00
       8414    28.7169   6.025880    28.5454   -8.32336  -34.76660 104.055440      0.000    37.2753    23.8687    1545.29 0.0000e+00
       8415    28.7220   6.026596    28.5498   -8.32336  -34.76686 104.055509      0.000    37.2763    23.8678    1545.30 0.0000e+00
       8416    28.7243   6.026798    28.5519   -8.32336  -34.76712 104.055579      0.000    37.2759    23.8667    1545.30 0.0000e+00
       8417    28.7243   6.027004    28.5552   -8.32336  -34.76738 104.055648      0.000    37.2773    23.8678    1545.30 0.0000e+00
       8418    28.7278   6.027513    28.5587   -8.32338  -34.76762 104.055718      0.000    37.2781    23.8672    1545.31 0.0000e+00
       8419    28.7301   6.027921    28.5600   -8.32338  -34.76788 104.055787      0.000    37.2792    23.8672    1545.32 0.0000e+00
       8420    28.7352   6.028535    28.5625   -8.32338  -34.76814 104.055856      0.000    37.2795    23.8657    1545.33 0.0000e+00
       8421    28.7381   6.029044    28.5622   -8.32340  -34.76840 104.055926      0.000    37.2808    23.8657    1545.34 0.0000e+00
