data/TSG/05.cnv
* Sea-Bird SBE 21 Data File:
* FileName = E:\ABRACOS2\abra05.hex
* Software Version Seasave V 7.25.0.151
* Temperature SN = 3293
* Conductivity SN = 3293
* System UpLoad Time = Apr 13 2017 11:18:42
* NMEA Latitude = 08 29.76 S
* NMEA Longitude = 034 44.08 W
* NMEA UTC (Time) = Apr 13 2017  11:18:32
** Ship: antea
** Station: 5
** Operator:
# nquan = 12                                
# nvalues = 15180                       
# units = specified
# name 0 = scan: Scan Count
# name 1 = t090C: Temperature [ITS-90, deg C]
# name 2 = c0S/m: Conductivity [S/m]
# name 3 = t3890C: Temperature, SBE 38 [ITS-90, deg C]
# name 4 = latitude: Latitude [deg]
# name 5 = longitude: Longitude [deg]
# name 6 = timeJ: Julian Days
# name 7 = prM: Pressure [db]
# name 8 = sal00: Salinity, Practical [PSU]
# name 9 = sigma-é00: Density [sigma-theta, kg/m^3]
# name 10 = svCM: Sound Velocity [Chen-Millero, m/s]
# name 11 = flag: flag
# span 0 =          1,      15180       
# span 1 =    28.6349,    29.4946       
# span 2 =   5.928215,   6.134187       
# span 3 =    28.4535,    29.2736       
# span 4 =   -8.50276,   -7.77818       
# span 5 =  -34.87868,  -34.29180       
# span 6 = 103.471204, 104.525301       
# span 7 =      0.000,      0.000       
# span 8 =    36.5794,    37.5342       
# span 9 =    23.3385,    23.9917       
# span 10 =    1544.59,    1546.97      
# span 11 = 0.0000e+00, 0.0000e+00      
# interval = seconds: 6
# start_time = Apr 13 2017 11:18:32 [NMEA time, header]
# bad_flag = -9.990e-29
*END*
[from data line 6978]
       6979    28.8617   6.059287    28.6636   -8.32342  -34.67236 103.955787      0.000    37.3949    23.9101    1545.72 0.0000e+00
       6980    28.8594   6.059085    28.6649   -8.32342  -34.67228 103.955856      0.000    37.3953    23.9112    1545.72 0.0000e+00
       6981    28.8599   6.059085    28.6666   -8.32342  -34.67220 103.955926      0.000    37.3949    23.9107    1545.72 0.0000e+00
       6982    28.8605   6.059287    28.6635   -8.32342  -34.67212 103.955995      0.000    37.3959    23.9112    1545.72 0.0000e+00
       6983    28.8617   6.059393    28.6642   -8.32342  -34.67202 103.956065      0.000    37.3957    23.9107    1545.72 0.0000e+00
       6984    28.8617   6.059494    28.6658   -8.32344  -34.67194 103.956134      0.000    37.3964    23.9112    1545.72 0.0000e+00
       6985    28.8582   6.059085    28.6643   -8.32344  -34.67184 103.956204      0.000    37.3963    23.9123    1545.71 0.0000e+00
       6986    28.8519   6.058575    28.6608   -8.32344  -34.67174 103.956273      0.000    37.3977    23.9155    1545.70 0.0000e+00
       6987    28.8554   6.058984    28.6610   -8.32344  -34.67164 103.956343      0.000    37.3978    23.9144    1545.71 0.0000e+00
       6988    28.8571   6.059085    28.6637   -8.32346  -34.67152 103.956412      0.000    37.3971    23.9133    1545.71 0.0000e+00
       6989    28.8571   6.059085    28.6636   -8.32346  -34.67140 103.956481      0.000    37.3971    23.9133    1545.71 0.0000e+00
       6990    28.8571   6.059085    28.6543   -8.32346  -34.67130 103.956551      0.000    37.3971    23.9133    1545.71 0.0000e+00
       6991    28.8559   6.058984    28.6534   -8.32348  -34.67118 103.956620      0.000    37.3974    23.9139    1545.71 0.0000e+00
       6992    28.8548   6.058777    28.6509   -8.32348  -34.67106 103.956690      0.000    37.3968    23.9138    1545.71 0.0000e+00
       6993    28.8485   6.057550    28.6482   -8.32350  -34.67096 103.956759      0.000    37.3932    23.9132    1545.69 0.0000e+00
       6994    28.8388   6.055711    28.6463   -8.32350  -34.67086 103.956829      0.000    37.3880    23.9126    1545.66 0.0000e+00
       6995    28.8342   6.054792    28.6461   -8.32350  -34.67076 103.956898      0.000    37.3852    23.9120    1545.65 0.0000e+00
       6996    28.8365   6.054589    28.6406   -8.32352  -34.67066 103.956968      0.000    37.3819    23.9088    1545.65 0.0000e+00
       6997    28.8359   6.054180    28.6402   -8.32352  -34.67056 103.957037      0.000    37.3796    23.9072    1545.65 0.0000e+00
       6998    28.8331   6.053670    28.6411   -8.32352  -34.67044 103.957106      0.000    37.3782    23.9071    1545.64 0.0000e+00
       6999    28.8371   6.053771    28.6393   -8.32354  -34.67034 103.957176      0.000    37.3758    23.9040    1545.65 0.0000e+00
       7000    28.8376   6.053670    28.6331   -8.32354  -34.67022 103.957245      0.000    37.3747    23.9030    1545.65 0.0000e+00
       7001    28.8382   6.053362    28.6099   -8.32354  -34.67010 103.957315      0.000    37.3720    23.9008    1545.65 0.0000e+00
       7002    28.8331   6.052645    28.6026   -8.32356  -34.66998 103.957384      0.000    37.3710    23.9018    1545.63 0.0000e+00
       7003    28.8273   6.051625    28.6027   -8.32358  -34.66986 103.957454      0.000    37.3685    23.9018    1545.62 0.0000e+00
       7004    28.8205   6.049787    28.6003   -8.32358  -34.66974 103.957523      0.000    37.3610    23.8984    1545.60 0.0000e+00
       7005    28.8073   6.046209    28.5991   -8.32358  -34.66964 103.957593      0.000    37.3464    23.8919    1545.55 0.0000e+00
       7006    28.7947   6.043247    28.5938   -8.32360  -34.66952 103.957662      0.000    37.3356    23.8880    1545.52 0.0000e+00
       7007    28.7884   6.042021    28.5919   -8.32360  -34.66940 103.957731      0.000    37.3320    23.8874    1545.50 0.0000e+00
       7008    28.7902   6.041512    28.5941   -8.32362  -34.66930 103.957801      0.000    37.3270    23.8830    1545.50 0.0000e+00
       7009    28.7896   6.040694    28.5950   -8.32362  -34.66918 103.957870      0.000    37.3217    23.8793    1545.49 0.0000e+00
       7010    28.7861   6.039469    28.5919   -8.32364  -34.66908 103.957940      0.000    37.3159    23.8761    1545.48 0.0000e+00
       7011    28.7828   6.038652    28.5923   -8.32364  -34.66896 103.958009      0.000    37.3128    23.8749    1545.47 0.0000e+00
       7012    28.7816   6.038344    28.5943   -8.32366  -34.66886 103.958079      0.000    37.3116    23.8743    1545.46 0.0000e+00
       7013    28.7822   6.037936    28.5974   -8.32366  -34.66876 103.958148      0.000    37.3083    23.8716    1545.46 0.0000e+00
       7014    28.7816   6.037835    28.5972   -8.32368  -34.66864 103.958218      0.000    37.3081    23.8717    1545.46 0.0000e+00
       7015    28.7850   6.038138    28.5966   -8.32368  -34.66854 103.958287      0.000    37.3075    23.8701    1545.47 0.0000e+00
       7016    28.7890   6.038752    28.5941   -8.32370  -34.66844 103.958356      0.000    37.3086    23.8696    1545.47 0.0000e+00
       7017    28.7919   6.039060    28.5928   -8.32370  -34.66832 103.958426      0.000    37.3085    23.8686    1545.48 0.0000e+00
       7018    28.7902   6.038651    28.5889   -8.32372  -34.66822 103.958495      0.000    37.3070    23.8680    1545.48 0.0000e+00
       7019    28.7907   6.038445    28.5904   -8.32372  -34.66810 103.958565      0.000    37.3052    23.8665    1545.47 0.0000e+00
       7020    28.7879   6.037729    28.5917   -8.32374  -34.66800 103.958634      0.000    37.3024    23.8653    1545.47 0.0000e+00
       7021    28.7839   6.036605    28.5918   -8.32374  -34.66790 103.958704      0.000    37.2977    23.8631    1545.45 0.0000e+00
       7022    28.7764   6.035072    28.5908   -8.32376  -34.66780 103.958773      0.000    37.2928    23.8620    1545.43 0.0000e+00
       7023    28.7741   6.034664    28.5940   -8.32376  -34.66770 103.958843      0.000    37.2918    23.8620    1545.43 0.0000e+00
       7024    28.7759   6.034664    28.5974   -8.32378  -34.66760 103.958912      0.000    37.2904    23.8603    1545.43 0.0000e+00
       7025    28.7782   6.034870    28.5967   -8.32378  -34.66750 103.958981      0.000    37.2900    23.8592    1545.43 0.0000e+00
       7026    28.7833   6.035379    28.5980   -8.32380  -34.66740 103.959051      0.000    37.2896    23.8572    1545.44 0.0000e+00
       7027    28.7839   6.035379    28.5956   -8.32380  -34.66732 103.959120      0.000    37.2891    23.8566    1545.44 0.0000e+00
       7028    28.7856   6.035586    28.5964   -8.32382  -34.66724 103.959190      0.000    37.2892    23.8562    1545.45 0.0000e+00
       7029    28.7942   6.036503    28.5965   -8.32382  -34.66714 103.959259      0.000    37.2889    23.8530    1545.47 0.0000e+00
       7030    28.8033   6.037421    28.5965   -8.32384  -34.66704 103.959329      0.000    37.2881    23.8494    1545.48 0.0000e+00
       7031    28.8022   6.037421    28.5959   -8.32384  -34.66694 103.959398      0.000    37.2890    23.8504    1545.48 0.0000e+00
       7032    28.7947   6.036503    28.5983   -8.32386  -34.66684 103.959468      0.000    37.2885    23.8525    1545.47 0.0000e+00
       7033    28.7919   6.036196    28.5990   -8.32386  -34.66674 103.959537      0.000    37.2885    23.8535    1545.46 0.0000e+00
       7034    28.7942   6.036301    28.5992   -8.32388  -34.66662 103.959606      0.000    37.2874    23.8519    1545.46 0.0000e+00
       7035    28.7947   6.036095    28.6003   -8.32390  -34.66652 103.959676      0.000    37.2856    23.8504    1545.46 0.0000e+00
       7036    28.7936   6.035893    28.6010   -8.32390  -34.66640 103.959745      0.000    37.2851    23.8504    1545.46 0.0000e+00
       7037    28.7919   6.035788    28.5999   -8.32392  -34.66628 103.959815      0.000    37.2857    23.8514    1545.46 0.0000e+00
       7038    28.7919   6.035788    28.6001   -8.32392  -34.66618 103.959884      0.000    37.2857    23.8514    1545.46 0.0000e+00
       7039    28.7919   6.035687    28.5995   -8.32394  -34.66606 103.959954      0.000    37.2850    23.8509    1545.46 0.0000e+00
       7040    28.7907   6.035687    28.6016   -8.32396  -34.66596 103.960023      0.000    37.2859    23.8520    1545.45 0.0000e+00
       7041    28.7902   6.035480    28.6047   -8.32396  -34.66586 103.960093      0.000    37.2848    23.8513    1545.45 0.0000e+00
       7042    28.7890   6.035177    28.6056   -8.32398  -34.66574 103.960162      0.000    37.2837    23.8509    1545.45 0.0000e+00
       7043    28.7902   6.035177    28.6058   -8.32400  -34.66562 103.960231      0.000    37.2827    23.8497    1545.45 0.0000e+00
       7044    28.7913   6.035278    28.6043   -8.32400  -34.66552 103.960301      0.000    37.2826    23.8493    1545.45 0.0000e+00
       7045    28.7919   6.035379    28.5978   -8.32402  -34.66540 103.960370      0.000    37.2828    23.8492    1545.45 0.0000e+00
       7046    28.7936   6.035788    28.5924   -8.32402  -34.66530 103.960440      0.000    37.2843    23.8498    1545.46 0.0000e+00
       7047    28.7936   6.035788    28.5889   -8.32404  -34.66520 103.960509      0.000    37.2843    23.8498    1545.46 0.0000e+00
       7048    28.7919   6.035480    28.5884   -8.32406  -34.66510 103.960579      0.000    37.2835    23.8498    1545.45 0.0000e+00
       7049    28.7925   6.035379    28.5873   -8.32406  -34.66500 103.960648      0.000    37.2823    23.8487    1545.45 0.0000e+00
       7050    28.7947   6.035072    28.5888   -8.32408  -34.66490 103.960718      0.000    37.2785    23.8450    1545.46 0.0000e+00
       7051    28.7907   6.034053    28.5889   -8.32408  -34.66480 103.960787      0.000    37.2745    23.8434    1545.44 0.0000e+00
       7052    28.7890   6.033645    28.5874   -8.32410  -34.66470 103.960856      0.000    37.2730    23.8428    1545.44 0.0000e+00
       7053    28.7896   6.033438    28.5886   -8.32412  -34.66460 103.960926      0.000    37.2711    23.8412    1545.44 0.0000e+00
       7054    28.7845   6.032723    28.5885   -8.32412  -34.66450 103.960995      0.000    37.2701    23.8421    1545.42 0.0000e+00
       7055    28.7822   6.032521    28.5905   -8.32414  -34.66440 103.961065      0.000    37.2705    23.8432    1545.42 0.0000e+00
       7056    28.7828   6.032521    28.5911   -8.32416  -34.66430 103.961134      0.000    37.2700    23.8426    1545.42 0.0000e+00
       7057    28.7845   6.032828    28.5903   -8.32416  -34.66420 103.961204      0.000    37.2708    23.8427    1545.43 0.0000e+00
       7058    28.7856   6.032929    28.5910   -8.32416  -34.66410 103.961273      0.000    37.2706    23.8422    1545.43 0.0000e+00
       7059    28.7850   6.032828    28.5918   -8.32418  -34.66398 103.961343      0.000    37.2704    23.8422    1545.43 0.0000e+00
       7060    28.7828   6.032723    28.5953   -8.32420  -34.66388 103.961412      0.000    37.2714    23.8437    1545.42 0.0000e+00
       7061    28.7833   6.032723    28.5980   -8.32420  -34.66380 103.961481      0.000    37.2710    23.8432    1545.42 0.0000e+00
       7062    28.7861   6.033236    28.5989   -8.32422  -34.66368 103.961551      0.000    37.2724    23.8433    1545.43 0.0000e+00
       7063    28.7890   6.033645    28.6003   -8.32422  -34.66358 103.961620      0.000    37.2730    23.8428    1545.44 0.0000e+00
       7064    28.7930   6.034255    28.6014   -8.32424  -34.66348 103.961690      0.000    37.2741    23.8423    1545.45 0.0000e+00
       7065    28.7965   6.034769    28.6020   -8.32424  -34.66338 103.961759      0.000    37.2749    23.8418    1545.46 0.0000e+00
       7066    28.7988   6.035177    28.6047   -8.32426  -34.66330 103.961829      0.000    37.2760    23.8418    1545.46 0.0000e+00
       7067    28.8011   6.035480    28.6061   -8.32428  -34.66320 103.961898      0.000    37.2763    23.8412    1545.47 0.0000e+00
       7068    28.7970   6.035278    28.6060   -8.32428  -34.66308 103.961968      0.000    37.2781    23.8440    1545.46 0.0000e+00
       7069    28.7942   6.035177    28.6047   -8.32430  -34.66298 103.962037      0.000    37.2796    23.8460    1545.46 0.0000e+00
       7070    28.7947   6.035585    28.6045   -8.32430  -34.66288 103.962106      0.000    37.2821    23.8477    1545.46 0.0000e+00
       7071    28.7988   6.036095    28.6039   -8.32432  -34.66278 103.962176      0.000    37.2824    23.8466    1545.47 0.0000e+00
       7072    28.7942   6.035994    28.6057   -8.32434  -34.66268 103.962245      0.000    37.2853    23.8503    1545.46 0.0000e+00
       7073    28.7947   6.036301    28.6015   -8.32434  -34.66258 103.962315      0.000    37.2871    23.8515    1545.46 0.0000e+00
       7074    28.7988   6.036811    28.6023   -8.32436  -34.66248 103.962384      0.000    37.2874    23.8504    1545.47 0.0000e+00
       7075    28.7970   6.036710    28.6037   -8.32438  -34.66238 103.962454      0.000    37.2881    23.8515    1545.47 0.0000e+00
       7076    28.8005   6.037118    28.6001   -8.32438  -34.66228 103.962523      0.000    37.2882    23.8504    1545.48 0.0000e+00
       7077    28.8022   6.037320    28.6004   -8.32440  -34.66220 103.962593      0.000    37.2883    23.8499    1545.48 0.0000e+00
       7078    28.7999   6.037219    28.6033   -8.32440  -34.66210 103.962662      0.000    37.2894    23.8515    1545.48 0.0000e+00
       7079    28.8005   6.037320    28.6045   -8.32442  -34.66200 103.962731      0.000    37.2896    23.8515    1545.48 0.0000e+00
       7080    28.8005   6.037320    28.6036   -8.32442  -34.66190 103.962801      0.000    37.2896    23.8515    1545.48 0.0000e+00
       7081    28.7976   6.037118    28.6010   -8.32444  -34.66180 103.962870      0.000    37.2905    23.8531    1545.47 0.0000e+00
       7082    28.7988   6.037118    28.5994   -8.32446  -34.66170 103.962940      0.000    37.2895    23.8520    1545.48 0.0000e+00
       7083    28.7982   6.037013    28.5977   -8.32446  -34.66160 103.963009      0.000    37.2893    23.8520    1545.47 0.0000e+00
       7084    28.7982   6.036710    28.5977   -8.32448  -34.66152 103.963079      0.000    37.2872    23.8504    1545.47 0.0000e+00
       7085    28.7936   6.036095    28.5940   -8.32448  -34.66146 103.963148      0.000    37.2865    23.8514    1545.46 0.0000e+00
       7086    28.7982   6.036402    28.5951   -8.32450  -34.66138 103.963218      0.000    37.2850    23.8488    1545.47 0.0000e+00
       7087    28.7993   6.036402    28.5965   -8.32450  -34.66132 103.963287      0.000    37.2841    23.8478    1545.47 0.0000e+00
       7088    28.7993   6.036196    28.5953   -8.32450  -34.66124 103.963356      0.000    37.2827    23.8467    1545.47 0.0000e+00
       7089    28.8033   6.036710    28.5903   -8.32452  -34.66118 103.963426      0.000    37.2832    23.8457    1545.48 0.0000e+00
       7090    28.8028   6.036301    28.5878   -8.32452  -34.66112 103.963495      0.000    37.2807    23.8440    1545.48 0.0000e+00
       7091    28.8005   6.035893    28.5906   -8.32452  -34.66106 103.963565      0.000    37.2797    23.8440    1545.47 0.0000e+00
       7092    28.7976   6.035379    28.5930   -8.32452  -34.66100 103.963634      0.000    37.2783    23.8440    1545.46 0.0000e+00
       7093    28.7953   6.035072    28.5953   -8.32454  -34.66094 103.963704      0.000    37.2780    23.8445    1545.46 0.0000e+00
       7094    28.7993   6.035379    28.5945   -8.32454  -34.66088 103.963773      0.000    37.2770    23.8424    1545.46 0.0000e+00
       7095    28.8033   6.035278    28.5937   -8.32454  -34.66082 103.963843      0.000    37.2732    23.8382    1545.47 0.0000e+00
       7096    28.8011   6.034970    28.5914   -8.32456  -34.66076 103.963912      0.000    37.2727    23.8386    1545.46 0.0000e+00
       7097    28.8016   6.034970    28.5940   -8.32456  -34.66070 103.963981      0.000    37.2723    23.8381    1545.46 0.0000e+00
