data/TSG/05.cnv
* Sea-Bird SBE 21 Data File:
* FileName = E:\ABRACOS2\abra05.hex
* Software Version Seasave V 7.25.0.151
* Temperature SN = 3293
* Conductivity SN = 3293
* System UpLoad Time = Apr 13 2017 11:18:42
* NMEA Latitude = 08 29.76 S
* NMEA Longitude = 034 44.08 W
* NMEA UTC (Time) = Apr 13 2017  11:18:32
** Ship: antea
** Station: 5
** Operator:
# nquan = 12                                
# nvalues = 15180                       
# units = specified
# name 0 = scan: Scan Count
# name 1 = t090C: Temperature [ITS-90, deg C]
# name 2 = c0S/m: Conductivity [S/m]
# name 3 = t3890C: Temperature, SBE 38 [ITS-90, deg C]
# name 4 = latitude: Latitude [deg]
# name 5 = longitude: Longitude [deg]
# name 6 = timeJ: Julian Days
# name 7 = prM: Pressure [db]
# name 8 = sal00: Salinity, Practical [PSU]
# name 9 = sigma-é00: Density [sigma-theta, kg/m^3]
# name 10 = svCM: Sound Velocity [Chen-Millero, m/s]
# name 11 = flag: flag
# span 0 =          1,      15180       
# span 1 =    28.6349,    29.4946       
# span 2 =   5.928215,   6.134187       
# span 3 =    28.4535,    29.2736       
# span 4 =   -8.50276,   -7.77818       
# span 5 =  -34.87868,  -34.29180       
# span 6 = 103.471204, 104.525301       
# span 7 =      0.000,      0.000       
# span 8 =    36.5794,    37.5342       
# span 9 =    23.3385,    23.9917       
# span 10 =    1544.59,    1546.97      
# span 11 = 0.0000e+00, 0.0000e+00      
# interval = seconds: 6
# start_time = Apr 13 2017 11:18:32 [NMEA time, header]
# bad_flag = -9.990e-29
*END*
[from data line 10707]
      10708    28.7352   6.005241    28.5577   -8.14242  -34.56962 104.214745      0.000    37.1167    23.7433    1545.16 0.0000e+00
      10709    28.7381   6.006056    28.5582   -8.14242  -34.56940 104.214815      0.000    37.1201    23.7449    1545.17 0.0000e+00
      10710    28.7398   6.006362    28.5513   -8.14242  -34.56916 104.214884      0.000    37.1209    23.7449    1545.17 0.0000e+00
      10711    28.7427   6.006976    28.5500   -8.14242  -34.56892 104.214954      0.000    37.1229    23.7455    1545.18 0.0000e+00
      10712    28.7415   6.007081    28.5538   -8.14242  -34.56870 104.215023      0.000    37.1246    23.7471    1545.18 0.0000e+00
      10713    28.7370   6.006161    28.5588   -8.14242  -34.56846 104.215093      0.000    37.1217    23.7464    1545.17 0.0000e+00
      10714    28.7341   6.005955    28.5609   -8.14242  -34.56822 104.215162      0.000    37.1225    23.7480    1545.16 0.0000e+00
      10715    28.7370   6.006875    28.5634   -8.14242  -34.56800 104.215231      0.000    37.1267    23.7502    1545.17 0.0000e+00
      10716    28.7398   6.008102    28.5606   -8.14242  -34.56776 104.215301      0.000    37.1331    23.7541    1545.18 0.0000e+00
      10717    28.7404   6.008510    28.5620   -8.14242  -34.56754 104.215370      0.000    37.1354    23.7557    1545.19 0.0000e+00
      10718    28.7410   6.008917    28.5621   -8.14242  -34.56730 104.215440      0.000    37.1378    23.7572    1545.19 0.0000e+00
      10719    28.7410   6.009123    28.5588   -8.14242  -34.56706 104.215509      0.000    37.1393    23.7583    1545.19 0.0000e+00
      10720    28.7444   6.009631    28.5543   -8.14242  -34.56684 104.215579      0.000    37.1401    23.7579    1545.20 0.0000e+00
      10721    28.7461   6.009938    28.5551   -8.14242  -34.56660 104.215648      0.000    37.1410    23.7579    1545.21 0.0000e+00
      10722    28.7438   6.009430    28.5428   -8.14240  -34.56638 104.215718      0.000    37.1392    23.7573    1545.20 0.0000e+00
      10723    28.7427   6.009123    28.5355   -8.14242  -34.56614 104.215787      0.000    37.1379    23.7568    1545.20 0.0000e+00
      10724    28.7381   6.008304    28.5332   -8.14240  -34.56592 104.215856      0.000    37.1358    23.7567    1545.18 0.0000e+00
      10725    28.7284   6.004527    28.5306   -8.14240  -34.56568 104.215926      0.000    37.1170    23.7458    1545.14 0.0000e+00
      10726    28.7192   6.002074    28.5308   -8.14240  -34.56546 104.215995      0.000    37.1070    23.7414    1545.11 0.0000e+00
      10727    28.7146   6.001255    28.5287   -8.14240  -34.56522 104.216065      0.000    37.1049    23.7413    1545.10 0.0000e+00
      10728    28.7123   6.001154    28.5337   -8.14240  -34.56500 104.216134      0.000    37.1060    23.7429    1545.10 0.0000e+00
      10729    28.7112   6.000747    28.5369   -8.14240  -34.56476 104.216204      0.000    37.1040    23.7418    1545.09 0.0000e+00
      10730    28.7123   6.000235    28.5461   -8.14240  -34.56454 104.216273      0.000    37.0996    23.7381    1545.09 0.0000e+00
      10731    28.7146   6.000642    28.5483   -8.14240  -34.56430 104.216343      0.000    37.1006    23.7381    1545.10 0.0000e+00
      10732    28.7203   6.002587    28.5469   -8.14240  -34.56406 104.216412      0.000    37.1098    23.7431    1545.12 0.0000e+00
      10733    28.7255   6.004321    28.5396   -8.14240  -34.56384 104.216481      0.000    37.1178    23.7474    1545.14 0.0000e+00
      10734    28.7306   6.005140    28.5401   -8.14240  -34.56362 104.216551      0.000    37.1196    23.7470    1545.15 0.0000e+00
      10735    28.7266   6.003401    28.5419   -8.14240  -34.56338 104.216620      0.000    37.1105    23.7415    1545.13 0.0000e+00
      10736    28.7180   6.000747    28.5421   -8.14238  -34.56316 104.216690      0.000    37.0987    23.7355    1545.10 0.0000e+00
      10737    28.7158   5.999928    28.5411   -8.14238  -34.56292 104.216759      0.000    37.0947    23.7332    1545.09 0.0000e+00
      10738    28.7203   6.000948    28.5413   -8.14238  -34.56270 104.216829      0.000    37.0983    23.7345    1545.11 0.0000e+00
      10739    28.7215   6.001255    28.5409   -8.14238  -34.56246 104.216898      0.000    37.0995    23.7350    1545.11 0.0000e+00
      10740    28.7215   6.001255    28.5431   -8.14238  -34.56224 104.216968      0.000    37.0995    23.7350    1545.11 0.0000e+00
      10741    28.7215   6.001054    28.5427   -8.14238  -34.56200 104.217037      0.000    37.0981    23.7339    1545.11 0.0000e+00
      10742    28.7226   6.000948    28.5428   -8.14238  -34.56178 104.217106      0.000    37.0965    23.7323    1545.11 0.0000e+00
      10743    28.7220   6.000747    28.5428   -8.14238  -34.56154 104.217176      0.000    37.0956    23.7318    1545.11 0.0000e+00
      10744    28.7261   6.001360    28.5418   -8.14238  -34.56132 104.217245      0.000    37.0967    23.7313    1545.12 0.0000e+00
      10745    28.7312   6.001767    28.5407   -8.14238  -34.56110 104.217315      0.000    37.0955    23.7287    1545.13 0.0000e+00
      10746    28.7318   6.001973    28.5463   -8.14238  -34.56086 104.217384      0.000    37.0965    23.7292    1545.13 0.0000e+00
      10747    28.7324   6.002175    28.5475   -8.14238  -34.56064 104.217454      0.000    37.0974    23.7297    1545.13 0.0000e+00
      10748    28.7335   6.001868    28.5518   -8.14238  -34.56042 104.217523      0.000    37.0944    23.7271    1545.13 0.0000e+00
      10749    28.7318   6.001973    28.5496   -8.14238  -34.56018 104.217593      0.000    37.0965    23.7292    1545.13 0.0000e+00
      10750    28.7318   6.001868    28.5560   -8.14238  -34.55996 104.217662      0.000    37.0958    23.7287    1545.13 0.0000e+00
      10751    28.7352   6.003502    28.5561   -8.14238  -34.55974 104.217731      0.000    37.1045    23.7341    1545.15 0.0000e+00
      10752    28.7415   6.004833    28.5530   -8.14238  -34.55950 104.217801      0.000    37.1089    23.7353    1545.16 0.0000e+00
      10753    28.7455   6.006976    28.5557   -8.14236  -34.55926 104.217870      0.000    37.1207    23.7429    1545.18 0.0000e+00
      10754    28.7415   6.006056    28.5573   -8.14236  -34.55902 104.217940      0.000    37.1174    23.7417    1545.17 0.0000e+00
      10755    28.7387   6.005854    28.5564   -8.14236  -34.55880 104.218009      0.000    37.1182    23.7433    1545.17 0.0000e+00
      10756    28.7370   6.005754    28.5588   -8.14236  -34.55856 104.218079      0.000    37.1188    23.7443    1545.16 0.0000e+00
      10757    28.7335   6.004934    28.5558   -8.14236  -34.55832 104.218148      0.000    37.1158    23.7432    1545.15 0.0000e+00
      10758    28.7347   6.005648    28.5557   -8.14236  -34.55810 104.218218      0.000    37.1199    23.7459    1545.16 0.0000e+00
      10759    28.7375   6.006568    28.5570   -8.14236  -34.55788 104.218287      0.000    37.1241    23.7481    1545.17 0.0000e+00
      10760    28.7381   6.006363    28.5580   -8.14236  -34.55766 104.218356      0.000    37.1222    23.7465    1545.17 0.0000e+00
      10761    28.7393   6.006056    28.5553   -8.14234  -34.55742 104.218426      0.000    37.1192    23.7438    1545.17 0.0000e+00
      10762    28.7393   6.005753    28.5547   -8.14236  -34.55720 104.218495      0.000    37.1170    23.7422    1545.17 0.0000e+00
      10763    28.7387   6.005548    28.5566   -8.14234  -34.55696 104.218565      0.000    37.1161    23.7417    1545.16 0.0000e+00
      10764    28.7381   6.005342    28.5502   -8.14236  -34.55674 104.218634      0.000    37.1151    23.7411    1545.16 0.0000e+00
      10765    28.7358   6.004728    28.5525   -8.14234  -34.55652 104.218704      0.000    37.1126    23.7400    1545.15 0.0000e+00
      10766    28.7335   6.004014    28.5479   -8.14236  -34.55628 104.218773      0.000    37.1094    23.7384    1545.15 0.0000e+00
      10767    28.7301   6.003300    28.5424   -8.14234  -34.55606 104.218843      0.000    37.1071    23.7378    1545.14 0.0000e+00
      10768    28.7295   6.002893    28.5444   -8.14234  -34.55584 104.218912      0.000    37.1047    23.7362    1545.13 0.0000e+00
      10769    28.7284   6.002175    28.5444   -8.14234  -34.55562 104.218981      0.000    37.1006    23.7334    1545.13 0.0000e+00
      10770    28.7278   6.001360    28.5451   -8.14234  -34.55538 104.219051      0.000    37.0953    23.7297    1545.12 0.0000e+00
      10771    28.7266   6.000747    28.5410   -8.14234  -34.55514 104.219120      0.000    37.0920    23.7276    1545.11 0.0000e+00
      10772    28.7261   6.000234    28.5442   -8.14234  -34.55492 104.219190      0.000    37.0888    23.7254    1545.11 0.0000e+00
      10773    28.7249   5.999827    28.5434   -8.14234  -34.55470 104.219259      0.000    37.0869    23.7243    1545.10 0.0000e+00
      10774    28.7220   5.999008    28.5431   -8.14234  -34.55448 104.219329      0.000    37.0834    23.7227    1545.09 0.0000e+00
      10775    28.7232   5.998908    28.5487   -8.14232  -34.55424 104.219398      0.000    37.0818    23.7211    1545.10 0.0000e+00
      10776    28.7226   5.998803    28.5452   -8.14232  -34.55402 104.219468      0.000    37.0815    23.7211    1545.09 0.0000e+00
      10777    28.7220   5.998496    28.5446   -8.14232  -34.55380 104.219537      0.000    37.0798    23.7200    1545.09 0.0000e+00
      10778    28.7220   5.998803    28.5473   -8.14232  -34.55356 104.219606      0.000    37.0820    23.7216    1545.09 0.0000e+00
      10779    28.7215   5.998702    28.5486   -8.14232  -34.55334 104.219676      0.000    37.0817    23.7215    1545.09 0.0000e+00
      10780    28.7226   5.999315    28.5505   -8.14234  -34.55310 104.219745      0.000    37.0851    23.7238    1545.10 0.0000e+00
      10781    28.7272   6.000234    28.5510   -8.14232  -34.55288 104.219815      0.000    37.0879    23.7243    1545.11 0.0000e+00
      10782    28.7306   6.000747    28.5479   -8.14232  -34.55264 104.219884      0.000    37.0889    23.7239    1545.12 0.0000e+00
      10783    28.7347   6.001360    28.5517   -8.14232  -34.55242 104.219954      0.000    37.0899    23.7233    1545.13 0.0000e+00
      10784    28.7329   6.000847    28.5512   -8.14232  -34.55218 104.220023      0.000    37.0878    23.7223    1545.12 0.0000e+00
      10785    28.7284   6.000029    28.5531   -8.14232  -34.55196 104.220093      0.000    37.0856    23.7222    1545.11 0.0000e+00
      10786    28.7284   6.000335    28.5520   -8.14232  -34.55172 104.220162      0.000    37.0877    23.7238    1545.11 0.0000e+00
      10787    28.7318   6.001154    28.5545   -8.14232  -34.55148 104.220231      0.000    37.0908    23.7249    1545.12 0.0000e+00
      10788    28.7347   6.001561    28.5597   -8.14232  -34.55126 104.220301      0.000    37.0913    23.7244    1545.13 0.0000e+00
      10789    28.7347   6.001767    28.5598   -8.14232  -34.55102 104.220370      0.000    37.0928    23.7255    1545.13 0.0000e+00
      10790    28.7375   6.002994    28.5628   -8.14232  -34.55078 104.220440      0.000    37.0992    23.7293    1545.14 0.0000e+00
      10791    28.7427   6.004220    28.5663   -8.14232  -34.55056 104.220509      0.000    37.1037    23.7310    1545.16 0.0000e+00
      10792    28.7455   6.004833    28.5708   -8.14232  -34.55032 104.220579      0.000    37.1058    23.7316    1545.17 0.0000e+00
      10793    28.7444   6.005342    28.5714   -8.14232  -34.55010 104.220648      0.000    37.1102    23.7353    1545.17 0.0000e+00
      10794    28.7467   6.006262    28.5751   -8.14232  -34.54986 104.220718      0.000    37.1148    23.7380    1545.18 0.0000e+00
      10795    28.7558   6.007997    28.5751   -8.14232  -34.54962 104.220787      0.000    37.1198    23.7387    1545.21 0.0000e+00
      10796    28.7633   6.009224    28.5736   -8.14232  -34.54940 104.220856      0.000    37.1225    23.7383    1545.22 0.0000e+00
      10797    28.7639   6.010043    28.5661   -8.14234  -34.54916 104.220926      0.000    37.1278    23.7420    1545.23 0.0000e+00
      10798    28.7604   6.009938    28.5661   -8.14234  -34.54894 104.220995      0.000    37.1298    23.7447    1545.23 0.0000e+00
      10799    28.7547   6.008203    28.5655   -8.14234  -34.54870 104.221065      0.000    37.1221    23.7408    1545.21 0.0000e+00
      10800    28.7484   6.006568    28.5589   -8.14234  -34.54848 104.221134      0.000    37.1156    23.7381    1545.19 0.0000e+00
      10801    28.7472   6.006161    28.5634   -8.14234  -34.54826 104.221204      0.000    37.1137    23.7370    1545.18 0.0000e+00
      10802    28.7427   6.004934    28.5653   -8.14236  -34.54802 104.221273      0.000    37.1087    23.7347    1545.17 0.0000e+00
      10803    28.7398   6.004115    28.5624   -8.14234  -34.54778 104.221343      0.000    37.1052    23.7331    1545.16 0.0000e+00
      10804    28.7415   6.004321    28.5599   -8.14236  -34.54756 104.221412      0.000    37.1053    23.7326    1545.16 0.0000e+00
      10805    28.7421   6.004321    28.5553   -8.14236  -34.54732 104.221481      0.000    37.1048    23.7321    1545.16 0.0000e+00
      10806    28.7398   6.003199    28.5583   -8.14236  -34.54710 104.221551      0.000    37.0988    23.7283    1545.15 0.0000e+00
      10807    28.7375   6.001973    28.5539   -8.14236  -34.54686 104.221620      0.000    37.0920    23.7240    1545.14 0.0000e+00
      10808    28.7352   6.001461    28.5534   -8.14236  -34.54664 104.221690      0.000    37.0903    23.7234    1545.13 0.0000e+00
      10809    28.7364   6.001868    28.5532   -8.14236  -34.54642 104.221759      0.000    37.0922    23.7244    1545.13 0.0000e+00
      10810    28.7375   6.001561    28.5493   -8.14236  -34.54618 104.221829      0.000    37.0892    23.7218    1545.13 0.0000e+00
      10811    28.7381   6.001255    28.5511   -8.14236  -34.54596 104.221898      0.000    37.0865    23.7197    1545.13 0.0000e+00
      10812    28.7352   6.000440    28.5480   -8.14236  -34.54574 104.221968      0.000    37.0831    23.7180    1545.12 0.0000e+00
      10813    28.7312   5.999008    28.5480   -8.14236  -34.54552 104.222037      0.000    37.0762    23.7142    1545.11 0.0000e+00
      10814    28.7312   5.998395    28.5484   -8.14236  -34.54528 104.222106      0.000    37.0720    23.7110    1545.10 0.0000e+00
      10815    28.7324   5.997988    28.5477   -8.14236  -34.54506 104.222176      0.000    37.0682    23.7077    1545.10 0.0000e+00
      10816    28.7289   5.996863    28.5466   -8.14236  -34.54484 104.222245      0.000    37.0630    23.7051    1545.09 0.0000e+00
      10817    28.7289   5.996657    28.5453   -8.14236  -34.54462 104.222315      0.000    37.0616    23.7040    1545.09 0.0000e+00
      10818    28.7306   5.996556    28.5427   -8.14238  -34.54438 104.222384      0.000    37.0596    23.7019    1545.09 0.0000e+00
      10819    28.7306   5.996044    28.5426   -8.14238  -34.54416 104.222454      0.000    37.0560    23.6992    1545.08 0.0000e+00
      10820    28.7295   5.995637    28.5420   -8.14238  -34.54394 104.222523      0.000    37.0540    23.6981    1545.08 0.0000e+00
      10821    28.7295   5.995330    28.5426   -8.14238  -34.54370 104.222593      0.000    37.0519    23.6965    1545.08 0.0000e+00
      10822    28.7272   5.995024    28.5410   -8.14238  -34.54348 104.222662      0.000    37.0515    23.6970    1545.07 0.0000e+00
      10823    28.7295   5.995230    28.5481   -8.14238  -34.54324 104.222731      0.000    37.0512    23.6959    1545.08 0.0000e+00
      10824    28.7278   5.995331    28.5494   -8.14238  -34.54302 104.222801      0.000    37.0532    23.6980    1545.08 0.0000e+00
      10825    28.7278   5.995943    28.5514   -8.14240  -34.54278 104.222870      0.000    37.0575    23.7012    1545.08 0.0000e+00
      10826    28.7295   5.996863    28.5543   -8.14240  -34.54256 104.222940      0.000    37.0626    23.7045    1545.09 0.0000e+00
      10827    28.7306   5.997576    28.5583   -8.14240  -34.54232 104.223009      0.000    37.0667    23.7072    1545.10 0.0000e+00
