data/TSG/05.cnv
* Sea-Bird SBE 21 Data File:
* FileName = E:\ABRACOS2\abra05.hex
* Software Version Seasave V 7.25.0.151
* Temperature SN = 3293
* Conductivity SN = 3293
* System UpLoad Time = Apr 13 2017 11:18:42
* NMEA Latitude = 08 29.76 S
* NMEA Longitude = 034 44.08 W
* NMEA UTC (Time) = Apr 13 2017  11:18:32
** Ship: antea
** Station: 5
** Operator:
# nquan = 12                                
# nvalues = 15180                       
# units = specified
# name 0 = scan: Scan Count
# name 1 = t090C: Temperature [ITS-90, deg C]
# name 2 = c0S/m: Conductivity [S/m]
# name 3 = t3890C: Temperature, SBE 38 [ITS-90, deg C]
# name 4 = latitude: Latitude [deg]
# name 5 = longitude: Longitude [deg]
# name 6 = timeJ: Julian Days
# name 7 = prM: Pressure [db]
# name 8 = sal00: Salinity, Practical [PSU]
# name 9 = sigma-é00: Density [sigma-theta, kg/m^3]
# name 10 = svCM: Sound Velocity [Chen-Millero, m/s]
# name 11 = flag: flag
# span 0 =          1,      15180       
# span 1 =    28.6349,    29.4946       
# span 2 =   5.928215,   6.134187       
# span 3 =    28.4535,    29.2736       
# span 4 =   -8.50276,   -7.77818       
# span 5 =  -34.87868,  -34.29180       
# span 6 = 103.471204, 104.525301       
# span 7 =      0.000,      0.000       
# span 8 =    36.5794,    37.5342       
# span 9 =    23.3385,    23.9917       
# span 10 =    1544.59,    1546.97      
# span 11 = 0.0000e+00, 0.0000e+00      
# interval = seconds: 6
# start_time = Apr 13 2017 11:18:32 [NMEA time, header]
# bad_flag = -9.990e-29
*END*
[from data line 14557]
      14558    29.3022   6.092799    29.1148   -7.82706  -34.76142 104.482106      0.000    37.2830    23.6773    1546.54 0.0000e+00
      14559    29.3022   6.092693    29.1148   -7.82680  -34.76142 104.482176      0.000    37.2823    23.6768    1546.54 0.0000e+00
      14560    29.3011   6.092288    29.1144   -7.82652  -34.76144 104.482245      0.000    37.2803    23.6757    1546.53 0.0000e+00
      14561    29.2994   6.091877    29.1146   -7.82624  -34.76144 104.482315      0.000    37.2788    23.6751    1546.53 0.0000e+00
      14562    29.2988   6.091776    29.1125   -7.82598  -34.76144 104.482384      0.000    37.2786    23.6751    1546.53 0.0000e+00
      14563    29.2994   6.091776    29.1118   -7.82572  -34.76146 104.482454      0.000    37.2781    23.6746    1546.53 0.0000e+00
      14564    29.3005   6.091776    29.1128   -7.82544  -34.76146 104.482523      0.000    37.2773    23.6736    1546.53 0.0000e+00
      14565    29.2988   6.091467    29.1132   -7.82516  -34.76146 104.482593      0.000    37.2765    23.6735    1546.52 0.0000e+00
      14566    29.2977   6.091264    29.1127   -7.82490  -34.76148 104.482662      0.000    37.2759    23.6735    1546.52 0.0000e+00
      14567    29.2988   6.091366    29.1109   -7.82462  -34.76148 104.482731      0.000    37.2758    23.6730    1546.52 0.0000e+00
      14568    29.2971   6.091163    29.1102   -7.82434  -34.76150 104.482801      0.000    37.2757    23.6735    1546.52 0.0000e+00
      14569    29.2937   6.090753    29.1095   -7.82408  -34.76150 104.482870      0.000    37.2755    23.6745    1546.51 0.0000e+00
      14570    29.2914   6.090550    29.1120   -7.82380  -34.76150 104.482940      0.000    37.2759    23.6756    1546.51 0.0000e+00
      14571    29.2909   6.090448    29.1144   -7.82352  -34.76152 104.483009      0.000    37.2756    23.6755    1546.51 0.0000e+00
      14572    29.2920   6.090651    29.1192   -7.82326  -34.76152 104.483079      0.000    37.2761    23.6756    1546.51 0.0000e+00
      14573    29.2965   6.091264    29.1218   -7.82298  -34.76154 104.483148      0.000    37.2768    23.6746    1546.52 0.0000e+00
      14574    29.3005   6.091877    29.1253   -7.82270  -34.76154 104.483218      0.000    37.2780    23.6741    1546.53 0.0000e+00
      14575    29.3050   6.092490    29.1258   -7.82244  -34.76156 104.483287      0.000    37.2787    23.6731    1546.54 0.0000e+00
      14576    29.3073   6.092901    29.1313   -7.82216  -34.76156 104.483356      0.000    37.2798    23.6731    1546.54 0.0000e+00
      14577    29.3085   6.093205    29.1360   -7.82188  -34.76156 104.483426      0.000    37.2809    23.6736    1546.55 0.0000e+00
      14578    29.3147   6.094026    29.1351   -7.82162  -34.76158 104.483495      0.000    37.2818    23.6721    1546.56 0.0000e+00
      14579    29.3221   6.094943    29.1413   -7.82134  -34.76158 104.483565      0.000    37.2824    23.6701    1546.58 0.0000e+00
      14580    29.3244   6.095354    29.1434   -7.82108  -34.76158 104.483634      0.000    37.2834    23.6701    1546.58 0.0000e+00
      14581    29.3266   6.095760    29.1451   -7.82080  -34.76158 104.483704      0.000    37.2845    23.6701    1546.59 0.0000e+00
      14582    29.3318   6.096373    29.1491   -7.82054  -34.76160 104.483773      0.000    37.2847    23.6685    1546.60 0.0000e+00
      14583    29.3340   6.096682    29.1458   -7.82026  -34.76160 104.483843      0.000    37.2851    23.6681    1546.61 0.0000e+00
      14584    29.3357   6.096783    29.1491   -7.82000  -34.76162 104.483912      0.000    37.2845    23.6670    1546.61 0.0000e+00
      14585    29.3363   6.096576    29.1488   -7.81972  -34.76162 104.483981      0.000    37.2826    23.6654    1546.61 0.0000e+00
      14586    29.3363   6.096682    29.1511   -7.81946  -34.76164 104.484051      0.000    37.2833    23.6660    1546.61 0.0000e+00
      14587    29.3374   6.096783    29.1495   -7.81918  -34.76164 104.484120      0.000    37.2832    23.6655    1546.61 0.0000e+00
      14588    29.3369   6.096576    29.1494   -7.81890  -34.76164 104.484190      0.000    37.2821    23.6649    1546.61 0.0000e+00
      14589    29.3340   6.096170    29.1480   -7.81864  -34.76164 104.484259      0.000    37.2816    23.6654    1546.60 0.0000e+00
      14590    29.3329   6.095967    29.1467   -7.81836  -34.76164 104.484329      0.000    37.2810    23.6654    1546.60 0.0000e+00
      14591    29.3312   6.095658    29.1460   -7.81808  -34.76166 104.484398      0.000    37.2802    23.6654    1546.59 0.0000e+00
      14592    29.3300   6.095455    29.1435   -7.81782  -34.76166 104.484468      0.000    37.2797    23.6654    1546.59 0.0000e+00
      14593    29.3300   6.095353    29.1440   -7.81754  -34.76168 104.484537      0.000    37.2790    23.6649    1546.59 0.0000e+00
      14594    29.3284   6.095045    29.1414   -7.81728  -34.76168 104.484606      0.000    37.2782    23.6648    1546.59 0.0000e+00
      14595    29.3284   6.094943    29.1421   -7.81700  -34.76168 104.484676      0.000    37.2774    23.6642    1546.59 0.0000e+00
      14596    29.3261   6.094740    29.1424   -7.81674  -34.76170 104.484745      0.000    37.2778    23.6653    1546.58 0.0000e+00
      14597    29.3261   6.094740    29.1421   -7.81646  -34.76170 104.484815      0.000    37.2778    23.6653    1546.58 0.0000e+00
      14598    29.3255   6.094740    29.1412   -7.81620  -34.76170 104.484884      0.000    37.2783    23.6659    1546.58 0.0000e+00
      14599    29.3289   6.095146    29.1436   -7.81594  -34.76172 104.484954      0.000    37.2785    23.6648    1546.59 0.0000e+00
      14600    29.3300   6.095353    29.1431   -7.81566  -34.76172 104.485023      0.000    37.2790    23.6649    1546.59 0.0000e+00
      14601    29.3300   6.095353    29.1422   -7.81540  -34.76172 104.485093      0.000    37.2790    23.6649    1546.59 0.0000e+00
      14602    29.3300   6.095248    29.1435   -7.81512  -34.76172 104.485162      0.000    37.2783    23.6643    1546.59 0.0000e+00
      14603    29.3272   6.095045    29.1446   -7.81486  -34.76172 104.485231      0.000    37.2791    23.6659    1546.59 0.0000e+00
      14604    29.3249   6.095045    29.1460   -7.81458  -34.76174 104.485301      0.000    37.2809    23.6680    1546.58 0.0000e+00
      14605    29.3266   6.095354    29.1457   -7.81432  -34.76176 104.485370      0.000    37.2817    23.6680    1546.59 0.0000e+00
      14606    29.3300   6.095759    29.1453   -7.81406  -34.76176 104.485440      0.000    37.2818    23.6670    1546.59 0.0000e+00
      14607    29.3329   6.096068    29.1455   -7.81378  -34.76178 104.485509      0.000    37.2817    23.6659    1546.60 0.0000e+00
      14608    29.3329   6.096271    29.1463   -7.81352  -34.76178 104.485579      0.000    37.2831    23.6670    1546.60 0.0000e+00
      14609    29.3329   6.096271    29.1449   -7.81324  -34.76178 104.485648      0.000    37.2831    23.6670    1546.60 0.0000e+00
      14610    29.3318   6.096170    29.1450   -7.81296  -34.76180 104.485718      0.000    37.2833    23.6675    1546.60 0.0000e+00
      14611    29.3289   6.095967    29.1454   -7.81268  -34.76180 104.485787      0.000    37.2841    23.6691    1546.59 0.0000e+00
      14612    29.3284   6.095861    29.1431   -7.81242  -34.76180 104.485856      0.000    37.2838    23.6690    1546.59 0.0000e+00
      14613    29.3306   6.095967    29.1448   -7.81214  -34.76182 104.485926      0.000    37.2828    23.6675    1546.60 0.0000e+00
      14614    29.3284   6.095759    29.1428   -7.81188  -34.76182 104.485995      0.000    37.2831    23.6685    1546.59 0.0000e+00
      14615    29.3284   6.095759    29.1435   -7.81160  -34.76182 104.486065      0.000    37.2831    23.6685    1546.59 0.0000e+00
      14616    29.3306   6.095861    29.1445   -7.81134  -34.76184 104.486134      0.000    37.2821    23.6670    1546.60 0.0000e+00
      14617    29.3289   6.095658    29.1457   -7.81106  -34.76184 104.486204      0.000    37.2820    23.6675    1546.59 0.0000e+00
      14618    29.3295   6.095658    29.1465   -7.81080  -34.76184 104.486273      0.000    37.2815    23.6669    1546.59 0.0000e+00
      14619    29.3306   6.095759    29.1447   -7.81052  -34.76184 104.486343      0.000    37.2814    23.6664    1546.59 0.0000e+00
      14620    29.3300   6.095759    29.1437   -7.81028  -34.76186 104.486412      0.000    37.2818    23.6670    1546.59 0.0000e+00
      14621    29.3300   6.095556    29.1421   -7.81002  -34.76186 104.486481      0.000    37.2804    23.6659    1546.59 0.0000e+00
      14622    29.3335   6.095967    29.1414   -7.80976  -34.76188 104.486551      0.000    37.2806    23.6648    1546.60 0.0000e+00
      14623    29.3357   6.095861    29.1406   -7.80952  -34.76188 104.486620      0.000    37.2781    23.6623    1546.60 0.0000e+00
      14624    29.3300   6.095248    29.1399   -7.80928  -34.76190 104.486690      0.000    37.2783    23.6643    1546.59 0.0000e+00
      14625    29.3278   6.094842    29.1392   -7.80904  -34.76190 104.486759      0.000    37.2772    23.6643    1546.58 0.0000e+00
      14626    29.3255   6.094533    29.1393   -7.80880  -34.76190 104.486829      0.000    37.2769    23.6648    1546.58 0.0000e+00
      14627    29.3255   6.094533    29.1383   -7.80856  -34.76192 104.486898      0.000    37.2769    23.6648    1546.58 0.0000e+00
      14628    29.3261   6.094533    29.1381   -7.80834  -34.76192 104.486968      0.000    37.2764    23.6642    1546.58 0.0000e+00
      14629    29.3272   6.094634    29.1414   -7.80808  -34.76192 104.487037      0.000    37.2762    23.6637    1546.58 0.0000e+00
      14630    29.3266   6.094634    29.1406   -7.80786  -34.76192 104.487106      0.000    37.2767    23.6643    1546.58 0.0000e+00
      14631    29.3295   6.094842    29.1402   -7.80762  -34.76194 104.487176      0.000    37.2759    23.6627    1546.59 0.0000e+00
      14632    29.3300   6.094842    29.1402   -7.80736  -34.76196 104.487245      0.000    37.2755    23.6622    1546.59 0.0000e+00
      14633    29.3272   6.094533    29.1418   -7.80714  -34.76196 104.487315      0.000    37.2755    23.6632    1546.58 0.0000e+00
      14634    29.3255   6.094431    29.1437   -7.80690  -34.76196 104.487384      0.000    37.2762    23.6643    1546.58 0.0000e+00
      14635    29.3244   6.094533    29.1473   -7.80666  -34.76198 104.487454      0.000    37.2777    23.6658    1546.58 0.0000e+00
      14636    29.3261   6.094740    29.1480   -7.80642  -34.76198 104.487523      0.000    37.2778    23.6653    1546.58 0.0000e+00
      14637    29.3335   6.095455    29.1486   -7.80618  -34.76200 104.487593      0.000    37.2770    23.6622    1546.60 0.0000e+00
      14638    29.3369   6.095861    29.1506   -7.80594  -34.76200 104.487662      0.000    37.2772    23.6611    1546.60 0.0000e+00
      14639    29.3352   6.095658    29.1503   -7.80572  -34.76202 104.487731      0.000    37.2771    23.6617    1546.60 0.0000e+00
      14640    29.3352   6.095759    29.1511   -7.80546  -34.76202 104.487801      0.000    37.2778    23.6622    1546.60 0.0000e+00
      14641    29.3380   6.095967    29.1521   -7.80524  -34.76202 104.487870      0.000    37.2771    23.6607    1546.61 0.0000e+00
      14642    29.3397   6.096068    29.1520   -7.80500  -34.76202 104.487940      0.000    37.2764    23.6596    1546.61 0.0000e+00
      14643    29.3403   6.096068    29.1520   -7.80476  -34.76204 104.488009      0.000    37.2760    23.6591    1546.61 0.0000e+00
      14644    29.3403   6.095967    29.1517   -7.80452  -34.76204 104.488079      0.000    37.2753    23.6586    1546.61 0.0000e+00
      14645    29.3386   6.095759    29.1510   -7.80428  -34.76204 104.488148      0.000    37.2752    23.6590    1546.61 0.0000e+00
      14646    29.3391   6.095658    29.1482   -7.80404  -34.76206 104.488218      0.000    37.2741    23.6581    1546.61 0.0000e+00
      14647    29.3369   6.095455    29.1462   -7.80380  -34.76206 104.488287      0.000    37.2744    23.6590    1546.60 0.0000e+00
      14648    29.3329   6.094842    29.1477   -7.80356  -34.76206 104.488356      0.000    37.2732    23.6595    1546.59 0.0000e+00
      14649    29.3306   6.094431    29.1481   -7.80332  -34.76208 104.488426      0.000    37.2722    23.6595    1546.59 0.0000e+00
      14650    29.3318   6.094330    29.1485   -7.80308  -34.76208 104.488495      0.000    37.2706    23.6579    1546.59 0.0000e+00
      14651    29.3340   6.094634    29.1472   -7.80284  -34.76210 104.488565      0.000    37.2710    23.6575    1546.59 0.0000e+00
      14652    29.3374   6.094740    29.1488   -7.80262  -34.76210 104.488634      0.000    37.2690    23.6549    1546.60 0.0000e+00
      14653    29.3352   6.094431    29.1472   -7.80236  -34.76210 104.488704      0.000    37.2686    23.6553    1546.59 0.0000e+00
      14654    29.3335   6.094127    29.1461   -7.80214  -34.76210 104.488773      0.000    37.2678    23.6553    1546.59 0.0000e+00
      14655    29.3306   6.093818    29.1447   -7.80190  -34.76212 104.488843      0.000    37.2680    23.6564    1546.58 0.0000e+00
      14656    29.3306   6.093818    29.1447   -7.80166  -34.76212 104.488912      0.000    37.2680    23.6564    1546.58 0.0000e+00
      14657    29.3346   6.094127    29.1437   -7.80144  -34.76212 104.488981      0.000    37.2670    23.6543    1546.59 0.0000e+00
      14658    29.3346   6.094025    29.1447   -7.80120  -34.76212 104.489051      0.000    37.2663    23.6537    1546.59 0.0000e+00
      14659    29.3335   6.093919    29.1452   -7.80096  -34.76214 104.489120      0.000    37.2664    23.6542    1546.59 0.0000e+00
      14660    29.3318   6.093818    29.1454   -7.80072  -34.76214 104.489190      0.000    37.2670    23.6552    1546.58 0.0000e+00
      14661    29.3306   6.093615    29.1450   -7.80048  -34.76214 104.489259      0.000    37.2666    23.6553    1546.58 0.0000e+00
      14662    29.3300   6.093513    29.1473   -7.80026  -34.76214 104.489329      0.000    37.2663    23.6553    1546.58 0.0000e+00
      14663    29.3300   6.093615    29.1461   -7.80000  -34.76214 104.489398      0.000    37.2670    23.6559    1546.58 0.0000e+00
      14664    29.3300   6.093615    29.1472   -7.79978  -34.76216 104.489468      0.000    37.2670    23.6559    1546.58 0.0000e+00
      14665    29.3300   6.093615    29.1503   -7.79954  -34.76216 104.489537      0.000    37.2670    23.6559    1546.58 0.0000e+00
      14666    29.3306   6.093818    29.1504   -7.79930  -34.76216 104.489606      0.000    37.2680    23.6564    1546.58 0.0000e+00
      14667    29.3323   6.094025    29.1527   -7.79906  -34.76218 104.489676      0.000    37.2681    23.6559    1546.58 0.0000e+00
      14668    29.3346   6.094431    29.1539   -7.79882  -34.76218 104.489745      0.000    37.2691    23.6558    1546.59 0.0000e+00
      14669    29.3363   6.094634    29.1543   -7.79860  -34.76218 104.489815      0.000    37.2692    23.6553    1546.59 0.0000e+00
      14670    29.3380   6.094943    29.1553   -7.79836  -34.76220 104.489884      0.000    37.2700    23.6554    1546.60 0.0000e+00
      14671    29.3420   6.095247    29.1540   -7.79812  -34.76222 104.489954      0.000    37.2690    23.6532    1546.61 0.0000e+00
      14672    29.3397   6.095146    29.1559   -7.79788  -34.76222 104.490023      0.000    37.2701    23.6548    1546.60 0.0000e+00
      14673    29.3386   6.095044    29.1543   -7.79764  -34.76222 104.490093      0.000    37.2702    23.6553    1546.60 0.0000e+00
      14674    29.3414   6.095353    29.1560   -7.79740  -34.76222 104.490162      0.000    37.2702    23.6543    1546.61 0.0000e+00
      14675    29.3442   6.095658    29.1546   -7.79716  -34.76224 104.490231      0.000    37.2701    23.6533    1546.61 0.0000e+00
      14676    29.3454   6.095759    29.1543   -7.79694  -34.76224 104.490301      0.000    37.2699    23.6528    1546.61 0.0000e+00
