data/CTD/tmp/fr29001.ros
* Sea-Bird SBE 9 Data File:
* FileName = C:\SEASOFT\PIRATA-FR29\data\fr29001.hex
* Software Version Seasave V 7.26.7.107
* Temperature SN = 6083
* Conductivity SN = 4509
* Number of Bytes Per Scan = 42
* Number of Voltage Words = 3
* Number of Scans Averaged by the Deck Unit = 1
* NMEA Latitude = 12 29.57 N
* NMEA Longitude = 023 20.56 W
* NMEA UTC (Time) = Mar 02 2019 15:20:02
** Cruise: PIRATA-FR29
** Ship: THALASSA
** Station: 001
** Bottom Depth: 4894
** Barometric pressure : 1013.5
** Temp Air: 23.8
** Operator: JG
** Comments:
# nquan = 17
# nvalues = 3860                                  
# units = specified
# name 0 = scan: Scan Count
# name 1 = timeJ: Julian Days
# name 2 = prDM: Pressure, Digiquartz [db]
# name 3 = depSM: Depth [salt water, m]
# name 4 = t090C: Temperature [ITS-90, deg C]
# name 5 = t190C: Temperature, 2 [ITS-90, deg C]
# name 6 = c0S/m: Conductivity [S/m]
# name 7 = c1S/m: Conductivity, 2 [S/m]
# name 8 = sbeox0V: Oxygen raw, SBE 43 [V]
# name 9 = sbeox1V: Oxygen raw, SBE 43, 2 [V]
# name 10 = sbox0dV/dT: Oxygen, SBE 43 [dov/dt]
# name 11 = sbox1dV/dT: Oxygen, SBE 43, 2 [dov/dt]
# name 12 = CStarTr0: Beam Transmission, WET Labs C-Star [%]
# name 13 = flECO-AFL: Fluorescence, WET Labs ECO-AFL/FL [mg/m^3]
# name 14 = flC: Fluorescence, Chelsea Aqua 3 Chl Con [ug/l]
# name 15 = nbf: Bottles Fired
# name 16 = flag:  0.000e+00
# interval = seconds: 0.0416667
# start_time = Mar 02 2019 15:20:03 [System UTC, first data scan.]
# bad_flag = -9.990e-29
*END*
[from data line 3660]
     108089  61.691049   4074.382   4012.496     2.3601     2.3597   3.265027   3.265187     1.3824     1.7070   -0.00003    0.00006    90.0014     0.0489     0.0255         19  0.000e+00
     108090  61.691050   4074.325   4012.440     2.3602     2.3599   3.265014   3.265174     1.3824     1.7070   -0.00002    0.00003    90.0014     0.0489     0.0258         19  0.000e+00
     108091  61.691050   4074.382   4012.496     2.3603     2.3597   3.265033   3.265180     1.3824     1.7070   -0.00002    0.00001    90.0014     0.0489     0.0261         19  0.000e+00
     108092  61.691051   4074.439   4012.551     2.3599     2.3597   3.265046   3.265174     1.3824     1.7070   -0.00001   -0.00002    90.0014     0.0489     0.0262         19  0.000e+00
     108093  61.691051   4074.382   4012.496     2.3603     2.3599   3.265021   3.265155     1.3824     1.7070   -0.00000   -0.00004    90.0014     0.0416     0.0262         19  0.000e+00
     108094  61.691052   4074.460   4012.572     2.3600     2.3599   3.265033   3.265174     1.3824     1.7070    0.00000   -0.00007    90.0014     0.0416     0.0260         19  0.000e+00
     108095  61.691052   4074.439   4012.551     2.3601     2.3597   3.264995   3.265219     1.3824     1.7070    0.00001   -0.00009    90.0014     0.0416     0.0258         19  0.000e+00
     108328  61.691165   4073.389   4011.527     2.3605     2.3597   3.265001   3.265142     1.3812     1.7071   -0.00027   -0.00019    90.0014     0.0563     0.0179         20  0.000e+00
     108329  61.691165   4073.333   4011.472     2.3604     2.3600   3.264989   3.265174     1.3824     1.7071   -0.00020   -0.00024    90.0014     0.0563     0.0182         20  0.000e+00
     108330  61.691166   4073.333   4011.472     2.3604     2.3597   3.265020   3.265148     1.3824     1.7071   -0.00013   -0.00029    90.0014     0.0489     0.0185         20  0.000e+00
     108331  61.691166   4073.170   4011.313     2.3604     2.3599   3.265014   3.265148     1.3824     1.7071   -0.00007   -0.00034    90.0014     0.0489     0.0187         20  0.000e+00
     108332  61.691167   4073.361   4011.500     2.3607     2.3599   3.264970   3.265167     1.3824     1.7071   -0.00000   -0.00039    90.0014     0.0563     0.0188         20  0.000e+00
     108333  61.691167   4073.220   4011.362     2.3604     2.3600   3.264976   3.265155     1.3824     1.7071   -0.00002   -0.00036    90.0014     0.0489     0.0187         20  0.000e+00
     108334  61.691168   4073.113   4011.258     2.3608     2.3599   3.265001   3.265117     1.3824     1.7071   -0.00003   -0.00033    90.0014     0.0563     0.0186         20  0.000e+00
     108335  61.691168   4073.113   4011.258     2.3603     2.3599   3.264970   3.265117     1.3812     1.7071   -0.00005   -0.00030    90.0014     0.0563     0.0184         20  0.000e+00
     108336  61.691168   4073.057   4011.203     2.3602     2.3600   3.264957   3.265123     1.3812     1.7071   -0.00014   -0.00034    90.0014     0.0563     0.0184         20  0.000e+00
     108337  61.691169   4073.000   4011.147     2.3606     2.3597   3.264976   3.265136     1.3812     1.7071   -0.00015   -0.00038    90.0014     0.0489     0.0186         20  0.000e+00
     108338  61.691169   4072.943   4011.092     2.3604     2.3599   3.265001   3.265104     1.3812     1.7071   -0.00024   -0.00042    90.0014     0.0489     0.0187         20  0.000e+00
     108339  61.691170   4072.943   4011.092     2.3604     2.3599   3.264970   3.265129     1.3812     1.7083   -0.00033   -0.00031    90.0014     0.0489     0.0189         20  0.000e+00
     108340  61.691170   4072.830   4010.982     2.3601     2.3597   3.264957   3.265123     1.3812     1.7083   -0.00033   -0.00019    90.0014     0.0489     0.0189         20  0.000e+00
     108341  61.691171   4072.830   4010.982     2.3605     2.3599   3.264976   3.265110     1.3812     1.7071   -0.00034   -0.00016    90.0014     0.0489     0.0189         20  0.000e+00
     108342  61.691171   4072.830   4010.982     2.3604     2.3600   3.264963   3.265116     1.3812     1.7071   -0.00042   -0.00019    90.0014     0.0489     0.0188         20  0.000e+00
     108343  61.691172   4072.724   4010.878     2.3604     2.3599   3.264932   3.265142     1.3812     1.7071   -0.00043   -0.00023    90.0014     0.0563     0.0186         20  0.000e+00
     108344  61.691172   4072.724   4010.878     2.3601     2.3599   3.264982   3.265097     1.3812     1.7071   -0.00043   -0.00027    90.0014     0.0563     0.0185         20  0.000e+00
     108345  61.691173   4072.611   4010.767     2.3602     2.3600   3.264989   3.265110     1.3824     1.7071   -0.00035   -0.00023    90.0014     0.0563     0.0185         20  0.000e+00
     108346  61.691173   4072.611   4010.767     2.3603     2.3597   3.264982   3.265135     1.3824     1.7071   -0.00035   -0.00019    90.0014     0.0489     0.0186         20  0.000e+00
     108347  61.691174   4072.611   4010.768     2.3604     2.3599   3.264963   3.265104     1.3812     1.7071   -0.00035   -0.00022    90.0014     0.0489     0.0188         20  0.000e+00
     108348  61.691174   4072.497   4010.657     2.3603     2.3599   3.264976   3.265129     1.3812     1.7084   -0.00034   -0.00009    90.0014     0.0489     0.0189         20  0.000e+00
     108349  61.691175   4072.554   4010.712     2.3605     2.3599   3.264963   3.265104     1.3812     1.7084   -0.00034   -0.00005    90.0014     0.0563     0.0189         20  0.000e+00
     108350  61.691175   4072.441   4010.602     2.3604     2.3599   3.264976   3.265116     1.3825     1.7084   -0.00033    0.00007    90.0014     0.0563     0.0189         20  0.000e+00
     108351  61.691176   4072.384   4010.546     2.3603     2.3600   3.264963   3.265110     1.3825     1.7084   -0.00033    0.00019    90.0014     0.0563     0.0189         20  0.000e+00
     108352  61.691176   4072.441   4010.602     2.3603     2.3599   3.264957   3.265097     1.3812     1.7071   -0.00033    0.00015    89.9780     0.0489     0.0189         20  0.000e+00
     108353  61.691177   4072.327   4010.491     2.3604     2.3599   3.264957   3.265129     1.3812     1.7071   -0.00032    0.00020    90.0014     0.0563     0.0186         20  0.000e+00
     108354  61.691177   4072.327   4010.491     2.3603     2.3602   3.264957   3.265123     1.3825     1.7071   -0.00023    0.00024    90.0014     0.0489     0.0183         20  0.000e+00
     108355  61.691178   4072.221   4010.388     2.3603     2.3600   3.264957   3.265135     1.3812     1.7071   -0.00023    0.00021    90.0014     0.0489     0.0178         20  0.000e+00
     108356  61.691178   4072.221   4010.388     2.3603     2.3600   3.264976   3.265104     1.3825     1.7071   -0.00014    0.00019    90.0014     0.0563     0.0173         20  0.000e+00
     108357  61.691179   4072.221   4010.388     2.3604     2.3600   3.264976   3.265135     1.3812     1.7071   -0.00013    0.00016    90.0014     0.0563     0.0169         20  0.000e+00
     108358  61.691179   4072.165   4010.332     2.3605     2.3600   3.264976   3.265116     1.3812     1.7071   -0.00011    0.00013    90.0014     0.0563     0.0166         20  0.000e+00
     108359  61.691180   4072.165   4010.332     2.3604     2.3597   3.264963   3.265116     1.3825     1.7071   -0.00009    0.00010    90.0014     0.0563     0.0164         20  0.000e+00
     108360  61.691180   4072.108   4010.277     2.3604     2.3600   3.264932   3.265091     1.3812     1.7071   -0.00008    0.00007    90.0014     0.0563     0.0163         20  0.000e+00
     108361  61.691181   4072.051   4010.222     2.3604     2.3600   3.264944   3.265110     1.3812     1.7071   -0.00006    0.00005    89.9780     0.0636     0.0161         20  0.000e+00
     108362  61.691181   4072.051   4010.222     2.3604     2.3600   3.264957   3.265110     1.3825     1.7071   -0.00004    0.00002    89.9780     0.0563     0.0157         20  0.000e+00
     108363  61.691182   4071.995   4010.166     2.3604     2.3600   3.264957   3.265072     1.3825     1.7071    0.00005   -0.00001    90.0014     0.0636     0.0152         20  0.000e+00
     108364  61.691182   4071.995   4010.167     2.3603     2.3600   3.264976   3.265103     1.3825     1.7071    0.00007   -0.00004    90.0014     0.0636     0.0146         20  0.000e+00
     108365  61.691182   4071.995   4010.167     2.3603     2.3599   3.264963   3.265135     1.3825     1.7071    0.00016    0.00001    90.0014     0.0636     0.0140         20  0.000e+00
     108366  61.691183   4071.938   4010.111     2.3605     2.3600   3.264932   3.265103     1.3825     1.7084    0.00025    0.00006    89.9780     0.0563     0.0135         20  0.000e+00
     108367  61.691183   4071.938   4010.111     2.3604     2.3600   3.264944   3.265084     1.3825     1.7071    0.00026    0.00003    90.0014     0.0563     0.0132         20  0.000e+00
     108368  61.691184   4071.881   4010.056     2.3604     2.3602   3.264976   3.265091     1.3825     1.7071    0.00027    0.00001    89.9780     0.0563     0.0129         20  0.000e+00
     108369  61.691184   4071.881   4010.056     2.3603     2.3599   3.264963   3.265129     1.3812     1.7084    0.00028    0.00005    90.0014     0.0636     0.0127         20  0.000e+00
     108370  61.691185   4071.832   4010.008     2.3602     2.3599   3.264957   3.265084     1.3825     1.7071    0.00029    0.00002    89.9780     0.0563     0.0128         20  0.000e+00
     108371  61.691185   4071.881   4010.056     2.3603     2.3600   3.264944   3.265097     1.3812     1.7084    0.00022    0.00006    89.9780     0.0563     0.0131         20  0.000e+00
     108372  61.691186   4071.775   4009.952     2.3603     2.3600   3.264995   3.265116     1.3825     1.7084    0.00023    0.00011    90.0014     0.0636     0.0135         20  0.000e+00
     108373  61.691186   4071.832   4010.008     2.3603     2.3600   3.264969   3.265078     1.3812     1.7084    0.00016    0.00014    90.0014     0.0636     0.0140         20  0.000e+00
     108374  61.691187   4071.832   4010.008     2.3603     2.3602   3.264957   3.265123     1.3825     1.7084    0.00016    0.00025    90.0014     0.0636     0.0146         20  0.000e+00
     108375  61.691187   4071.775   4009.952     2.3604     2.3600   3.264932   3.265084     1.3825     1.7084    0.00016    0.00037    89.9780     0.0563     0.0151         20  0.000e+00
     108376  61.691188   4071.775   4009.953     2.3604     2.3600   3.264944   3.265097     1.3825     1.7071    0.00023    0.00033    90.0014     0.0563     0.0156         20  0.000e+00
     108377  61.691188   4071.775   4009.953     2.3604     2.3600   3.264932   3.265116     1.3825     1.7084    0.00023    0.00036    90.0014     0.0636     0.0161         20  0.000e+00
     108378  61.691189   4071.719   4009.897     2.3604     2.3602   3.264944   3.265135     1.3825     1.7084    0.00030    0.00039    89.9780     0.0636     0.0165         20  0.000e+00
     108379  61.691189   4071.775   4009.953     2.3604     2.3600   3.264932   3.265084     1.3825     1.7084    0.00037    0.00042    89.9780     0.0636     0.0166         20  0.000e+00
     108380  61.691190   4071.775   4009.953     2.3606     2.3599   3.264944   3.265103     1.3812     1.7084    0.00037    0.00045    89.9780     0.0563     0.0167         20  0.000e+00
     108381  61.691190   4071.719   4009.897     2.3604     2.3599   3.264957   3.265110     1.3812     1.7071    0.00037    0.00039    89.9780     0.0563     0.0166         20  0.000e+00
     108382  61.691191   4071.719   4009.897     2.3603     2.3600   3.264976   3.265116     1.3825     1.7071    0.00045    0.00034    89.9780     0.0636     0.0166         20  0.000e+00
     108383  61.691191   4071.776   4009.953     2.3604     2.3602   3.264982   3.265110     1.3825     1.7084    0.00053    0.00036    90.0014     0.0563     0.0164         20  0.000e+00
     108384  61.691192   4071.776   4009.953     2.3604     2.3599   3.264963   3.265097     1.3825     1.7071    0.00053    0.00030    90.0014     0.0636     0.0163         20  0.000e+00
     108385  61.691192   4071.719   4009.897     2.3604     2.3599   3.264944   3.265103     1.3825     1.7071    0.00052    0.00025    90.0014     0.0563     0.0164         20  0.000e+00
     108386  61.691193   4071.776   4009.953     2.3604     2.3599   3.264969   3.265097     1.3812     1.7071    0.00044    0.00019    90.0014     0.0636     0.0163         20  0.000e+00
     108387  61.691193   4071.719   4009.897     2.3602     2.3600   3.264963   3.265135     1.3812     1.7071    0.00036    0.00014    90.0014     0.0563     0.0163         20  0.000e+00
     108388  61.691194   4071.776   4009.953     2.3604     2.3597   3.264957   3.265116     1.3825     1.7071    0.00035    0.00016    90.0014     0.0636     0.0163         20  0.000e+00
     108389  61.691194   4071.776   4009.953     2.3603     2.3602   3.264957   3.265116     1.3812     1.7071    0.00027    0.00018    90.0014     0.0636     0.0162         20  0.000e+00
     108390  61.691195   4071.776   4009.953     2.3603     2.3599   3.264957   3.265135     1.3825     1.7071    0.00026    0.00013    90.0014     0.0563     0.0162         20  0.000e+00
     108391  61.691195   4071.776   4009.953     2.3604     2.3600   3.264957   3.265122     1.3812     1.7084    0.00017    0.00016    90.0014     0.0563     0.0160         20  0.000e+00
     108392  61.691196   4071.776   4009.953     2.3605     2.3600   3.264976   3.265135     1.3825     1.7071    0.00016    0.00011    90.0014     0.0563     0.0159         20  0.000e+00
     108393  61.691196   4071.832   4010.008     2.3604     2.3602   3.264982   3.265103     1.3812     1.7084    0.00007    0.00013    90.0014     0.0563     0.0157         20  0.000e+00
     108394  61.691196   4071.776   4009.953     2.3604     2.3602   3.264938   3.265135     1.3825     1.7084    0.00013    0.00015    90.0014     0.0636     0.0156         20  0.000e+00
     108395  61.691197   4071.882   4010.057     2.3604     2.3600   3.264963   3.265142     1.3825     1.7071    0.00020    0.00009    90.0014     0.0563     0.0154         20  0.000e+00
     108396  61.691197   4071.833   4010.008     2.3604     2.3599   3.264982   3.265103     1.3825     1.7071    0.00018    0.00003    90.0014     0.0636     0.0153         20  0.000e+00
     108397  61.691198   4071.833   4010.008     2.3604     2.3600   3.264982   3.265154     1.3825     1.7071    0.00016    0.00005    90.0014     0.0563     0.0153         20  0.000e+00
     108398  61.691198   4071.939   4010.112     2.3604     2.3599   3.265001   3.265116     1.3825     1.7071    0.00014    0.00007    90.0014     0.0636     0.0154         20  0.000e+00
     108399  61.691199   4071.882   4010.057     2.3606     2.3599   3.264969   3.265129     1.3825     1.7071    0.00019    0.00009    90.0014     0.0563     0.0155         20  0.000e+00
     108400  61.691199   4071.939   4010.112     2.3604     2.3599   3.264995   3.265123     1.3825     1.7071    0.00025    0.00012    90.0014     0.0563     0.0156         20  0.000e+00
     108401  61.691200   4071.939   4010.112     2.3604     2.3597   3.264970   3.265123     1.3825     1.7071    0.00022    0.00007    90.0014     0.0563     0.0156         20  0.000e+00
     108402  61.691200   4071.939   4010.112     2.3601     2.3600   3.264957   3.265135     1.3812     1.7084    0.00012    0.00010    90.0014     0.0636     0.0156         20  0.000e+00
     108403  61.691201   4071.939   4010.112     2.3604     2.3600   3.264957   3.265123     1.3825     1.7084    0.00017    0.00013    90.0014     0.0563     0.0156         20  0.000e+00
     108404  61.691201   4072.052   4010.223     2.3602     2.3599   3.264976   3.265091     1.3812     1.7084    0.00006    0.00015    90.0014     0.0636     0.0156         20  0.000e+00
