data/CTD/tmp/fr29001.ros
* Sea-Bird SBE 9 Data File:
* FileName = C:\SEASOFT\PIRATA-FR29\data\fr29001.hex
* Software Version Seasave V 7.26.7.107
* Temperature SN = 6083
* Conductivity SN = 4509
* Number of Bytes Per Scan = 42
* Number of Voltage Words = 3
* Number of Scans Averaged by the Deck Unit = 1
* NMEA Latitude = 12 29.57 N
* NMEA Longitude = 023 20.56 W
* NMEA UTC (Time) = Mar 02 2019 15:20:02
** Cruise: PIRATA-FR29
** Ship: THALASSA
** Station: 001
** Bottom Depth: 4894
** Barometric pressure : 1013.5
** Temp Air: 23.8
** Operator: JG
** Comments:
# nquan = 17
# nvalues = 3860                                  
# units = specified
# name 0 = scan: Scan Count
# name 1 = timeJ: Julian Days
# name 2 = prDM: Pressure, Digiquartz [db]
# name 3 = depSM: Depth [salt water, m]
# name 4 = t090C: Temperature [ITS-90, deg C]
# name 5 = t190C: Temperature, 2 [ITS-90, deg C]
# name 6 = c0S/m: Conductivity [S/m]
# name 7 = c1S/m: Conductivity, 2 [S/m]
# name 8 = sbeox0V: Oxygen raw, SBE 43 [V]
# name 9 = sbeox1V: Oxygen raw, SBE 43, 2 [V]
# name 10 = sbox0dV/dT: Oxygen, SBE 43 [dov/dt]
# name 11 = sbox1dV/dT: Oxygen, SBE 43, 2 [dov/dt]
# name 12 = CStarTr0: Beam Transmission, WET Labs C-Star [%]
# name 13 = flECO-AFL: Fluorescence, WET Labs ECO-AFL/FL [mg/m^3]
# name 14 = flC: Fluorescence, Chelsea Aqua 3 Chl Con [ug/l]
# name 15 = nbf: Bottles Fired
# name 16 = flag:  0.000e+00
# interval = seconds: 0.0416667
# start_time = Mar 02 2019 15:20:03 [System UTC, first data scan.]
# bad_flag = -9.990e-29
*END*
      99064  61.686697   4067.429   4005.711     2.3614     2.3612   3.264962   3.265089     1.3825     1.7084   -0.00029 -6.643e-07    90.0014     0.0489     0.0174          1  0.000e+00
      99065  61.686698   4067.457   4005.739     2.3616     2.3610   3.264911   3.265096     1.3837     1.7084   -0.00017    0.00000    89.9780     0.0563     0.0176          1  0.000e+00
      99066  61.686698   4067.429   4005.711     2.3616     2.3612   3.264911   3.265102     1.3825     1.7084   -0.00012    0.00001    90.0014     0.0563     0.0179          1  0.000e+00
      99067  61.686698   4067.485   4005.767     2.3614     2.3612   3.264899   3.265096     1.3825     1.7084   -0.00014    0.00001    90.0014     0.0489     0.0179          1  0.000e+00
      99068  61.686699   4067.429   4005.711     2.3615     2.3612   3.264911   3.265083     1.3825     1.7084   -0.00017    0.00001    90.0249     0.0489     0.0180          1  0.000e+00
      99069  61.686699   4067.429   4005.711     2.3614     2.3612   3.264924   3.265064     1.3825     1.7084   -0.00019    0.00001    90.0014     0.0563     0.0179          1  0.000e+00
      99070  61.686700   4067.486   4005.767     2.3614     2.3612   3.264924   3.265096     1.3825     1.7084   -0.00022    0.00002    90.0014     0.0489     0.0177          1  0.000e+00
      99071  61.686700   4067.429   4005.712     2.3614     2.3614   3.264899   3.265096     1.3825     1.7084   -0.00024    0.00002    90.0249     0.0489     0.0176          1  0.000e+00
      99072  61.686701   4067.486   4005.767     2.3615     2.3612   3.264893   3.265096     1.3825     1.7084   -0.00027    0.00002    90.0014     0.0489     0.0174          1  0.000e+00
      99073  61.686701   4067.486   4005.767     2.3614     2.3612   3.264930   3.265058     1.3825     1.7084   -0.00029    0.00003    90.0249     0.0489     0.0174          1  0.000e+00
      99074  61.686702   4067.486   4005.767     2.3616     2.3612   3.264924   3.265083     1.3825     1.7084   -0.00024    0.00003    90.0014     0.0563     0.0174          1  0.000e+00
      99075  61.686702   4067.486   4005.767     2.3614     2.3610   3.264924   3.265083     1.3825     1.7084   -0.00026    0.00003    90.0014     0.0489     0.0174          1  0.000e+00
      99076  61.686703   4067.486   4005.767     2.3615     2.3610   3.264924   3.265089     1.3825     1.7084   -0.00029    0.00004    90.0014     0.0489     0.0174          1  0.000e+00
      99077  61.686703   4067.514   4005.795     2.3614     2.3613   3.264943   3.265083     1.3825     1.7084   -0.00031    0.00004    90.0014     0.0489     0.0173          1  0.000e+00
      99078  61.686704   4067.486   4005.767     2.3616     2.3610   3.264905   3.265064     1.3825     1.7084   -0.00025    0.00004    90.0014     0.0489     0.0172          1  0.000e+00
      99079  61.686704   4067.486   4005.767     2.3614     2.3612   3.264911   3.265083     1.3825     1.7084   -0.00019    0.00005    90.0249     0.0489     0.0170          1  0.000e+00
      99080  61.686705   4067.543   4005.823     2.3616     2.3612   3.264924   3.265058     1.3837     1.7084   -0.00005    0.00005    90.0249     0.0563     0.0169          1  0.000e+00
      99081  61.686705   4067.543   4005.823     2.3615     2.3610   3.264924   3.265058     1.3837     1.7084    0.00008    0.00005    90.0014     0.0489     0.0166          1  0.000e+00
      99082  61.686706   4067.486   4005.767     2.3616     2.3612   3.264899   3.265096     1.3825     1.7084    0.00015    0.00006    90.0014     0.0563     0.0163          1  0.000e+00
      99083  61.686706   4067.543   4005.823     2.3614     2.3612   3.264911   3.265096     1.3825     1.7084    0.00013    0.00006    90.0014     0.0489     0.0161          1  0.000e+00
      99084  61.686707   4067.543   4005.823     2.3614     2.3613   3.264899   3.265083     1.3825     1.7084    0.00012    0.00006    90.0014     0.0489     0.0158          1  0.000e+00
      99085  61.686707   4067.600   4005.878     2.3611     2.3610   3.264912   3.265045     1.3825     1.7084    0.00011    0.00006    90.0014     0.0489     0.0155          1  0.000e+00
      99086  61.686708   4067.543   4005.823     2.3614     2.3612   3.264962   3.265096     1.3825     1.7084    0.00010    0.00007    90.0014     0.0563     0.0152          1  0.000e+00
      99087  61.686708   4067.543   4005.823     2.3616     2.3610   3.264905   3.265064     1.3825     1.7084    0.00008    0.00007    90.0014     0.0489     0.0149          1  0.000e+00
      99088  61.686709   4067.600   4005.878     2.3617     2.3610   3.264911   3.265102     1.3825     1.7084    0.00007    0.00007    90.0014     0.0489     0.0147          1  0.000e+00
      99089  61.686709   4067.543   4005.823     2.3613     2.3613   3.264899   3.265089     1.3825     1.7084    0.00006    0.00008    90.0014     0.0489     0.0146          1  0.000e+00
      99090  61.686710   4067.572   4005.851     2.3614     2.3610   3.264911   3.265089     1.3825     1.7084    0.00005    0.00008    90.0014     0.0489     0.0147          1  0.000e+00
      99091  61.686710   4067.600   4005.879     2.3614     2.3610   3.264924   3.265083     1.3825     1.7084    0.00003    0.00008    90.0014     0.0563     0.0148          1  0.000e+00
      99092  61.686711   4067.600   4005.879     2.3617     2.3612   3.264924   3.265089     1.3825     1.7084    0.00002    0.00009    90.0014     0.0489     0.0151          1  0.000e+00
      99093  61.686711   4067.600   4005.879     2.3616     2.3610   3.264924   3.265115     1.3825     1.7084    0.00001    0.00009    90.0014     0.0489     0.0155          1  0.000e+00
      99094  61.686712   4067.543   4005.823     2.3615     2.3612   3.264924   3.265108     1.3825     1.7084   -0.00000    0.00001    90.0014     0.0563     0.0158          1  0.000e+00
      99095  61.686712   4067.657   4005.934     2.3614     2.3612   3.264943   3.265096     1.3825     1.7071   -0.00002   -0.00006    90.0014     0.0563     0.0162          1  0.000e+00
      99096  61.686712   4067.600   4005.879     2.3616     2.3613   3.264905   3.265083     1.3825     1.7084   -0.00003   -0.00006    90.0014     0.0489     0.0166          1  0.000e+00
      99097  61.686713   4067.600   4005.879     2.3614     2.3612   3.264911   3.265064     1.3825     1.7084   -0.00004   -0.00005    90.0014     0.0489     0.0170          1  0.000e+00
      99098  61.686713   4067.600   4005.879     2.3617     2.3612   3.264924   3.265096     1.3837     1.7084    0.00010   -0.00005    90.0014     0.0489     0.0174          1  0.000e+00
      99099  61.686714   4067.657   4005.934     2.3614     2.3612   3.264924   3.265070     1.3825     1.7084    0.00009   -0.00005    90.0014     0.0563     0.0179          1  0.000e+00
      99100  61.686714   4067.601   4005.879     2.3614     2.3610   3.264924   3.265051     1.3825     1.7084    0.00007   -0.00004    90.0014     0.0563     0.0182          1  0.000e+00
      99101  61.686715   4067.657   4005.934     2.3614     2.3613   3.264893   3.265083     1.3825     1.7084    0.00006   -0.00004    90.0014     0.0489     0.0185          1  0.000e+00
      99102  61.686715   4067.629   4005.907     2.3615     2.3612   3.264912   3.265070     1.3825     1.7084    0.00005   -0.00004    90.0014     0.0489     0.0188          1  0.000e+00
      99103  61.686716   4067.601   4005.879     2.3616     2.3610   3.264924   3.265077     1.3825     1.7084    0.00004   -0.00003    90.0014     0.0489     0.0189          1  0.000e+00
      99104  61.686716   4067.657   4005.935     2.3616     2.3612   3.264924   3.265108     1.3825     1.7084    0.00002   -0.00003    90.0014     0.0489     0.0189          1  0.000e+00
      99105  61.686717   4067.601   4005.879     2.3613     2.3610   3.264899   3.265089     1.3825     1.7084    0.00001   -0.00003    90.0014     0.0489     0.0189          1  0.000e+00
      99106  61.686717   4067.658   4005.935     2.3614     2.3610   3.264937   3.265089     1.3825     1.7084   -0.00000   -0.00003    90.0014     0.0563     0.0189          1  0.000e+00
      99107  61.686718   4067.601   4005.879     2.3617     2.3610   3.264930   3.265102     1.3825     1.7071   -0.00001   -0.00010    90.0014     0.0563     0.0189          1  0.000e+00
      99108  61.686718   4067.658   4005.935     2.3614     2.3612   3.264924   3.265096     1.3825     1.7084   -0.00003   -0.00009    90.0014     0.0563     0.0189          1  0.000e+00
      99109  61.686719   4067.658   4005.935     2.3614     2.3612   3.264924   3.265115     1.3825     1.7084   -0.00004   -0.00008    90.0014     0.0489     0.0189          1  0.000e+00
      99110  61.686719   4067.601   4005.880     2.3614     2.3610   3.264899   3.265089     1.3825     1.7084   -0.00005   -0.00008    90.0014     0.0489     0.0189          1  0.000e+00
      99111  61.686720   4067.658   4005.935     2.3617     2.3612   3.264937   3.265064     1.3825     1.7084   -0.00006   -0.00007    90.0014     0.0489     0.0189          1  0.000e+00
      99112  61.686720   4067.658   4005.935     2.3614     2.3612   3.264956   3.265096     1.3838     1.7084   -0.00000   -0.00007    90.0014     0.0563     0.0189          1  0.000e+00
      99113  61.686721   4067.658   4005.935     2.3616     2.3612   3.264905   3.265070     1.3825     1.7071   -0.00002   -0.00013    90.0014     0.0489     0.0187          1  0.000e+00
      99114  61.686721   4067.601   4005.880     2.3616     2.3612   3.264911   3.265096     1.3838     1.7071    0.00012   -0.00020    90.0014     0.0563     0.0184          1  0.000e+00
      99115  61.686722   4067.573   4005.852     2.3615     2.3610   3.264943   3.265096     1.3825     1.7071    0.00010   -0.00026    90.0014     0.0563     0.0182          1  0.000e+00
      99116  61.686722   4067.658   4005.935     2.3614     2.3610   3.264930   3.265070     1.3825     1.7084    0.00009   -0.00025    90.0014     0.0489     0.0180          1  0.000e+00
      99117  61.686723   4067.602   4005.880     2.3616     2.3612   3.264899   3.265051     1.3825     1.7084    0.00007   -0.00023    90.0014     0.0489     0.0178          1  0.000e+00
      99118  61.686723   4067.658   4005.935     2.3616     2.3612   3.264893   3.265083     1.3825     1.7084    0.00006   -0.00022    90.0014     0.0489     0.0175          1  0.000e+00
      99119  61.686724   4067.602   4005.880     2.3616     2.3612   3.264937   3.265083     1.3825     1.7084    0.00004   -0.00020    90.0014     0.0563     0.0173          1  0.000e+00
      99120  61.686724   4067.602   4005.880     2.3615     2.3610   3.264930   3.265089     1.3825     1.7084    0.00003   -0.00018    90.0014     0.0489     0.0172          1  0.000e+00
      99121  61.686725   4067.602   4005.880     2.3616     2.3612   3.264924   3.265102     1.3825     1.7084    0.00001   -0.00017    90.0014     0.0489     0.0171          1  0.000e+00
      99122  61.686725   4067.602   4005.880     2.3614     2.3612   3.264924   3.265070     1.3825     1.7084   -0.00000   -0.00015    90.0014     0.0563     0.0170          1  0.000e+00
      99123  61.686726   4067.545   4005.825     2.3616     2.3612   3.264943   3.265102     1.3825     1.7084   -0.00002   -0.00014    90.0014     0.0489     0.0171          1  0.000e+00
      99124  61.686726   4067.602   4005.881     2.3617     2.3612   3.264905   3.265089     1.3825     1.7084   -0.00004   -0.00012    90.0014     0.0489     0.0170          1  0.000e+00
      99125  61.686726   4067.545   4005.825     2.3614     2.3610   3.264911   3.265089     1.3825     1.7084   -0.00005   -0.00011    90.0014     0.0489     0.0170          1  0.000e+00
      99126  61.686727   4067.546   4005.825     2.3614     2.3612   3.264899   3.265058     1.3838     1.7084    0.00001   -0.00009    89.9780     0.0563     0.0170          1  0.000e+00
      99127  61.686727   4067.602   4005.881     2.3617     2.3610   3.264893   3.265058     1.3825     1.7084   -0.00001   -0.00008    90.0014     0.0489     0.0170          1  0.000e+00
      99128  61.686728   4067.517   4005.798     2.3617     2.3612   3.264911   3.265077     1.3838     1.7084    0.00005   -0.00006    90.0014     0.0489     0.0168          1  0.000e+00
      99129  61.686728   4067.546   4005.825     2.3614     2.3612   3.264918   3.265089     1.3838     1.7084    0.00018   -0.00004    90.0014     0.0416     0.0166          1  0.000e+00
      99130  61.686729   4067.546   4005.826     2.3616     2.3612   3.264924   3.265096     1.3825     1.7084    0.00023   -0.00003    90.0014     0.0416     0.0164          1  0.000e+00
      99131  61.686729   4067.489   4005.770     2.3616     2.3612   3.264924   3.265083     1.3825     1.7084    0.00021   -0.00001    90.0014     0.0489     0.0161          1  0.000e+00
      99132  61.686730   4067.546   4005.826     2.3617     2.3612   3.264924   3.265089     1.3825     1.7084    0.00020    0.00000    90.0014     0.0489     0.0159          1  0.000e+00
      99133  61.686730   4067.489   4005.770     2.3616     2.3610   3.264924   3.265058     1.3825     1.7084    0.00018    0.00002    90.0014     0.0489     0.0158          1  0.000e+00
      99134  61.686731   4067.489   4005.771     2.3616     2.3614   3.264924   3.265083     1.3825     1.7084    0.00016    0.00003    90.0014     0.0489     0.0157          1  0.000e+00
      99135  61.686731   4067.489   4005.771     2.3617     2.3610   3.264924   3.265083     1.3825     1.7084    0.00014    0.00005    90.0014     0.0416     0.0157          1  0.000e+00
      99136  61.686732   4067.433   4005.715     2.3616     2.3610   3.264943   3.265089     1.3825     1.7084    0.00012    0.00006    90.0014     0.0416     0.0157          1  0.000e+00
      99137  61.686732   4067.433   4005.715     2.3613     2.3612   3.264930   3.265096     1.3825     1.7084    0.00010    0.00008    90.0014     0.0489     0.0157          1  0.000e+00
      99138  61.686733   4067.433   4005.716     2.3617     2.3612   3.264924   3.265102     1.3825     1.7084    0.00008    0.00010    90.0014     0.0416     0.0156          1  0.000e+00
      99139  61.686733   4067.433   4005.716     2.3616     2.3612   3.264899   3.265115     1.3825     1.7084    0.00006    0.00011    90.0014     0.0416     0.0153          1  0.000e+00
      99140  61.686734   4067.405   4005.688     2.3616     2.3612   3.264911   3.265108     1.3825     1.7084    0.00005    0.00013    90.0014     0.0416     0.0150          1  0.000e+00
      99141  61.686734   4067.376   4005.660     2.3615     2.3612   3.264924   3.265096     1.3825     1.7084    0.00003    0.00014    90.0014     0.0416     0.0149          1  0.000e+00
      99142  61.686735   4067.377   4005.660     2.3614     2.3613   3.264918   3.265058     1.3825     1.7084    0.00001    0.00016    90.0014     0.0416     0.0148          1  0.000e+00
      99143  61.686735   4067.377   4005.661     2.3616     2.3612   3.264918   3.265058     1.3825     1.7084   -0.00001    0.00017    90.0014     0.0416     0.0147          1  0.000e+00
      99144  61.686736   4067.377   4005.661     2.3616     2.3612   3.264924   3.265096     1.3825     1.7084   -0.00003    0.00011    90.0014     0.0416     0.0147          1  0.000e+00
      99145  61.686736   4067.377   4005.661     2.3615     2.3613   3.264924   3.265070     1.3825     1.7084   -0.00005    0.00012    90.0014     0.0416     0.0147          1  0.000e+00
      99146  61.686737   4067.271   4005.557     2.3614     2.3613   3.264924   3.265102     1.3838     1.7084    0.00001    0.00014    90.0014     0.0416     0.0148          1  0.000e+00
      99147  61.686737   4067.327   4005.612     2.3617     2.3613   3.264924   3.265108     1.3825     1.7084    0.00006    0.00015    90.0014     0.0489     0.0150          1  0.000e+00
      99148  61.686738   4067.327   4005.612     2.3616     2.3612   3.264899   3.265070     1.3825     1.7071    0.00005    0.00009    90.0014     0.0489     0.0151          1  0.000e+00
