data/CTD/tmp/fr29001.ros
* Sea-Bird SBE 9 Data File:
* FileName = C:\SEASOFT\PIRATA-FR29\data\fr29001.hex
* Software Version Seasave V 7.26.7.107
* Temperature SN = 6083
* Conductivity SN = 4509
* Number of Bytes Per Scan = 42
* Number of Voltage Words = 3
* Number of Scans Averaged by the Deck Unit = 1
* NMEA Latitude = 12 29.57 N
* NMEA Longitude = 023 20.56 W
* NMEA UTC (Time) = Mar 02 2019 15:20:02
** Cruise: PIRATA-FR29
** Ship: THALASSA
** Station: 001
** Bottom Depth: 4894
** Barometric pressure : 1013.5
** Temp Air: 23.8
** Operator: JG
** Comments:
# nquan = 17
# nvalues = 3860                                  
# units = specified
# name 0 = scan: Scan Count
# name 1 = timeJ: Julian Days
# name 2 = prDM: Pressure, Digiquartz [db]
# name 3 = depSM: Depth [salt water, m]
# name 4 = t090C: Temperature [ITS-90, deg C]
# name 5 = t190C: Temperature, 2 [ITS-90, deg C]
# name 6 = c0S/m: Conductivity [S/m]
# name 7 = c1S/m: Conductivity, 2 [S/m]
# name 8 = sbeox0V: Oxygen raw, SBE 43 [V]
# name 9 = sbeox1V: Oxygen raw, SBE 43, 2 [V]
# name 10 = sbox0dV/dT: Oxygen, SBE 43 [dov/dt]
# name 11 = sbox1dV/dT: Oxygen, SBE 43, 2 [dov/dt]
# name 12 = CStarTr0: Beam Transmission, WET Labs C-Star [%]
# name 13 = flECO-AFL: Fluorescence, WET Labs ECO-AFL/FL [mg/m^3]
# name 14 = flC: Fluorescence, Chelsea Aqua 3 Chl Con [ug/l]
# name 15 = nbf: Bottles Fired
# name 16 = flag:  0.000e+00
# interval = seconds: 0.0416667
# start_time = Mar 02 2019 15:20:03 [System UTC, first data scan.]
# bad_flag = -9.990e-29
*END*
[from data line 1873]
     104085  61.689118   4071.833   4010.009     2.3604     2.3600   3.264982   3.265135     1.3821     1.7087    0.00004    0.00009    89.9780     0.0563     0.0126         10  0.000e+00
     104086  61.689119   4071.890   4010.064     2.3604     2.3600   3.264963   3.265167     1.3821     1.7087    0.00005    0.00016    89.9780     0.0489     0.0125         10  0.000e+00
     104087  61.689119   4071.890   4010.064     2.3604     2.3602   3.264957   3.265129     1.3821     1.7087    0.00006    0.00023    89.9780     0.0489     0.0123         10  0.000e+00
     104088  61.689120   4071.890   4010.064     2.3604     2.3600   3.264970   3.265142     1.3821     1.7075    0.00007    0.00022    90.0014     0.0489     0.0121         10  0.000e+00
     104089  61.689120   4071.890   4010.064     2.3603     2.3602   3.264976   3.265167     1.3821     1.7075    0.00008    0.00021    89.9780     0.0563     0.0119         10  0.000e+00
     104090  61.689121   4071.890   4010.064     2.3604     2.3604   3.264963   3.265154     1.3821     1.7075    0.00008    0.00020    89.9780     0.0489     0.0117         10  0.000e+00
     104091  61.689121   4071.947   4010.120     2.3604     2.3604   3.264976   3.265167     1.3834     1.7075    0.00017    0.00019    89.9780     0.0563     0.0115         10  0.000e+00
     104092  61.689122   4071.947   4010.120     2.3605     2.3600   3.264938   3.265116     1.3821     1.7075    0.00018    0.00018    90.0014     0.0563     0.0113         10  0.000e+00
     104093  61.689122   4071.947   4010.120     2.3604     2.3600   3.264944   3.265161     1.3821     1.7075    0.00018    0.00017    89.9780     0.0489     0.0112         10  0.000e+00
     104094  61.689123   4072.003   4010.175     2.3604     2.3602   3.264976   3.265148     1.3821     1.7075    0.00019    0.00016    89.9780     0.0563     0.0110         10  0.000e+00
     104095  61.689123   4072.003   4010.175     2.3604     2.3602   3.264938   3.265103     1.3821     1.7075    0.00019    0.00015    89.9780     0.0489     0.0110         10  0.000e+00
     104096  61.689124   4072.003   4010.175     2.3604     2.3600   3.264944   3.265154     1.3821     1.7075    0.00020    0.00014    89.9780     0.0563     0.0108         10  0.000e+00
     104097  61.689124   4072.053   4010.224     2.3604     2.3600   3.264976   3.265135     1.3821     1.7075    0.00013    0.00013    89.9780     0.0416     0.0107         10  0.000e+00
     104098  61.689125   4072.003   4010.175     2.3606     2.3602   3.264982   3.265135     1.3821     1.7075    0.00005    0.00013    89.9780     0.0416     0.0105         10  0.000e+00
     104099  61.689125   4072.053   4010.224     2.3604     2.3602   3.264963   3.265123     1.3821     1.7075    0.00005    0.00012    90.0014     0.0489     0.0102         10  0.000e+00
     104100  61.689126   4072.053   4010.224     2.3604     2.3602   3.264976   3.265142     1.3821     1.7075    0.00005    0.00011    90.0014     0.0416     0.0100         10  0.000e+00
     104101  61.689126   4072.110   4010.279     2.3607     2.3600   3.264963   3.265097     1.3821     1.7075    0.00005    0.00010    90.0014     0.0489     0.0098         10  0.000e+00
     104102  61.689127   4072.053   4010.224     2.3604     2.3600   3.264995   3.265135     1.3821     1.7075    0.00005    0.00009    90.0014     0.0489     0.0096         10  0.000e+00
     104103  61.689127   4072.053   4010.224     2.3606     2.3599   3.264988   3.265167     1.3821     1.7075    0.00005    0.00008    90.0014     0.0416     0.0095         10  0.000e+00
     104104  61.689128   4072.110   4010.279     2.3604     2.3600   3.264982   3.265135     1.3821     1.7075    0.00005    0.00007    90.0014     0.0489     0.0094         10  0.000e+00
     104105  61.689128   4072.110   4010.279     2.3607     2.3602   3.264982   3.265135     1.3821     1.7075    0.00005    0.00006    90.0014     0.0416     0.0093         10  0.000e+00
     104106  61.689129   4072.167   4010.334     2.3606     2.3600   3.264982   3.265123     1.3821     1.7075    0.00005    0.00005    90.0014     0.0416     0.0093         10  0.000e+00
     104107  61.689129   4072.110   4010.279     2.3603     2.3602   3.264982   3.265161     1.3821     1.7075    0.00005    0.00004    90.0014     0.0489     0.0093         10  0.000e+00
     104108  61.689130   4072.167   4010.335     2.3603     2.3602   3.264963   3.265154     1.3821     1.7075    0.00005    0.00003    90.0014     0.0489     0.0093         10  0.000e+00
     104109  61.689130   4072.110   4010.279     2.3605     2.3600   3.264957   3.265129     1.3821     1.7075    0.00005    0.00002    90.0014     0.0489     0.0093         10  0.000e+00
     104110  61.689130   4072.224   4010.390     2.3603     2.3599   3.264976   3.265135     1.3808     1.7075   -0.00002    0.00001    90.0014     0.0489     0.0092         10  0.000e+00
     104111  61.689131   4072.167   4010.335     2.3604     2.3600   3.264938   3.265104     1.3821     1.7075   -0.00002    0.00000    90.0014     0.0416     0.0092         10  0.000e+00
     104112  61.689131   4072.224   4010.390     2.3603     2.3600   3.264963   3.265154     1.3821     1.7062   -0.00002   -0.00008    90.0014     0.0416     0.0091         10  0.000e+00
     104113  61.689132   4072.167   4010.335     2.3604     2.3599   3.264982   3.265135     1.3821     1.7075   -0.00001   -0.00009    90.0014     0.0489     0.0090         10  0.000e+00
     104114  61.689132   4072.167   4010.335     2.3603     2.3599   3.264963   3.265135     1.3821     1.7075   -0.00001   -0.00009    90.0014     0.0489     0.0090         10  0.000e+00
     104115  61.689133   4072.224   4010.390     2.3603     2.3600   3.264995   3.265123     1.3821     1.7075   -0.00001   -0.00010    90.0014     0.0416     0.0091         10  0.000e+00
     104116  61.689133   4072.224   4010.390     2.3604     2.3600   3.264988   3.265123     1.3821     1.7075   -0.00000   -0.00011    90.0014     0.0489     0.0092         10  0.000e+00
     104117  61.689134   4072.224   4010.390     2.3601     2.3599   3.264982   3.265135     1.3821     1.7075 3.6841e-07   -0.00011    90.0014     0.0489     0.0093         10  0.000e+00
     104118  61.689134   4072.224   4010.390     2.3605     2.3600   3.264963   3.265123     1.3821     1.7075    0.00000   -0.00012    90.0014     0.0416     0.0095         10  0.000e+00
     104119  61.689135   4072.224   4010.390     2.3601     2.3599   3.264957   3.265135     1.3821     1.7075    0.00001   -0.00012    90.0014     0.0489     0.0096         10  0.000e+00
     104120  61.689135   4072.224   4010.390     2.3604     2.3602   3.264976   3.265123     1.3821     1.7075    0.00001   -0.00013    90.0014     0.0416     0.0098         10  0.000e+00
     104121  61.689136   4072.281   4010.446     2.3604     2.3600   3.264938   3.265135     1.3821     1.7075    0.00001   -0.00014    90.0014     0.0489     0.0100         10  0.000e+00
     104122  61.689136   4072.224   4010.390     2.3604     2.3599   3.264944   3.265123     1.3834     1.7075    0.00009   -0.00014    90.0014     0.0489     0.0100         10  0.000e+00
     104123  61.689137   4072.224   4010.391     2.3603     2.3599   3.264957   3.265104     1.3834     1.7075    0.00017   -0.00015    90.0014     0.0563     0.0100         10  0.000e+00
     104124  61.689137   4072.281   4010.446     2.3604     2.3600   3.264957   3.265154     1.3821     1.7075    0.00016   -0.00016    90.0014     0.0636     0.0099         10  0.000e+00
     104125  61.689138   4072.224   4010.391     2.3604     2.3600   3.264957   3.265135     1.3821     1.7087    0.00016   -0.00009    90.0014     0.0563     0.0097         10  0.000e+00
     104126  61.689138   4072.281   4010.446     2.3604     2.3599   3.264957   3.265110     1.3821     1.7075    0.00008   -0.00010    90.0014     0.0636     0.0096         10  0.000e+00
     104127  61.689139   4072.224   4010.391     2.3604     2.3600   3.264976   3.265097     1.3821     1.7075    0.00007   -0.00011    90.0014     0.0636     0.0095         10  0.000e+00
     104128  61.689139   4072.281   4010.446     2.3604     2.3599   3.264982   3.265129     1.3821     1.7075    0.00007   -0.00011    90.0249     0.0636     0.0094         10  0.000e+00
     104129  61.689140   4072.281   4010.446     2.3603     2.3597   3.264976   3.265123     1.3821     1.7075    0.00006   -0.00012    90.0014     0.0563     0.0094         10  0.000e+00
     104130  61.689140   4072.224   4010.391     2.3602     2.3599   3.264976   3.265142     1.3821     1.7075    0.00005   -0.00013    90.0014     0.0563     0.0094         10  0.000e+00
     104131  61.689141   4072.281   4010.446     2.3606     2.3600   3.264963   3.265116     1.3821     1.7075    0.00005   -0.00014    90.0014     0.0563     0.0094         10  0.000e+00
     104132  61.689141   4072.281   4010.446     2.3604     2.3600   3.264976   3.265142     1.3821     1.7075    0.00004   -0.00015    90.0014     0.0563     0.0095         10  0.000e+00
     104133  61.689142   4072.225   4010.391     2.3604     2.3600   3.264963   3.265116     1.3821     1.7075    0.00003   -0.00016    90.0014     0.0636     0.0096         10  0.000e+00
     104134  61.689142   4072.225   4010.391     2.3603     2.3600   3.264957   3.265142     1.3821     1.7075    0.00003   -0.00009    90.0014     0.0636     0.0096         10  0.000e+00
     104135  61.689143   4072.225   4010.391     2.3602     2.3599   3.264957   3.265142     1.3821     1.7075    0.00002   -0.00002    90.0249     0.0636     0.0096         10  0.000e+00
     104136  61.689143   4072.281   4010.446     2.3604     2.3602   3.264976   3.265123     1.3821     1.7075    0.00002    0.00005    90.0014     0.0563     0.0097         10  0.000e+00
     104137  61.689144   4072.225   4010.391     2.3603     2.3600   3.264963   3.265123     1.3821     1.7075    0.00001    0.00005    90.0014     0.0636     0.0097         10  0.000e+00
     104138  61.689144   4072.225   4010.391     2.3604     2.3600   3.264957   3.265135     1.3821     1.7075    0.00000    0.00005    90.0014     0.0563     0.0097         10  0.000e+00
     104139  61.689144   4072.253   4010.419     2.3604     2.3602   3.264976   3.265123     1.3821     1.7075   -0.00000    0.00005    90.0014     0.0563     0.0097         10  0.000e+00
     104140  61.689145   4072.225   4010.391     2.3604     2.3602   3.264982   3.265135     1.3821     1.7075    0.00007    0.00005    90.0014     0.0636     0.0098         10  0.000e+00
     104141  61.689145   4072.225   4010.391     2.3603     2.3597   3.264982   3.265123     1.3834     1.7075    0.00014    0.00005    90.0014     0.0636     0.0099         10  0.000e+00
     104289  61.689217   4070.779   4008.981     2.3604     2.3604   3.264944   3.265090     1.3822     1.7076    0.00002    0.00003    90.0014     0.0416     0.0060         11  0.000e+00
     104290  61.689217   4070.730   4008.932     2.3606     2.3604   3.264931   3.265103     1.3822     1.7076    0.00004    0.00003    90.0014     0.0416     0.0060         11  0.000e+00
     104291  61.689218   4070.730   4008.933     2.3604     2.3604   3.264944   3.265097     1.3822     1.7076    0.00007    0.00003    90.0014     0.0416     0.0061         11  0.000e+00
     104292  61.689218   4070.780   4008.981     2.3607     2.3602   3.264957   3.265116     1.3822     1.7076    0.00001    0.00002    90.0014     0.0489     0.0061         11  0.000e+00
     104293  61.689219   4070.780   4008.981     2.3604     2.3604   3.264957   3.265135     1.3822     1.7076    0.00003    0.00002    90.0014     0.0489     0.0061         11  0.000e+00
     104294  61.689219   4070.836   4009.036     2.3608     2.3602   3.264944   3.265103     1.3822     1.7076    0.00006    0.00002    90.0014     0.0416     0.0062         11  0.000e+00
     104295  61.689220   4070.780   4008.981     2.3604     2.3602   3.264925   3.265084     1.3809     1.7076    0.00000    0.00001    90.0014     0.0489     0.0063         11  0.000e+00
     104296  61.689220   4070.836   4009.036     2.3606     2.3604   3.264944   3.265109     1.3809     1.7076   -0.00005    0.00001    90.0014     0.0416     0.0065         11  0.000e+00
     104297  61.689221   4070.837   4009.037     2.3605     2.3602   3.264957   3.265109     1.3822     1.7076   -0.00002    0.00001    90.0014     0.0489     0.0069         11  0.000e+00
     104298  61.689221   4070.893   4009.092     2.3604     2.3602   3.264931   3.265097     1.3822     1.7076    0.00001    0.00000    90.0014     0.0416     0.0073         11  0.000e+00
     104299  61.689222   4070.837   4009.037     2.3606     2.3604   3.264944   3.265103     1.3822     1.7076    0.00004 4.0824e-07    90.0014     0.0489     0.0077         11  0.000e+00
     104300  61.689222   4070.950   4009.147     2.3606     2.3602   3.264957   3.265116     1.3822     1.7076    0.00007   -0.00000    89.9780     0.0416     0.0081         11  0.000e+00
     104301  61.689223   4070.837   4009.037     2.3605     2.3606   3.264957   3.265122     1.3822     1.7076    0.00009   -0.00001    90.0014     0.0416     0.0085         11  0.000e+00
     104302  61.689223   4070.950   4009.147     2.3606     2.3602   3.264906   3.265090     1.3822     1.7076    0.00012   -0.00001    90.0014     0.0416     0.0089         11  0.000e+00
     104303  61.689224   4070.950   4009.147     2.3604     2.3600   3.264938   3.265090     1.3822     1.7076    0.00015   -0.00001    90.0014     0.0416     0.0093         11  0.000e+00
     104304  61.689224   4071.007   4009.203     2.3603     2.3600   3.264957   3.265084     1.3822     1.7076    0.00018   -0.00002    90.0014     0.0416     0.0096         11  0.000e+00
     104305  61.689225   4071.007   4009.203     2.3604     2.3600   3.264931   3.265110     1.3822     1.7076    0.00021   -0.00002    90.0014     0.0416     0.0098         11  0.000e+00
     104306  61.689225   4071.007   4009.203     2.3604     2.3602   3.264944   3.265090     1.3822     1.7076    0.00023   -0.00002    90.0014     0.0416     0.0100         11  0.000e+00
     104307  61.689226   4071.007   4009.203     2.3604     2.3602   3.264976   3.265135     1.3822     1.7076    0.00018   -0.00002    90.0014     0.0416     0.0102         11  0.000e+00
     104308  61.689226   4071.064   4009.258     2.3606     2.3602   3.264950   3.265110     1.3822     1.7076    0.00021   -0.00003    90.0014     0.0489     0.0103         11  0.000e+00
     104309  61.689226   4071.007   4009.203     2.3607     2.3600   3.264925   3.265084     1.3822     1.7076    0.00016   -0.00003    90.0014     0.0489     0.0104         11  0.000e+00
     104310  61.689227   4071.121   4009.314     2.3603     2.3602   3.264944   3.265135     1.3822     1.7076    0.00010   -0.00003    90.0014     0.0489     0.0105         11  0.000e+00
     104311  61.689227   4071.121   4009.314     2.3604     2.3602   3.264957   3.265116     1.3822     1.7076    0.00012   -0.00004    90.0014     0.0489     0.0106         11  0.000e+00
     104312  61.689228   4071.064   4009.259     2.3604     2.3600   3.264957   3.265141     1.3822     1.7076    0.00006   -0.00004    90.0014     0.0489     0.0106         11  0.000e+00
     104313  61.689228   4071.178   4009.369     2.3606     2.3604   3.264932   3.265141     1.3822     1.7076    0.00008   -0.00004    90.0014     0.0416     0.0106         11  0.000e+00
     104314  61.689229   4071.178   4009.369     2.3604     2.3602   3.264944   3.265084     1.3822     1.7076    0.00009   -0.00005    90.0014     0.0489     0.0106         11  0.000e+00
     104315  61.689229   4071.178   4009.369     2.3606     2.3600   3.264976   3.265129     1.3822     1.7076    0.00011   -0.00005    90.0014     0.0416     0.0105         11  0.000e+00
