data/CTD/tmp/fr29001.ros
* Sea-Bird SBE 9 Data File:
* FileName = C:\SEASOFT\PIRATA-FR29\data\fr29001.hex
* Software Version Seasave V 7.26.7.107
* Temperature SN = 6083
* Conductivity SN = 4509
* Number of Bytes Per Scan = 42
* Number of Voltage Words = 3
* Number of Scans Averaged by the Deck Unit = 1
* NMEA Latitude = 12 29.57 N
* NMEA Longitude = 023 20.56 W
* NMEA UTC (Time) = Mar 02 2019 15:20:02
** Cruise: PIRATA-FR29
** Ship: THALASSA
** Station: 001
** Bottom Depth: 4894
** Barometric pressure : 1013.5
** Temp Air: 23.8
** Operator: JG
** Comments:
# nquan = 17
# nvalues = 3860                                  
# units = specified
# name 0 = scan: Scan Count
# name 1 = timeJ: Julian Days
# name 2 = prDM: Pressure, Digiquartz [db]
# name 3 = depSM: Depth [salt water, m]
# name 4 = t090C: Temperature [ITS-90, deg C]
# name 5 = t190C: Temperature, 2 [ITS-90, deg C]
# name 6 = c0S/m: Conductivity [S/m]
# name 7 = c1S/m: Conductivity, 2 [S/m]
# name 8 = sbeox0V: Oxygen raw, SBE 43 [V]
# name 9 = sbeox1V: Oxygen raw, SBE 43, 2 [V]
# name 10 = sbox0dV/dT: Oxygen, SBE 43 [dov/dt]
# name 11 = sbox1dV/dT: Oxygen, SBE 43, 2 [dov/dt]
# name 12 = CStarTr0: Beam Transmission, WET Labs C-Star [%]
# name 13 = flECO-AFL: Fluorescence, WET Labs ECO-AFL/FL [mg/m^3]
# name 14 = flC: Fluorescence, Chelsea Aqua 3 Chl Con [ug/l]
# name 15 = nbf: Bottles Fired
# name 16 = flag:  0.000e+00
# interval = seconds: 0.0416667
# start_time = Mar 02 2019 15:20:03 [System UTC, first data scan.]
# bad_flag = -9.990e-29
*END*
[from data line 3830]
     108491  61.691243   4074.508   4012.619     2.3601     2.3597   3.265014   3.265174     1.3812     1.7084   -0.00032    0.00002    90.0014     0.0416     0.0221         20  0.000e+00
     108492  61.691244   4074.458   4012.570     2.3601     2.3597   3.265014   3.265200     1.3812     1.7084   -0.00036    0.00005    90.0014     0.0416     0.0218         20  0.000e+00
     108493  61.691244   4074.508   4012.619     2.3601     2.3596   3.265008   3.265193     1.3825     1.7084   -0.00031    0.00007    90.0014     0.0489     0.0215         20  0.000e+00
     108494  61.691245   4074.458   4012.570     2.3600     2.3597   3.265008   3.265174     1.3825     1.7071   -0.00027    0.00002    90.0014     0.0416     0.0213         20  0.000e+00
     108495  61.691245   4074.508   4012.619     2.3599     2.3597   3.265014   3.265200     1.3825     1.7071   -0.00023   -0.00002    90.0249     0.0489     0.0211         20  0.000e+00
     108496  61.691246   4074.508   4012.619     2.3598     2.3597   3.265014   3.265181     1.3812     1.7084   -0.00026    0.00001    90.0014     0.0416     0.0209         20  0.000e+00
     108497  61.691246   4074.459   4012.571     2.3599     2.3599   3.264989   3.265181     1.3812     1.7084   -0.00036    0.00004    90.0014     0.0416     0.0207         20  0.000e+00
     108498  61.691247   4074.508   4012.619     2.3600     2.3596   3.264983   3.265174     1.3825     1.7084   -0.00032    0.00007    90.0014     0.0416     0.0206         20  0.000e+00
     108499  61.691247   4074.508   4012.619     2.3599     2.3596   3.265002   3.265155     1.3825     1.7071   -0.00027    0.00003    90.0014     0.0416     0.0205         20  0.000e+00
     108500  61.691248   4074.459   4012.571     2.3601     2.3597   3.265014   3.265174     1.3825     1.7084   -0.00022    0.00006    90.0014     0.0416     0.0204         20  0.000e+00
     108501  61.691248   4074.459   4012.571     2.3598     2.3597   3.264989   3.265174     1.3812     1.7084   -0.00025    0.00002    90.0014     0.0489     0.0202         20  0.000e+00
     108502  61.691249   4074.480   4012.592     2.3598     2.3599   3.265002   3.265181     1.3812     1.7084   -0.00028   -0.00003    90.0014     0.0416     0.0200         20  0.000e+00
     108503  61.691249   4074.459   4012.571     2.3601     2.3594   3.264989   3.265174     1.3825     1.7084   -0.00022   -0.00000    89.9780     0.0416     0.0196         20  0.000e+00
     108504  61.691250   4074.508   4012.619     2.3599     2.3597   3.265002   3.265200     1.3812     1.7084   -0.00024    0.00003    90.0014     0.0489     0.0194         20  0.000e+00
     108505  61.691250   4074.402   4012.516     2.3598     2.3599   3.265014   3.265180     1.3812     1.7084   -0.00026   -0.00002    90.0014     0.0416     0.0191         20  0.000e+00
     108506  61.691250   4074.459   4012.571     2.3602     2.3596   3.265008   3.265181     1.3812     1.7084   -0.00028   -0.00008    90.0014     0.0489     0.0189         20  0.000e+00
     108507  61.691251   4074.459   4012.571     2.3598     2.3596   3.265008   3.265187     1.3812     1.7072   -0.00037   -0.00013    90.0014     0.0489     0.0187         20  0.000e+00
     108508  61.691251   4074.402   4012.516     2.3599     2.3599   3.264989   3.265149     1.3812     1.7072   -0.00038   -0.00018    90.0014     0.0489     0.0185         20  0.000e+00
     108509  61.691252   4074.402   4012.516     2.3599     2.3599   3.265027   3.265174     1.3812     1.7072   -0.00039   -0.00023    90.0014     0.0489     0.0184         20  0.000e+00
     108510  61.691252   4074.402   4012.516     2.3601     2.3599   3.264995   3.265174     1.3812     1.7084   -0.00040   -0.00019    90.0014     0.0416     0.0183         20  0.000e+00
     108511  61.691253   4074.403   4012.516     2.3602     2.3597   3.264983   3.265180     1.3812     1.7072   -0.00040   -0.00024    90.0014     0.0416     0.0180         20  0.000e+00
     108512  61.691253   4074.346   4012.461     2.3603     2.3599   3.264983   3.265193     1.3812     1.7072   -0.00048   -0.00028    90.0014     0.0416     0.0179         20  0.000e+00
     108513  61.691254   4074.346   4012.461     2.3603     2.3597   3.265002   3.265161     1.3812     1.7072   -0.00048   -0.00032    90.0014     0.0489     0.0177         20  0.000e+00
     108514  61.691254   4074.346   4012.461     2.3601     2.3599   3.265033   3.265155     1.3812     1.7072   -0.00055   -0.00035    90.0014     0.0416     0.0176         20  0.000e+00
     108515  61.691255   4074.289   4012.405     2.3604     2.3597   3.265021   3.265187     1.3812     1.7084   -0.00055   -0.00031    90.0014     0.0489     0.0175         20  0.000e+00
     108516  61.691255   4074.346   4012.461     2.3604     2.3596   3.264989   3.265206     1.3825     1.7072   -0.00047   -0.00034    90.0014     0.0416     0.0175         20  0.000e+00
     108517  61.691256   4074.233   4012.350     2.3604     2.3599   3.264983   3.265155     1.3812     1.7084   -0.00046   -0.00029    90.0014     0.0416     0.0176         20  0.000e+00
     108518  61.691256   4074.261   4012.378     2.3603     2.3599   3.265002   3.265193     1.3825     1.7084   -0.00038   -0.00024    90.0014     0.0489     0.0177         20  0.000e+00
     108519  61.691257   4074.233   4012.350     2.3604     2.3600   3.265014   3.265180     1.3812     1.7084   -0.00045   -0.00020    90.0014     0.0416     0.0178         20  0.000e+00
     108520  61.691257   4074.233   4012.350     2.3601     2.3599   3.265027   3.265180     1.3825     1.7072   -0.00044   -0.00023    90.0014     0.0416     0.0180         20  0.000e+00
