data/tmp/fr29002.ros
* Sea-Bird SBE 9 Data File:
* FileName = C:\SEASOFT\PIRATA-FR29\data\fr29002.hex
* Software Version Seasave V 7.26.7.107
* Temperature SN = 6083
* Conductivity SN = 4509
* Number of Bytes Per Scan = 42
* Number of Voltage Words = 3
* Number of Scans Averaged by the Deck Unit = 1
* NMEA Latitude = 08 59.92 N
* NMEA Longitude = 020 07.05 W
* NMEA UTC (Time) = Mar 03 2019 20:26:29
** Cruise: PIRATA-FR29
** Ship: THALASSA
** Station: 002
** Bottom Depth: 3603
** Barometric pressure : 1012.2
** Temp Air: 24.1
** Operator: MG/PR
** Comments:
# nquan = 17
# nvalues = 3860                                  
# units = specified
# name 0 = scan: Scan Count
# name 1 = timeJ: Julian Days
# name 2 = prDM: Pressure, Digiquartz [db]
# name 3 = depSM: Depth [salt water, m]
# name 4 = t090C: Temperature [ITS-90, deg C]
# name 5 = t190C: Temperature, 2 [ITS-90, deg C]
# name 6 = c0S/m: Conductivity [S/m]
# name 7 = c1S/m: Conductivity, 2 [S/m]
# name 8 = sbeox0V: Oxygen raw, SBE 43 [V]
# name 9 = sbeox1V: Oxygen raw, SBE 43, 2 [V]
# name 10 = sbox0dV/dT: Oxygen, SBE 43 [dov/dt]
# name 11 = sbox1dV/dT: Oxygen, SBE 43, 2 [dov/dt]
# name 12 = CStarTr0: Beam Transmission, WET Labs C-Star [%]
# name 13 = flECO-AFL: Fluorescence, WET Labs ECO-AFL/FL [mg/m^3]
# name 14 = flC: Fluorescence, Chelsea Aqua 3 Chl Con [ug/l]
# name 15 = nbf: Bottles Fired
# name 16 = flag:  0.000e+00
# interval = seconds: 0.0416667
# start_time = Mar 03 2019 20:26:30 [System UTC, first data scan.]
# bad_flag = -9.990e-29
*END*
[from data line 2809]
     134161  62.916435     60.064     59.718    16.4578    16.4400   4.517026   4.515330     1.4317     1.7576   -0.00066   -0.00166    87.4428     0.7009     0.1974         15  0.000e+00
     134162  62.916436     60.044     59.698    16.4541    16.4407   4.516675   4.515395     1.4305     1.7576   -0.00069   -0.00175    87.4428     0.7009     0.1974         15  0.000e+00
     134163  62.916436     60.018     59.672    16.4522    16.4410   4.516460   4.515388     1.4317     1.7576   -0.00065   -0.00184    87.4428     0.7009     0.1980         15  0.000e+00
     134164  62.916437     60.018     59.672    16.4511    16.4417   4.516317   4.515489     1.4305     1.7576   -0.00067   -0.00192    87.4193     0.7009     0.1980         15  0.000e+00
     134165  62.916437     60.018     59.672    16.4511    16.4425   4.516302   4.515619     1.4317     1.7576   -0.00061   -0.00199    87.4193     0.7009     0.1980         15  0.000e+00
     134166  62.916438     59.998     59.652    16.4515    16.4435   4.516374   4.515735     1.4305     1.7576   -0.00062   -0.00205    87.4193     0.7009     0.1986         15  0.000e+00
     134167  62.916438     59.966     59.620    16.4522    16.4449   4.516481   4.515901     1.4305     1.7576   -0.00070   -0.00210    87.4428     0.7009     0.1986         15  0.000e+00
     134168  62.916439     60.018     59.672    16.4533    16.4462   4.516531   4.516060     1.4317     1.7576   -0.00063   -0.00214    87.4193     0.7009     0.1992         15  0.000e+00
     134169  62.916439     59.998     59.652    16.4545    16.4476   4.516660   4.516190     1.4317     1.7576   -0.00056   -0.00217    87.4428     0.7009     0.1992         15  0.000e+00
     134170  62.916440     59.920     59.574    16.4561    16.4490   4.516875   4.516357     1.4305     1.7576   -0.00063   -0.00220    87.4193     0.7009     0.1992         15  0.000e+00
     134171  62.916440     59.966     59.620    16.4582    16.4504   4.517068   4.516581     1.4317     1.7563   -0.00063   -0.00228    87.4428     0.7009     0.1992         15  0.000e+00
     134172  62.916440     59.966     59.620    16.4597    16.4525   4.517262   4.516834     1.4317     1.7576   -0.00063   -0.00229    87.4193     0.6936     0.1992         15  0.000e+00
     134173  62.916441     59.946     59.600    16.4609    16.4543   4.517362   4.516993     1.4305     1.7563   -0.00062   -0.00235    87.4193     0.6936     0.1986         15  0.000e+00
     134174  62.916441     59.920     59.574    16.4614    16.4557   4.517448   4.517109     1.4305     1.7563   -0.00068   -0.00240    87.4193     0.6790     0.1980         15  0.000e+00
     134175  62.916442     59.920     59.574    16.4617    16.4573   4.517434   4.517246     1.4317     1.7563   -0.00067   -0.00245    87.4428     0.6277     0.1980         15  0.000e+00
     134176  62.916442     59.946     59.600    16.4621    16.4587   4.517426   4.517406     1.4305     1.7563   -0.00073   -0.00248    87.4193     0.6130     0.1974         15  0.000e+00
     134177  62.916443     59.874     59.528    16.4628    16.4599   4.517520   4.517521     1.4305     1.7563   -0.00071   -0.00249    87.4193     0.6130     0.1974         15  0.000e+00
     134178  62.916443     59.920     59.574    16.4635    16.4614   4.517706   4.517615     1.4305     1.7563   -0.00069   -0.00258    87.4193     0.6204     0.1974         15  0.000e+00
     134179  62.916444     59.874     59.528    16.4647    16.4624   4.517892   4.517767     1.4317     1.7563   -0.00066   -0.00265    87.4428     0.6277     0.1968         15  0.000e+00
     134180  62.916444     59.900     59.555    16.4663    16.4638   4.518092   4.517883     1.4305     1.7563   -0.00063   -0.00271    87.4428     0.6204     0.1962         15  0.000e+00
     134181  62.916445     59.874     59.528    16.4686    16.4646   4.518336   4.517926     1.4305     1.7563   -0.00067   -0.00276    87.4428     0.6130     0.1962         15  0.000e+00
     134182  62.916445     59.874     59.528    16.4723    16.4649   4.518637   4.517934     1.4305     1.7563   -0.00071   -0.00273    87.4428     0.6130     0.1956         15  0.000e+00
     134183  62.916446     59.874     59.528    16.4748    16.4654   4.518880   4.517984     1.4317     1.7563   -0.00067   -0.00269    87.4193     0.6204     0.1951         15  0.000e+00
     134184  62.916446     59.854     59.509    16.4769    16.4658   4.519167   4.518013     1.4317     1.7563   -0.00063   -0.00264    87.4193     0.6204     0.1956         15  0.000e+00
     134185  62.916447     59.821     59.476    16.4796    16.4661   4.519396   4.518042     1.4305     1.7563   -0.00059   -0.00257    87.4428     0.6204     0.1968         15  0.000e+00
     134186  62.916447     59.874     59.528    16.4820    16.4663   4.519553   4.518078     1.4293     1.7563   -0.00069   -0.00257    87.4193     0.6130     0.1974         15  0.000e+00
     134187  62.916448     59.802     59.457    16.4843    16.4663   4.519682   4.518057     1.4305     1.7563   -0.00063   -0.00248    87.4428     0.6130     0.1986         15  0.000e+00
     134188  62.916448     59.821     59.476    16.4846    16.4663   4.519761   4.518049     1.4317     1.7563   -0.00058   -0.00238    87.4193     0.6204     0.1998         15  0.000e+00
     134189  62.916449     59.821     59.476    16.4843    16.4663   4.519761   4.518078     1.4305     1.7563   -0.00059   -0.00227    87.4428     0.6204     0.1998         15  0.000e+00
     134190  62.916449     59.821     59.476    16.4838    16.4667   4.519747   4.518086     1.4305     1.7563   -0.00060   -0.00223    87.4428     0.6204     0.2004         15  0.000e+00
     134191  62.916450     59.756     59.411    16.4833    16.4672   4.519697   4.518172     1.4305     1.7563   -0.00061   -0.00217    87.4193     0.6204     0.2004         15  0.000e+00
     134192  62.916450     59.821     59.476    16.4831    16.4682   4.519704   4.518353     1.4305     1.7563   -0.00062   -0.00210    87.4193     0.6130     0.1998         15  0.000e+00
     134193  62.916451     59.775     59.431    16.4834    16.4695   4.519689   4.518505     1.4317     1.7563   -0.00055   -0.00203    87.4428     0.6277     0.1998         15  0.000e+00
     134194  62.916451     59.802     59.457    16.4843    16.4702   4.519933   4.518491     1.4305     1.7563   -0.00055   -0.00194    87.4193     0.6204     0.1998         15  0.000e+00
     134195  62.916452     59.775     59.431    16.4915    16.4705   4.520570   4.518498     1.4305     1.7563   -0.00055   -0.00185    87.4193     0.6130     0.1992         15  0.000e+00
     134196  62.916452     59.775     59.431    16.5023    16.4707   4.521444   4.518541     1.4305     1.7563   -0.00055   -0.00175    87.4428     0.6204     0.1992         15  0.000e+00
     134197  62.916453     59.775     59.431    16.5080    16.4718   4.522132   4.518744     1.4305     1.7576   -0.00054   -0.00157    87.4428     0.6130     0.1986         15  0.000e+00
     134198  62.916453     59.756     59.411    16.5118    16.4728   4.522483   4.518961     1.4317     1.7563   -0.00046   -0.00145    87.4193     0.6204     0.1986         15  0.000e+00
     134199  62.916454     59.775     59.431    16.5122    16.4737   4.522641   4.519084     1.4305     1.7576   -0.00045   -0.00125    87.4193     0.6130     0.1980         15  0.000e+00
     134200  62.916454     59.775     59.431    16.5117    16.4750   4.522555   4.519207     1.4293     1.7563   -0.00051   -0.00112    87.4428     0.6277     0.1974         15  0.000e+00
     134201  62.916454     59.631     59.287    16.5104    16.4764   4.522404   4.519315     1.4305     1.7576   -0.00050   -0.00098    87.4428     0.6643     0.1974         15  0.000e+00
     134202  62.916455     59.854     59.509    16.5090    16.4780   4.522189   4.519410     1.4305     1.7576   -0.00047   -0.00084    87.4193     0.6790     0.1968         15  0.000e+00
     134203  62.916455     59.729     59.385    16.5069    16.4794   4.521989   4.519417     1.4305     1.7576   -0.00053   -0.00070    87.4193     0.6863     0.1968         15  0.000e+00
     134204  62.916456     59.775     59.431    16.5071    16.4805   4.521939   4.519482     1.4305     1.7576   -0.00050   -0.00055    87.4193     0.6790     0.1974         15  0.000e+00
     134205  62.916456     59.710     59.365    16.5080    16.4808   4.521910   4.519381     1.4305     1.7576   -0.00047   -0.00040    87.3958     0.6790     0.1974         15  0.000e+00
     134206  62.916457     59.775     59.431    16.5080    16.4795   4.521838   4.519236     1.4305     1.7576   -0.00044   -0.00025    87.3958     0.6716     0.1974         15  0.000e+00
     134207  62.916457     59.729     59.385    16.5074    16.4784   4.521681   4.519135     1.4305     1.7576   -0.00041   -0.00017    87.3958     0.6716     0.1980         15  0.000e+00
     134208  62.916458     59.775     59.431    16.5051    16.4771   4.521573   4.519033     1.4305     1.7576   -0.00038   -0.00009    87.3958     0.6716     0.1986         15  0.000e+00
     134209  62.916458     59.710     59.365    16.4998    16.4758   4.521495   4.518946     1.4305     1.7588   -0.00041    0.00006    87.3958     0.6716     0.1992         15  0.000e+00
     134210  62.916459     59.729     59.385    16.4993    16.4752   4.521480   4.518874     1.4305     1.7576   -0.00037    0.00014    87.3958     0.6790     0.1992         15  0.000e+00
     134211  62.916459     59.729     59.385    16.4993    16.4744   4.521423   4.518758     1.4317     1.7576   -0.00033    0.00022    87.3958     0.6790     0.1998         15  0.000e+00
     134212  62.916460     59.756     59.411    16.4971    16.4736   4.521315   4.518686     1.4317     1.7576   -0.00022    0.00030    87.3958     0.6716     0.2004         15  0.000e+00
     134213  62.916460     59.729     59.385    16.4928    16.4723   4.521115   4.518570     1.4305     1.7576   -0.00026    0.00037    87.3958     0.6716     0.2009         15  0.000e+00
     134214  62.916461     59.729     59.385    16.4894    16.4718   4.520821   4.518433     1.4305     1.7576   -0.00022    0.00045    87.3958     0.6716     0.2015         15  0.000e+00
     134215  62.916461     59.729     59.385    16.4880    16.4703   4.520549   4.518360     1.4317     1.7588   -0.00018    0.00060    87.3958     0.6790     0.2021         15  0.000e+00
     134216  62.916462     59.756     59.411    16.4875    16.4697   4.520391   4.518274     1.4305     1.7588   -0.00022    0.00075    87.3723     0.6790     0.2027         15  0.000e+00
     134217  62.916462     59.729     59.385    16.4873    16.4690   4.520277   4.518208     1.4305     1.7588   -0.00018    0.00089    87.3958     0.6790     0.2040         15  0.000e+00
     134218  62.916463     59.729     59.385    16.4873    16.4686   4.520248   4.518151     1.4317     1.7576   -0.00006    0.00096    87.3958     0.6790     0.2046         15  0.000e+00
     134219  62.916463     59.729     59.385    16.4871    16.4681   4.520162   4.518151     1.4305     1.7576   -0.00010    0.00103    87.3958     0.6716     0.2052         15  0.000e+00
     134220  62.916464     59.756     59.411    16.4868    16.4676   4.520162   4.518107     1.4305     1.7576   -0.00006    0.00102    87.3958     0.6863     0.2052         15  0.000e+00
     134221  62.916464     59.729     59.385    16.4864    16.4673   4.520119   4.518085     1.4317     1.7576    0.00006    0.00109    87.3958     0.6716     0.2052         15  0.000e+00
     134222  62.916465     59.729     59.385    16.4866    16.4672   4.520126   4.518035     1.4305     1.7576    0.00003    0.00108    87.3958     0.6790     0.2046         15  0.000e+00
     134223  62.916465     59.756     59.411    16.4871    16.4669   4.520162   4.518042     1.4305     1.7576    0.00000    0.00107    87.3958     0.6790     0.2052         15  0.000e+00
     134224  62.916466     59.729     59.385    16.4860    16.4663   4.520169   4.518028     1.4317     1.7576    0.00012    0.00105    87.3723     0.6790     0.2046         15  0.000e+00
     134225  62.916466     59.775     59.431    16.4862    16.4659   4.520169   4.517955     1.4317     1.7576    0.00016    0.00104    87.4193     0.6790     0.2040         15  0.000e+00
     134226  62.916467     59.729     59.385    16.4843    16.4658   4.520055   4.517970     1.4305     1.7576    0.00013    0.00101    87.4193     0.6936     0.2034         15  0.000e+00
     134227  62.916467     59.756     59.411    16.4831    16.4658   4.519840   4.517970     1.4305     1.7576    0.00009    0.00099    87.4428     0.7815     0.2021         15  0.000e+00
     134228  62.916467     59.729     59.385    16.4823    16.4654   4.519675   4.517977     1.4317     1.7576    0.00021    0.00096    87.4193     0.8255     0.2015         15  0.000e+00
     134229  62.916468     59.775     59.431    16.4806    16.4658   4.519575   4.517999     1.4305     1.7576    0.00017    0.00093    87.4428     0.8401     0.2009         15  0.000e+00
     134230  62.916468     59.756     59.411    16.4771    16.4658   4.519210   4.518013     1.4305     1.7576    0.00014    0.00090    87.4193     0.8328     0.1998         15  0.000e+00
     134231  62.916469     59.729     59.385    16.4737    16.4658   4.518830   4.518006     1.4317     1.7576    0.00018    0.00086    87.4193     0.8328     0.1992         15  0.000e+00
     134232  62.916469     59.729     59.385    16.4723    16.4658   4.518608   4.517984     1.4317     1.7576    0.00029    0.00083    87.4428     0.8328     0.1986         15  0.000e+00
     134233  62.916470     59.775     59.431    16.4714    16.4658   4.518501   4.517970     1.4305     1.7576    0.00033    0.00078    87.4428     0.8401     0.1980         15  0.000e+00
     134234  62.916470     59.756     59.411    16.4709    16.4652   4.518429   4.517803     1.4305     1.7563    0.00030    0.00067    87.4428     0.8401     0.1974         15  0.000e+00
     134235  62.916471     59.729     59.385    16.4704    16.4646   4.518372   4.517738     1.4317     1.7576    0.00026    0.00062    87.4428     0.8328     0.1968         15  0.000e+00
     134236  62.916471     59.821     59.476    16.4697    16.4638   4.518271   4.517717     1.4305     1.7576    0.00022    0.00057    87.4428     0.8328     0.1968         15  0.000e+00
     134237  62.916472     59.729     59.385    16.4688    16.4635   4.518221   4.517673     1.4317     1.7576    0.00033    0.00052    87.4193     0.8328     0.1968         15  0.000e+00
     134238  62.916472     59.756     59.411    16.4683    16.4628   4.518178   4.517644     1.4317     1.7576    0.00036    0.00047    87.4428     0.8328     0.1968         15  0.000e+00
     134239  62.916473     59.775     59.431    16.4684    16.4628   4.518121   4.517572     1.4305     1.7563    0.00032    0.00034    87.4428     0.8401     0.1968         15  0.000e+00
     134240  62.916473     59.775     59.431    16.4672    16.4622   4.518092   4.517550     1.4317     1.7563    0.00035    0.00021    87.4193     0.8401     0.1968         15  0.000e+00
     134241  62.916474     59.756     59.411    16.4663    16.4616   4.517964   4.517442     1.4305     1.7576    0.00031    0.00016    87.4193     0.8328     0.1974         15  0.000e+00
     134242  62.916474     59.775     59.431    16.4651    16.4610   4.517842   4.517369     1.4305     1.7576    0.00034    0.00010    87.4193     0.8328     0.1968         15  0.000e+00
     134243  62.916475     59.775     59.431    16.4644    16.4603   4.517756   4.517304     1.4317     1.7576    0.00037    0.00003    87.4193     0.8328     0.1968         15  0.000e+00
     134244  62.916475     59.821     59.476    16.4633    16.4601   4.517641   4.517311     1.4317     1.7563    0.00039   -0.00010    87.4193     0.8328     0.1968         15  0.000e+00
