data/tmp/fr29002.ros
* Sea-Bird SBE 9 Data File:
* FileName = C:\SEASOFT\PIRATA-FR29\data\fr29002.hex
* Software Version Seasave V 7.26.7.107
* Temperature SN = 6083
* Conductivity SN = 4509
* Number of Bytes Per Scan = 42
* Number of Voltage Words = 3
* Number of Scans Averaged by the Deck Unit = 1
* NMEA Latitude = 08 59.92 N
* NMEA Longitude = 020 07.05 W
* NMEA UTC (Time) = Mar 03 2019 20:26:29
** Cruise: PIRATA-FR29
** Ship: THALASSA
** Station: 002
** Bottom Depth: 3603
** Barometric pressure : 1012.2
** Temp Air: 24.1
** Operator: MG/PR
** Comments:
# nquan = 17
# nvalues = 3860                                  
# units = specified
# name 0 = scan: Scan Count
# name 1 = timeJ: Julian Days
# name 2 = prDM: Pressure, Digiquartz [db]
# name 3 = depSM: Depth [salt water, m]
# name 4 = t090C: Temperature [ITS-90, deg C]
# name 5 = t190C: Temperature, 2 [ITS-90, deg C]
# name 6 = c0S/m: Conductivity [S/m]
# name 7 = c1S/m: Conductivity, 2 [S/m]
# name 8 = sbeox0V: Oxygen raw, SBE 43 [V]
# name 9 = sbeox1V: Oxygen raw, SBE 43, 2 [V]
# name 10 = sbox0dV/dT: Oxygen, SBE 43 [dov/dt]
# name 11 = sbox1dV/dT: Oxygen, SBE 43, 2 [dov/dt]
# name 12 = CStarTr0: Beam Transmission, WET Labs C-Star [%]
# name 13 = flECO-AFL: Fluorescence, WET Labs ECO-AFL/FL [mg/m^3]
# name 14 = flC: Fluorescence, Chelsea Aqua 3 Chl Con [ug/l]
# name 15 = nbf: Bottles Fired
# name 16 = flag:  0.000e+00
# interval = seconds: 0.0416667
# start_time = Mar 03 2019 20:26:30 [System UTC, first data scan.]
# bad_flag = -9.990e-29
*END*
[from data line 341]
      55630  62.878563   2025.769   2004.673     3.4585     3.4579   3.290696   3.290836     1.6841     2.1042   -0.00021   -0.00002    88.3817     0.0489     0.0200          2  0.000e+00
      55631  62.878564   2025.769   2004.673     3.4585     3.4582   3.290696   3.290830     1.6841     2.1042   -0.00017   -0.00004    88.3817     0.0563     0.0202          2  0.000e+00
      55632  62.878564   2025.769   2004.673     3.4585     3.4580   3.290740   3.290849     1.6841     2.1042   -0.00014   -0.00007    88.3817     0.0563     0.0203          2  0.000e+00
      55633  62.878565   2025.769   2004.673     3.4585     3.4582   3.290753   3.290855     1.6853     2.1042   -0.00010   -0.00009    88.3817     0.0563     0.0203          2  0.000e+00
      55634  62.878565   2025.749   2004.653     3.4587     3.4580   3.290728   3.290855     1.6841     2.1042   -0.00014   -0.00011    88.3817     0.0563     0.0203          2  0.000e+00
      55635  62.878566   2025.769   2004.673     3.4585     3.4581   3.290702   3.290843     1.6841     2.1055   -0.00010   -0.00006    88.3817     0.0563     0.0203          2  0.000e+00
      55636  62.878566   2025.817   2004.720     3.4590     3.4582   3.290740   3.290874     1.6841     2.1042   -0.00014   -0.00008    88.3817     0.0636     0.0203          2  0.000e+00
      55637  62.878567   2025.817   2004.720     3.4587     3.4580   3.290728   3.290887     1.6841     2.1042   -0.00018   -0.00003    88.3817     0.0489     0.0203          2  0.000e+00
      55638  62.878567   2025.749   2004.653     3.4588     3.4579   3.290740   3.290862     1.6841     2.1042   -0.00021   -0.00005    88.3817     0.0489     0.0203          2  0.000e+00
      55639  62.878568   2025.817   2004.720     3.4587     3.4579   3.290753   3.290855     1.6841     2.1042   -0.00017   -0.00007    88.3817     0.0489     0.0203          2  0.000e+00
      55640  62.878568   2025.817   2004.720     3.4590     3.4580   3.290753   3.290836     1.6841     2.1042   -0.00013   -0.00009    88.3817     0.0563     0.0200          2  0.000e+00
      55641  62.878569   2025.817   2004.720     3.4590     3.4580   3.290728   3.290849     1.6841     2.1042   -0.00009   -0.00011    88.3817     0.0563     0.0197          2  0.000e+00
      55642  62.878569   2025.817   2004.720     3.4588     3.4581   3.290721   3.290855     1.6841     2.1055   -0.00011   -0.00006    88.3817     0.0563     0.0194          2  0.000e+00
      55643  62.878570   2025.852   2004.754     3.4585     3.4580   3.290721   3.290855     1.6841     2.1042   -0.00014   -0.00009    88.3817     0.0563     0.0191          2  0.000e+00
      55644  62.878570   2025.818   2004.721     3.4587     3.4580   3.290721   3.290836     1.6841     2.1042   -0.00017   -0.00011    88.3817     0.0563     0.0189          2  0.000e+00
      55645  62.878571   2025.872   2004.774     3.4585     3.4580   3.290696   3.290881     1.6841     2.1042   -0.00019   -0.00014    88.3817     0.0489     0.0187          2  0.000e+00
      55646  62.878571   2025.818   2004.721     3.4587     3.4580   3.290709   3.290862     1.6841     2.1042   -0.00015   -0.00016    88.3817     0.0563     0.0185          2  0.000e+00
      55647  62.878572   2025.818   2004.721     3.4584     3.4580   3.290702   3.290855     1.6841     2.1055   -0.00017   -0.00011    88.3817     0.0489     0.0184          2  0.000e+00
      55648  62.878572   2025.906   2004.808     3.4585     3.4582   3.290690   3.290855     1.6841     2.1055   -0.00012   -0.00007    88.3817     0.0489     0.0184          2  0.000e+00
      55649  62.878573   2025.818   2004.721     3.4584     3.4580   3.290690   3.290836     1.6841     2.1042   -0.00014   -0.00002    88.3817     0.0563     0.0183          2  0.000e+00
      55650  62.878573   2025.927   2004.829     3.4585     3.4581   3.290709   3.290849     1.6841     2.1042   -0.00016   -0.00005    88.3817     0.0563     0.0181          2  0.000e+00
      55651  62.878573   2025.873   2004.775     3.4587     3.4580   3.290696   3.290855     1.6841     2.1042   -0.00018    0.00000    88.3817     0.0489     0.0180          2  0.000e+00
      55652  62.878574   2025.907   2004.809     3.4588     3.4582   3.290696   3.290836     1.6841     2.1042   -0.00020   -0.00002    88.4052     0.0563     0.0179          2  0.000e+00
      55653  62.878574   2025.873   2004.775     3.4587     3.4579   3.290740   3.290830     1.6841     2.1042   -0.00023   -0.00005    88.3817     0.0563     0.0179          2  0.000e+00
      55654  62.878575   2025.927   2004.829     3.4588     3.4580   3.290728   3.290836     1.6841     2.1055   -0.00025    0.00000    88.3817     0.0489     0.0179          2  0.000e+00
      55655  62.878575   2025.927   2004.829     3.4587     3.4577   3.290740   3.290830     1.6841     2.1055   -0.00027    0.00005    88.3817     0.0563     0.0179          2  0.000e+00
      55656  62.878576   2025.873   2004.775     3.4588     3.4580   3.290753   3.290849     1.6841     2.1055   -0.00021    0.00009    88.3817     0.0489     0.0180          2  0.000e+00
      55657  62.878576   2025.955   2004.856     3.4588     3.4579   3.290728   3.290836     1.6841     2.1042   -0.00016    0.00006    88.3817     0.0489     0.0183          2  0.000e+00
      55658  62.878577   2025.928   2004.829     3.4588     3.4579   3.290766   3.290849     1.6841     2.1055   -0.00009    0.00017    88.3817     0.0489     0.0187          2  0.000e+00
      55659  62.878577   2025.975   2004.876     3.4590     3.4577   3.290785   3.290836     1.6841     2.1055   -0.00011    0.00029    88.3817     0.0489     0.0191          2  0.000e+00
      55660  62.878578   2025.928   2004.829     3.4592     3.4577   3.290785   3.290849     1.6841     2.1055   -0.00012    0.00040    88.4052     0.0489     0.0195          2  0.000e+00
      55661  62.878578   2026.010   2004.910     3.4588     3.4580   3.290785   3.290855     1.6841     2.1042   -0.00013    0.00045    88.3817     0.0563     0.0199          2  0.000e+00
      55662  62.878579   2025.976   2004.876     3.4593     3.4579   3.290785   3.290874     1.6841     2.1055   -0.00014    0.00049    88.3817     0.0563     0.0202          2  0.000e+00
      55663  62.878579   2025.976   2004.876     3.4590     3.4580   3.290759   3.290868     1.6841     2.1042   -0.00016    0.00045    88.3817     0.0489     0.0203          2  0.000e+00
      55664  62.878580   2026.030   2004.930     3.4593     3.4579   3.290778   3.290855     1.6841     2.1042   -0.00017    0.00042    88.3817     0.0489     0.0205          2  0.000e+00
      55665  62.878580   2025.976   2004.877     3.4592     3.4584   3.290803   3.290874     1.6841     2.1042   -0.00018    0.00039    88.3817     0.0563     0.0205          2  0.000e+00
      55666  62.878581   2026.010   2004.910     3.4592     3.4580   3.290791   3.290862     1.6841     2.1055   -0.00012    0.00043    88.3817     0.0489     0.0206          2  0.000e+00
      55667  62.878581   2026.031   2004.930     3.4592     3.4584   3.290804   3.290855     1.6841     2.1055   -0.00012    0.00046    88.3817     0.0563     0.0206          2  0.000e+00
      55668  62.878582   2026.078   2004.978     3.4595     3.4580   3.290791   3.290836     1.6841     2.1042   -0.00013    0.00042    88.3817     0.0489     0.0207          2  0.000e+00
      55669  62.878582   2026.031   2004.931     3.4595     3.4582   3.290803   3.290830     1.6841     2.1042   -0.00014    0.00038    88.3817     0.0563     0.0207          2  0.000e+00
      55670  62.878583   2025.976   2004.877     3.4592     3.4582   3.290791   3.290849     1.6841     2.1042   -0.00015    0.00035    88.3817     0.0563     0.0207          2  0.000e+00
      55671  62.878583   2026.167   2005.065     3.4590     3.4581   3.290759   3.290855     1.6853     2.1055   -0.00009    0.00038    88.3817     0.0563     0.0209          2  0.000e+00
      55672  62.878584   2026.031   2004.931     3.4590     3.4579   3.290753   3.290836     1.6841     2.1042   -0.00010    0.00034    88.3817     0.0563     0.0210          2  0.000e+00
      55673  62.878584   2026.133   2005.032     3.4590     3.4582   3.290753   3.290855     1.6841     2.1042   -0.00011    0.00029    88.4052     0.0563     0.0211          2  0.000e+00
      55674  62.878585   2026.133   2005.032     3.4590     3.4579   3.290753   3.290836     1.6841     2.1042   -0.00012    0.00025    88.3817     0.0489     0.0213          2  0.000e+00
      63569  62.882392   1768.652   1751.291     3.7837     3.7833   3.309558   3.309729     1.7028     2.1259    0.00001    0.00001    88.4287     0.0563     0.0150          3  0.000e+00
      63570  62.882392   1768.700   1751.338     3.7835     3.7833   3.309551   3.309729     1.7028     2.1259    0.00001    0.00000    88.4287     0.0563     0.0150          3  0.000e+00
      63571  62.882393   1768.700   1751.338     3.7837     3.7831   3.309595   3.309761     1.7028     2.1259    0.00001 6.0077e-07    88.4052     0.0489     0.0150          3  0.000e+00
      63572  62.882393   1768.700   1751.338     3.7834     3.7833   3.309564   3.309755     1.7028     2.1271    0.00001    0.00007    88.4052     0.0563     0.0151          3  0.000e+00
      63573  62.882394   1768.754   1751.392     3.7834     3.7831   3.309551   3.309710     1.7028     2.1259    0.00001    0.00006    88.4052     0.0489     0.0153          3  0.000e+00
      63574  62.882394   1768.754   1751.392     3.7831     3.7830   3.309570   3.309685     1.7028     2.1259    0.00001    0.00006    88.4052     0.0563     0.0156          3  0.000e+00
      63575  62.882395   1768.802   1751.439     3.7832     3.7831   3.309558   3.309697     1.7028     2.1271    0.00001    0.00012    88.4052     0.0489     0.0159          3  0.000e+00
      63576  62.882395   1768.754   1751.392     3.7833     3.7831   3.309532   3.309710     1.7028     2.1259    0.00001    0.00012    88.4052     0.0563     0.0160          3  0.000e+00
      63577  62.882396   1768.802   1751.439     3.7832     3.7830   3.309545   3.309717     1.7028     2.1259    0.00001    0.00011    88.4052     0.0563     0.0161          3  0.000e+00
      63578  62.882396   1768.856   1751.492     3.7831     3.7828   3.309551   3.309678     1.7016     2.1259   -0.00014    0.00010    88.4287     0.0563     0.0162          3  0.000e+00
      63579  62.882397   1768.802   1751.439     3.7831     3.7828   3.309532   3.309678     1.7028     2.1259   -0.00014    0.00009    88.4287     0.0563     0.0162          3  0.000e+00
      63580  62.882397   1768.856   1751.492     3.7831     3.7826   3.309526   3.309697     1.7028     2.1259   -0.00014    0.00008    88.4052     0.0489     0.0162          3  0.000e+00
      63581  62.882398   1768.904   1751.539     3.7831     3.7826   3.309545   3.309665     1.7028     2.1259   -0.00014    0.00007    88.4052     0.0563     0.0162          3  0.000e+00
      63582  62.882398   1768.856   1751.492     3.7829     3.7825   3.309570   3.309678     1.7028     2.1259   -0.00014    0.00006    88.4052     0.0563     0.0164          3  0.000e+00
      63583  62.882399   1768.911   1751.546     3.7831     3.7824   3.309539   3.309672     1.7028     2.1259   -0.00014    0.00005    88.4052     0.0563     0.0166          3  0.000e+00
      63584  62.882399   1768.904   1751.539     3.7829     3.7823   3.309545   3.309678     1.7028     2.1259   -0.00014    0.00004    88.4052     0.0563     0.0168          3  0.000e+00
      63585  62.882400   1768.958   1751.593     3.7831     3.7823   3.309551   3.309646     1.7028     2.1259   -0.00014    0.00003    88.4052     0.0489     0.0170          3  0.000e+00
      63586  62.882400   1768.958   1751.593     3.7829     3.7825   3.309526   3.309653     1.7028     2.1259   -0.00006    0.00002    88.4052     0.0489     0.0170          3  0.000e+00
      63587  62.882401   1768.959   1751.593     3.7833     3.7823   3.309520   3.309640     1.7028     2.1259   -0.00006    0.00002    88.4052     0.0563     0.0170          3  0.000e+00
      63588  62.882401   1769.013   1751.647     3.7829     3.7823   3.309526   3.309697     1.7028     2.1259   -0.00005    0.00001    88.4052     0.0563     0.0168          3  0.000e+00
      63589  62.882402   1769.013   1751.647     3.7829     3.7824   3.309526   3.309691     1.7028     2.1259   -0.00005   -0.00000    88.4052     0.0489     0.0168          3  0.000e+00
      63590  62.882402   1769.060   1751.694     3.7829     3.7823   3.309545   3.309672     1.7028     2.1247   -0.00005   -0.00008    88.4052     0.0489     0.0168          3  0.000e+00
      63591  62.882403   1769.013   1751.647     3.7829     3.7823   3.309551   3.309678     1.7028     2.1259   -0.00005   -0.00009    88.4052     0.0489     0.0168          3  0.000e+00
      63592  62.882403   1769.061   1751.694     3.7827     3.7824   3.309507   3.309697     1.7028     2.1259   -0.00004   -0.00010    88.4052     0.0489     0.0169          3  0.000e+00
      63593  62.882404   1769.061   1751.694     3.7826     3.7823   3.309532   3.309685     1.7028     2.1259   -0.00004   -0.00010    88.4052     0.0563     0.0170          3  0.000e+00
      63594  62.882404   1769.162   1751.794     3.7827     3.7823   3.309551   3.309685     1.7028     2.1259   -0.00004   -0.00011    88.4052     0.0563     0.0170          3  0.000e+00
      63595  62.882405   1769.115   1751.747     3.7827     3.7823   3.309526   3.309672     1.7028     2.1259   -0.00003   -0.00004    88.4052     0.0563     0.0170          3  0.000e+00
      63596  62.882405   1769.115   1751.747     3.7827     3.7821   3.309501   3.309659     1.7028     2.1259   -0.00003   -0.00004    88.4052     0.0489     0.0170          3  0.000e+00
      63597  62.882405   1769.115   1751.747     3.7829     3.7823   3.309513   3.309666     1.7028     2.1259   -0.00003   -0.00004    88.4052     0.0563     0.0170          3  0.000e+00
      63598  62.882406   1769.217   1751.848     3.7829     3.7823   3.309526   3.309704     1.7016     2.1259   -0.00010   -0.00005    88.4052     0.0489     0.0168          3  0.000e+00
      63599  62.882406   1769.115   1751.747     3.7829     3.7824   3.309583   3.309646     1.7028     2.1259   -0.00009   -0.00005    88.4052     0.0489     0.0165          3  0.000e+00
      63600  62.882407   1769.271   1751.901     3.7829     3.7823   3.309545   3.309685     1.7028     2.1259   -0.00009   -0.00005    88.4287     0.0563     0.0160          3  0.000e+00
      63601  62.882407   1769.217   1751.848     3.7827     3.7824   3.309526   3.309685     1.7028     2.1259   -0.00008   -0.00006    88.4052     0.0489     0.0156          3  0.000e+00
      63602  62.882408   1769.271   1751.901     3.7827     3.7824   3.309526   3.309698     1.7028     2.1259   -0.00007   -0.00006    88.4052     0.0563     0.0153          3  0.000e+00
      63603  62.882408   1769.271   1751.902     3.7829     3.7824   3.309520   3.309666     1.7028     2.1259   -0.00007   -0.00006    88.4052     0.0489     0.0152          3  0.000e+00
      63604  62.882409   1769.217   1751.848     3.7827     3.7825   3.309520   3.309678     1.7028     2.1259   -0.00006   -0.00007    88.4052     0.0489     0.0152          3  0.000e+00
      63605  62.882409   1769.319   1751.948     3.7827     3.7824   3.309545   3.309672     1.7028     2.1259   -0.00005   -0.00007    88.4052     0.0563     0.0153          3  0.000e+00
      63606  62.882410   1769.319   1751.948     3.7826     3.7824   3.309551   3.309678     1.7028     2.1247    0.00003   -0.00014    88.4052     0.0563     0.0154          3  0.000e+00
      63607  62.882410   1769.319   1751.949     3.7827     3.7824   3.309526   3.309646     1.7028     2.1247    0.00004   -0.00022    88.4052     0.0563     0.0158          3  0.000e+00
