data/tmp/fr29002.ros
* Sea-Bird SBE 9 Data File:
* FileName = C:\SEASOFT\PIRATA-FR29\data\fr29002.hex
* Software Version Seasave V 7.26.7.107
* Temperature SN = 6083
* Conductivity SN = 4509
* Number of Bytes Per Scan = 42
* Number of Voltage Words = 3
* Number of Scans Averaged by the Deck Unit = 1
* NMEA Latitude = 08 59.92 N
* NMEA Longitude = 020 07.05 W
* NMEA UTC (Time) = Mar 03 2019 20:26:29
** Cruise: PIRATA-FR29
** Ship: THALASSA
** Station: 002
** Bottom Depth: 3603
** Barometric pressure : 1012.2
** Temp Air: 24.1
** Operator: MG/PR
** Comments:
# nquan = 17
# nvalues = 3860                                  
# units = specified
# name 0 = scan: Scan Count
# name 1 = timeJ: Julian Days
# name 2 = prDM: Pressure, Digiquartz [db]
# name 3 = depSM: Depth [salt water, m]
# name 4 = t090C: Temperature [ITS-90, deg C]
# name 5 = t190C: Temperature, 2 [ITS-90, deg C]
# name 6 = c0S/m: Conductivity [S/m]
# name 7 = c1S/m: Conductivity, 2 [S/m]
# name 8 = sbeox0V: Oxygen raw, SBE 43 [V]
# name 9 = sbeox1V: Oxygen raw, SBE 43, 2 [V]
# name 10 = sbox0dV/dT: Oxygen, SBE 43 [dov/dt]
# name 11 = sbox1dV/dT: Oxygen, SBE 43, 2 [dov/dt]
# name 12 = CStarTr0: Beam Transmission, WET Labs C-Star [%]
# name 13 = flECO-AFL: Fluorescence, WET Labs ECO-AFL/FL [mg/m^3]
# name 14 = flC: Fluorescence, Chelsea Aqua 3 Chl Con [ug/l]
# name 15 = nbf: Bottles Fired
# name 16 = flag:  0.000e+00
# interval = seconds: 0.0416667
# start_time = Mar 03 2019 20:26:30 [System UTC, first data scan.]
# bad_flag = -9.990e-29
*END*
[from data line 1532]
     106766  62.903224    605.166    600.886     8.0257     8.0288   3.640949   3.641494     0.8779     1.0285   -0.00036   -0.00147    88.2409     0.0636     0.0404          8  0.000e+00
     106767  62.903224    605.093    600.813     8.0262     8.0296   3.640962   3.641514     0.8767     1.0285   -0.00041   -0.00136    88.2409     0.0636     0.0402          8  0.000e+00
     106768  62.903225    605.166    600.886     8.0262     8.0300   3.640916   3.641514     0.8767     1.0273   -0.00045   -0.00140    88.2409     0.0782     0.0399          8  0.000e+00
     106769  62.903225    605.120    600.840     8.0250     8.0301   3.640851   3.641514     0.8767     1.0285   -0.00049   -0.00135    88.2409     0.0636     0.0397          8  0.000e+00
     106770  62.903226    605.120    600.840     8.0249     8.0301   3.640818   3.641514     0.8779     1.0285   -0.00039   -0.00129    88.2409     0.0636     0.0396          8  0.000e+00
     106771  62.903226    605.140    600.860     8.0252     8.0298   3.640831   3.641461     0.8779     1.0285   -0.00035   -0.00123    88.2409     0.0709     0.0394          8  0.000e+00
     106772  62.903227    605.074    600.794     8.0259     8.0300   3.640930   3.641448     0.8779     1.0285   -0.00024   -0.00117    88.2409     0.0636     0.0396          8  0.000e+00
     106773  62.903227    605.120    600.840     8.0260     8.0296   3.640962   3.641494     0.8779     1.0285   -0.00020   -0.00110    88.2409     0.0709     0.0396          8  0.000e+00
     106774  62.903228    605.120    600.840     8.0263     8.0291   3.640989   3.641435     0.8779     1.0285   -0.00016   -0.00102    88.2409     0.0709     0.0397          8  0.000e+00
     106775  62.903228    605.094    600.814     8.0265     8.0293   3.641048   3.641408     0.8779     1.0285   -0.00012   -0.00093    88.2409     0.0709     0.0399          8  0.000e+00
     106776  62.903229    605.074    600.794     8.0274     8.0293   3.641133   3.641435     0.8779     1.0285   -0.00008   -0.00084    88.2409     0.0709     0.0400          8  0.000e+00
     106777  62.903229    605.120    600.840     8.0281     8.0316   3.641232   3.641687     0.8779     1.0285   -0.00004   -0.00075    88.2409     0.0636     0.0403          8  0.000e+00
     114504  62.906956    403.531    400.871    10.6917    10.6930   3.911506   3.911936     0.7731     0.8903    0.00006    0.00004    88.1705     0.0709     0.0449          9  0.000e+00
     114505  62.906956    403.584    400.924    10.6925    10.6947   3.911580   3.912181     0.7731     0.8891   -0.00001   -0.00009    88.1705     0.0782     0.0447          9  0.000e+00
     114506  62.906957    403.511    400.852    10.6930    10.6961   3.911702   3.912365     0.7731     0.8903   -0.00007   -0.00008    88.1705     0.0709     0.0445          9  0.000e+00
     114507  62.906957    403.584    400.924    10.6927    10.6974   3.911607   3.912386     0.7743     0.8903    0.00002   -0.00007    88.1705     0.0782     0.0444          9  0.000e+00
     114508  62.906957    403.531    400.871    10.6918    10.6976   3.911465   3.912372     0.7731     0.8903   -0.00005   -0.00006    88.1705     0.0782     0.0444          9  0.000e+00
     114509  62.906958    403.531    400.872    10.6918    10.6979   3.911506   3.912352     0.7743     0.8903   -0.00004   -0.00004    88.1705     0.0782     0.0444          9  0.000e+00
     114510  62.906958    403.485    400.826    10.6927    10.6976   3.911607   3.912263     0.7743     0.8891    0.00004   -0.00010    88.1705     0.0782     0.0444          9  0.000e+00
     114511  62.906959    403.512    400.852    10.6943    10.6967   3.911789   3.912065     0.7731     0.8903    0.00005   -0.00009    88.1705     0.0709     0.0444          9  0.000e+00
     114512  62.906959    403.485    400.826    10.6952    10.6956   3.911864   3.911956     0.7731     0.8903    0.00006   -0.00007    88.1705     0.0709     0.0442          9  0.000e+00
     114513  62.906960    403.485    400.826    10.6958    10.6952   3.911951   3.911956     0.7731     0.8891    0.00008   -0.00013    88.1705     0.0856     0.0441          9  0.000e+00
     114514  62.906960    403.485    400.826    10.6960    10.6952   3.911951   3.912024     0.7731     0.8891    0.00002   -0.00019    88.1705     0.0856     0.0439          9  0.000e+00
     114515  62.906961    403.433    400.774    10.6966    10.6961   3.911945   3.912086     0.7731     0.8891   -0.00004   -0.00024    88.1705     0.0782     0.0438          9  0.000e+00
     114516  62.906961    403.459    400.800    10.6966    10.6967   3.911992   3.912161     0.7731     0.8903   -0.00009   -0.00021    88.1705     0.0709     0.0438          9  0.000e+00
     114517  62.906962    403.433    400.774    10.6968    10.6969   3.912012   3.912167     0.7731     0.8903   -0.00015   -0.00019    88.1705     0.0782     0.0438          9  0.000e+00
     114518  62.906962    403.433    400.774    10.6971    10.6969   3.912060   3.912229     0.7743     0.8891   -0.00013   -0.00024    88.1705     0.0782     0.0436          9  0.000e+00
     114519  62.906963    403.433    400.774    10.6976    10.6973   3.912100   3.912290     0.7743     0.8891   -0.00012   -0.00036    88.1705     0.0709     0.0438          9  0.000e+00
     114520  62.906963    403.387    400.728    10.6980    10.6974   3.912134   3.912365     0.7731     0.8891   -0.00011   -0.00040    88.1705     0.0782     0.0439          9  0.000e+00
     114521  62.906964    403.413    400.754    10.6980    10.6983   3.912168   3.912427     0.7731     0.8903   -0.00017   -0.00037    88.1470     0.0709     0.0441          9  0.000e+00
     114522  62.906964    403.387    400.728    10.6978    10.6983   3.912154   3.912270     0.7731     0.8903   -0.00016   -0.00034    88.1705     0.0709     0.0445          9  0.000e+00
     114523  62.906965    403.341    400.682    10.6978    10.6974   3.912147   3.912188     0.7731     0.8903   -0.00021   -0.00031    88.1705     0.0782     0.0450          9  0.000e+00
     114524  62.906965    403.341    400.682    10.6983    10.6971   3.912168   3.912222     0.7731     0.8903   -0.00027   -0.00028    88.1705     0.0856     0.0455          9  0.000e+00
     114525  62.906966    403.361    400.702    10.6982    10.6973   3.912181   3.912270     0.7743     0.8891   -0.00025   -0.00032    88.1705     0.0782     0.0458          9  0.000e+00
     114526  62.906966    403.288    400.630    10.6987    10.6973   3.912201   3.912222     0.7731     0.8891   -0.00031   -0.00036    88.1705     0.0782     0.0461          9  0.000e+00
     114527  62.906967    403.341    400.682    10.6988    10.6969   3.912215   3.912208     0.7743     0.8891   -0.00023   -0.00040    88.1705     0.0782     0.0465          9  0.000e+00
     114528  62.906967    403.288    400.630    10.6992    10.6969   3.912235   3.912229     0.7743     0.8891   -0.00014   -0.00043    88.1705     0.0782     0.0466          9  0.000e+00
     114529  62.906968    403.288    400.630    10.6995    10.6973   3.912249   3.912297     0.7743     0.8891   -0.00013   -0.00046    88.1705     0.0782     0.0470          9  0.000e+00
     114530  62.906968    403.216    400.558    10.6997    10.6978   3.912303   3.912331     0.7731     0.8903   -0.00012   -0.00042    88.1705     0.0856     0.0470          9  0.000e+00
     114531  62.906969    403.288    400.630    10.7000    10.6978   3.912323   3.912270     0.7731     0.8903   -0.00010   -0.00037    88.1705     0.0856     0.0471          9  0.000e+00
     114532  62.906969    403.189    400.532    10.7000    10.6973   3.912316   3.912208     0.7731     0.8891   -0.00008   -0.00040    88.1705     0.0856     0.0471          9  0.000e+00
     114533  62.906970    403.242    400.584    10.6998    10.6965   3.912316   3.912133     0.7731     0.8903   -0.00014   -0.00035    88.1705     0.0782     0.0471          9  0.000e+00
     114534  62.906970    403.189    400.532    10.6999    10.6962   3.912323   3.912161     0.7743     0.8891   -0.00004   -0.00037    88.1705     0.0709     0.0473          9  0.000e+00
     114535  62.906970    403.216    400.558    10.6995    10.6973   3.912262   3.912324     0.7743     0.8891   -0.00003   -0.00040    88.1705     0.0782     0.0473          9  0.000e+00
     114536  62.906971    403.143    400.486    10.6994    10.6981   3.912269   3.912427     0.7743     0.8891   -0.00001   -0.00041    88.1705     0.0782     0.0473          9  0.000e+00
     114537  62.906971    403.143    400.486    10.6995    10.6986   3.912282   3.912440     0.7743     0.8891 8.7246e-07   -0.00043    88.1705     0.0709     0.0473          9  0.000e+00
     114538  62.906972    403.097    400.441    10.6996    10.6981   3.912282   3.912317     0.7743     0.8891    0.00001   -0.00052    88.1705     0.0782     0.0471          9  0.000e+00
     114539  62.906972    403.143    400.486    10.6990    10.6981   3.912255   3.912270     0.7743     0.8891    0.00009   -0.00060    88.1705     0.0782     0.0471          9  0.000e+00
     114540  62.906973    403.117    400.460    10.6994    10.6983   3.912269   3.912276     0.7731     0.8903    0.00010   -0.00054    88.1705     0.0856     0.0470          9  0.000e+00
     114541  62.906973    403.045    400.388    10.7000    10.6981   3.912336   3.912297     0.7731     0.8891    0.00011   -0.00055    88.1470     0.0709     0.0470          9  0.000e+00
     114542  62.906974    403.045    400.388    10.7010    10.6973   3.912458   3.912181     0.7731     0.8903    0.00013   -0.00049    88.1235     0.0856     0.0468          9  0.000e+00
     114543  62.906974    403.045    400.388    10.7028    10.6964   3.912593   3.912031     0.7731     0.8903    0.00007   -0.00043    88.1235     0.0709     0.0468          9  0.000e+00
     114544  62.906975    403.071    400.415    10.7033    10.6959   3.912701   3.912004     0.7731     0.8891    0.00001   -0.00044    88.1235     0.0782     0.0468          9  0.000e+00
     114545  62.906975    402.946    400.290    10.7031    10.6957   3.912674   3.912031     0.7743     0.8891    0.00010   -0.00044    88.1235     0.0856     0.0468          9  0.000e+00
     114546  62.906976    402.999    400.343    10.7030    10.6956   3.912634   3.912031     0.7731     0.8903    0.00005   -0.00037    88.1235     0.0782     0.0468          9  0.000e+00
     114547  62.906976    402.999    400.343    10.7028    10.6953   3.912627   3.911963     0.7731     0.8903    0.00006   -0.00031    88.1235     0.0782     0.0468          9  0.000e+00
     114548  62.906977    402.946    400.290    10.7028    10.6950   3.912701   3.911928     0.7743     0.8891    0.00016   -0.00031    88.1235     0.0782     0.0468          9  0.000e+00
     114549  62.906977    402.926    400.271    10.7036    10.6950   3.912748   3.911963     0.7731     0.8891    0.00010   -0.00031    88.1235     0.0856     0.0466          9  0.000e+00
     114550  62.906978    402.900    400.245    10.7038    10.6956   3.912843   3.912065     0.7731     0.8891    0.00012   -0.00031    88.1470     0.0856     0.0465          9  0.000e+00
     114551  62.906978    402.900    400.245    10.7042    10.6962   3.912863   3.912235     0.7731     0.8891    0.00007   -0.00030    88.1235     0.0856     0.0465          9  0.000e+00
     114552  62.906979    402.854    400.199    10.7042    10.6969   3.912843   3.912242     0.7743     0.8891    0.00009   -0.00029    88.1235     0.0856     0.0466          9  0.000e+00
     114553  62.906979    402.873    400.218    10.7047    10.6967   3.912836   3.912167     0.7731     0.8903    0.00004   -0.00021    88.1235     0.0782     0.0468          9  0.000e+00
     114554  62.906980    402.854    400.199    10.7042    10.6964   3.912755   3.912147     0.7731     0.8891   -0.00001   -0.00027    88.1235     0.0782     0.0470          9  0.000e+00
     114555  62.906980    402.801    400.146    10.7035    10.6967   3.912566   3.912208     0.7731     0.8891   -0.00007   -0.00026    88.1235     0.0782     0.0471          9  0.000e+00
     114556  62.906981    402.801    400.147    10.7026    10.6973   3.912519   3.912270     0.7731     0.8903   -0.00005   -0.00017    88.1235     0.0782     0.0471          9  0.000e+00
     114557  62.906981    402.755    400.101    10.7024    10.6974   3.912525   3.912222     0.7743     0.8903   -0.00003   -0.00008    88.1235     0.0782     0.0471          9  0.000e+00
     114558  62.906982    402.775    400.120    10.7030    10.6971   3.912627   3.912181     0.7731     0.8891   -0.00001   -0.00007    88.1235     0.0856     0.0471          9  0.000e+00
     114559  62.906982    402.755    400.101    10.7034    10.6969   3.912762   3.912167     0.7731     0.8891    0.00002   -0.00013    88.1235     0.0709     0.0471          9  0.000e+00
     114560  62.906983    402.702    400.048    10.7043    10.6967   3.912850   3.912147     0.7731     0.8903   -0.00003   -0.00004    88.1470     0.0856     0.0471          9  0.000e+00
     114561  62.906983    402.755    400.101    10.7047    10.6965   3.912890   3.912106     0.7731     0.8891   -0.00008   -0.00002    88.1235     0.0782     0.0471          9  0.000e+00
     114562  62.906984    402.682    400.029    10.7054    10.6969   3.912904   3.912106     0.7731     0.8903   -0.00013 1.7137e-07    88.1470     0.0782     0.0471          9  0.000e+00
     114563  62.906984    402.656    400.003    10.7049    10.6965   3.912843   3.912126     0.7743     0.8891   -0.00010   -0.00006    88.1705     0.0856     0.0470          9  0.000e+00
     114564  62.906984    402.656    400.003    10.7042    10.6967   3.912728   3.912215     0.7731     0.8891   -0.00015   -0.00011    88.1705     0.0782     0.0470          9  0.000e+00
     114565  62.906985    402.656    400.003    10.7024    10.6976   3.912512   3.912324     0.7743     0.8891   -0.00013   -0.00010    88.1705     0.0782     0.0468          9  0.000e+00
     114566  62.906985    402.610    399.957    10.7006    10.6979   3.912296   3.912392     0.7731     0.8903   -0.00019   -0.00000    88.1705     0.0782     0.0466          9  0.000e+00
     114567  62.906986    402.584    399.931    10.6991    10.6983   3.912167   3.912365     0.7743     0.8891   -0.00009   -0.00006    88.1705     0.0782     0.0465          9  0.000e+00
     114568  62.906986    402.610    399.957    10.6983    10.6983   3.912093   3.912392     0.7731     0.8891   -0.00007   -0.00011    88.1705     0.0856     0.0463          9  0.000e+00
     114569  62.906987    402.557    399.905    10.6982    10.6985   3.912052   3.912365     0.7731     0.8891   -0.00012   -0.00016    88.1705     0.0856     0.0460          9  0.000e+00
     114570  62.906987    402.511    399.859    10.6985    10.6986   3.912147   3.912338     0.7731     0.8903   -0.00017   -0.00007    88.1705     0.0856     0.0458          9  0.000e+00
     114571  62.906988    402.584    399.931    10.7000    10.6981   3.912383   3.912317     0.7731     0.8903   -0.00022    0.00002    88.1705     0.0709     0.0457          9  0.000e+00
     114572  62.906988    402.511    399.859    10.7023    10.6985   3.912606   3.912276     0.7743     0.8891   -0.00020    0.00004    88.1705     0.0782     0.0455          9  0.000e+00
     114573  62.906989    402.511    399.859    10.7031    10.6981   3.912708   3.912228     0.7743     0.8891   -0.00019    0.00007    88.1705     0.0782     0.0453          9  0.000e+00
     114574  62.906989    402.458    399.807    10.7030    10.6979   3.912667   3.912228     0.7743     0.8903   -0.00010    0.00009    88.1705     0.0782     0.0452          9  0.000e+00
     114575  62.906990    402.386    399.735    10.7030    10.6986   3.912654   3.912344     0.7743     0.8903   -0.00008    0.00011    88.1705     0.0782     0.0452          9  0.000e+00
     114576  62.906990    402.558    399.905    10.7030    10.6988   3.912660   3.912454     0.7743     0.8903    0.00001    0.00013    88.1705     0.0782     0.0450          9  0.000e+00
