data/tmp/fr29002.ros
* Sea-Bird SBE 9 Data File:
* FileName = C:\SEASOFT\PIRATA-FR29\data\fr29002.hex
* Software Version Seasave V 7.26.7.107
* Temperature SN = 6083
* Conductivity SN = 4509
* Number of Bytes Per Scan = 42
* Number of Voltage Words = 3
* Number of Scans Averaged by the Deck Unit = 1
* NMEA Latitude = 08 59.92 N
* NMEA Longitude = 020 07.05 W
* NMEA UTC (Time) = Mar 03 2019 20:26:29
** Cruise: PIRATA-FR29
** Ship: THALASSA
** Station: 002
** Bottom Depth: 3603
** Barometric pressure : 1012.2
** Temp Air: 24.1
** Operator: MG/PR
** Comments:
# nquan = 17
# nvalues = 3860                                  
# units = specified
# name 0 = scan: Scan Count
# name 1 = timeJ: Julian Days
# name 2 = prDM: Pressure, Digiquartz [db]
# name 3 = depSM: Depth [salt water, m]
# name 4 = t090C: Temperature [ITS-90, deg C]
# name 5 = t190C: Temperature, 2 [ITS-90, deg C]
# name 6 = c0S/m: Conductivity [S/m]
# name 7 = c1S/m: Conductivity, 2 [S/m]
# name 8 = sbeox0V: Oxygen raw, SBE 43 [V]
# name 9 = sbeox1V: Oxygen raw, SBE 43, 2 [V]
# name 10 = sbox0dV/dT: Oxygen, SBE 43 [dov/dt]
# name 11 = sbox1dV/dT: Oxygen, SBE 43, 2 [dov/dt]
# name 12 = CStarTr0: Beam Transmission, WET Labs C-Star [%]
# name 13 = flECO-AFL: Fluorescence, WET Labs ECO-AFL/FL [mg/m^3]
# name 14 = flC: Fluorescence, Chelsea Aqua 3 Chl Con [ug/l]
# name 15 = nbf: Bottles Fired
# name 16 = flag:  0.000e+00
# interval = seconds: 0.0416667
# start_time = Mar 03 2019 20:26:30 [System UTC, first data scan.]
# bad_flag = -9.990e-29
*END*
[from data line 852]
      81676  62.891124   1262.587   1251.690     4.7289     4.7297   3.366110   3.366325     1.4885     1.8425   -0.00012    0.00046    88.3583     0.0709     0.0277          5  0.000e+00
      81677  62.891125   1262.587   1251.690     4.7289     4.7297   3.366123   3.366325     1.4885     1.8425   -0.00016    0.00049    88.3583     0.0709     0.0279          5  0.000e+00
      81678  62.891125   1262.581   1251.684     4.7288     4.7295   3.366136   3.366286     1.4885     1.8425   -0.00019    0.00051    88.3583     0.0636     0.0284          5  0.000e+00
      81679  62.891126   1262.588   1251.691     4.7291     4.7293   3.366142   3.366254     1.4885     1.8425   -0.00029    0.00054    88.3583     0.0489     0.0286          5  0.000e+00
      81680  62.891126   1262.588   1251.691     4.7291     4.7289   3.366155   3.366248     1.4885     1.8425   -0.00032    0.00055    88.3583     0.0416     0.0288          5  0.000e+00
      81681  62.891127   1262.588   1251.691     4.7291     4.7286   3.366142   3.366222     1.4885     1.8425   -0.00034    0.00057    88.3583     0.0416     0.0288          5  0.000e+00
      81682  62.891127   1262.588   1251.691     4.7289     4.7283   3.366161   3.366215     1.4897     1.8425   -0.00029    0.00058    88.3583     0.0489     0.0288          5  0.000e+00
      81683  62.891128   1262.628   1251.731     4.7291     4.7282   3.366161   3.366235     1.4884     1.8425   -0.00031    0.00067    88.3583     0.0489     0.0288          5  0.000e+00
      81684  62.891128   1262.635   1251.737     4.7293     4.7283   3.366142   3.366248     1.4884     1.8425   -0.00033    0.00067    88.3583     0.0416     0.0289          5  0.000e+00
      81685  62.891128   1262.635   1251.737     4.7293     4.7283   3.366161   3.366222     1.4897     1.8425   -0.00027    0.00068    88.3583     0.0416     0.0289          5  0.000e+00
      81686  62.891129   1262.635   1251.737     4.7296     4.7283   3.366174   3.366215     1.4897     1.8425   -0.00022    0.00068    88.3583     0.0416     0.0291          5  0.000e+00
      81687  62.891129   1262.635   1251.737     4.7296     4.7282   3.366187   3.366260     1.4897     1.8413   -0.00016    0.00061    88.3583     0.0489     0.0291          5  0.000e+00
      81688  62.891130   1262.635   1251.737     4.7294     4.7283   3.366199   3.366254     1.4884     1.8413   -0.00017    0.00054    88.3583     0.0489     0.0292          5  0.000e+00
      81689  62.891130   1262.682   1251.784     4.7294     4.7285   3.366155   3.366222     1.4884     1.8425   -0.00019    0.00054    88.3817     0.0489     0.0292          5  0.000e+00
      81690  62.891131   1262.689   1251.791     4.7294     4.7283   3.366155   3.366215     1.4884     1.8425   -0.00019    0.00054    88.3583     0.0489     0.0293          5  0.000e+00
      81691  62.891131   1262.689   1251.791     4.7291     4.7283   3.366104   3.366235     1.4884     1.8425   -0.00020    0.00053    88.3583     0.0489     0.0293          5  0.000e+00
      81692  62.891132   1262.689   1251.791     4.7289     4.7283   3.366123   3.366222     1.4884     1.8425   -0.00028    0.00052    88.3583     0.0489     0.0293          5  0.000e+00
      81693  62.891132   1262.689   1251.791     4.7289     4.7283   3.366129   3.366260     1.4884     1.8413   -0.00036    0.00051    88.3583     0.0489     0.0292          5  0.000e+00
      81694  62.891133   1262.689   1251.791     4.7288     4.7286   3.366110   3.366254     1.4884     1.8425   -0.00036    0.00058    88.3583     0.0416     0.0291          5  0.000e+00
      81695  62.891133   1262.783   1251.884     4.7289     4.7285   3.366129   3.366267     1.4897     1.8425   -0.00036    0.00057    88.3583     0.0416     0.0289          5  0.000e+00
      81696  62.891134   1262.736   1251.837     4.7288     4.7283   3.366117   3.366280     1.4897     1.8425   -0.00037    0.00056    88.3583     0.0416     0.0289          5  0.000e+00
      81697  62.891134   1262.689   1251.791     4.7286     4.7287   3.366123   3.366254     1.4897     1.8425   -0.00030    0.00054    88.3583     0.0416     0.0292          5  0.000e+00
      81698  62.891135   1262.790   1251.891     4.7288     4.7286   3.366091   3.366267     1.4884     1.8425   -0.00031    0.00052    88.3583     0.0416     0.0297          5  0.000e+00
      81699  62.891135   1262.790   1251.891     4.7286     4.7287   3.366085   3.366280     1.4884     1.8425   -0.00031    0.00050    88.3583     0.0489     0.0306          5  0.000e+00
      81700  62.891136   1262.790   1251.891     4.7284     4.7285   3.366091   3.366280     1.4884     1.8425   -0.00031    0.00048    88.3583     0.0416     0.0313          5  0.000e+00
      81701  62.891136   1262.783   1251.884     4.7284     4.7290   3.366085   3.366299     1.4884     1.8425   -0.00031    0.00045    88.3583     0.0416     0.0320          5  0.000e+00
      81702  62.891137   1262.790   1251.891     4.7284     4.7288   3.366085   3.366286     1.4884     1.8425   -0.00038    0.00050    88.3817     0.0416     0.0325          5  0.000e+00
      81703  62.891137   1262.837   1251.937     4.7282     4.7287   3.366066   3.366299     1.4884     1.8425   -0.00045    0.00054    88.3817     0.0489     0.0329          5  0.000e+00
      81704  62.891138   1262.837   1251.937     4.7282     4.7286   3.366097   3.366306     1.4884     1.8425   -0.00052    0.00051    88.3817     0.0489     0.0331          5  0.000e+00
      81705  62.891138   1262.790   1251.891     4.7282     4.7289   3.366091   3.366286     1.4897     1.8425   -0.00044    0.00048    88.3817     0.0489     0.0334          5  0.000e+00
      81706  62.891139   1262.891   1251.991     4.7282     4.7290   3.366066   3.366318     1.4897     1.8425   -0.00036    0.00044    88.3817     0.0489     0.0335          5  0.000e+00
      81707  62.891139   1262.837   1251.938     4.7282     4.7290   3.366078   3.366312     1.4884     1.8425   -0.00035    0.00040    88.3583     0.0489     0.0336          5  0.000e+00
      81708  62.891140   1262.891   1251.991     4.7286     4.7291   3.366085   3.366325     1.4884     1.8425   -0.00035    0.00036    88.3817     0.0563     0.0336          5  0.000e+00
      81709  62.891140   1262.891   1251.991     4.7282     4.7290   3.366104   3.366338     1.4897     1.8425   -0.00026    0.00032    88.3583     0.0563     0.0338          5  0.000e+00
      81710  62.891141   1262.838   1251.938     4.7284     4.7290   3.366053   3.366312     1.4897     1.8425   -0.00018    0.00027    88.3817     0.0563     0.0338          5  0.000e+00
      81711  62.891141   1262.938   1252.037     4.7284     4.7292   3.366091   3.366325     1.4884     1.8425   -0.00016    0.00022    88.3583     0.0563     0.0339          5  0.000e+00
      81712  62.891141   1262.938   1252.037     4.7288     4.7290   3.366091   3.366338     1.4884     1.8425   -0.00015    0.00024    88.3817     0.0489     0.0341          5  0.000e+00
      81713  62.891142   1262.938   1252.037     4.7286     4.7287   3.366117   3.366312     1.4884     1.8425   -0.00013    0.00026    88.3583     0.0563     0.0343          5  0.000e+00
      81714  62.891142   1262.891   1251.991     4.7284     4.7288   3.366091   3.366286     1.4884     1.8425   -0.00019    0.00020    88.3817     0.0563     0.0343          5  0.000e+00
      81715  62.891143   1262.939   1252.037     4.7286     4.7289   3.366123   3.366318     1.4897     1.8425   -0.00017    0.00015    88.3817     0.0489     0.0344          5  0.000e+00
      81716  62.891143   1262.939   1252.038     4.7284     4.7290   3.366104   3.366293     1.4884     1.8425   -0.00022    0.00009    88.3583     0.0489     0.0343          5  0.000e+00
      81717  62.891144   1262.992   1252.091     4.7286     4.7288   3.366104   3.366299     1.4884     1.8425   -0.00021    0.00010    88.3583     0.0489     0.0341          5  0.000e+00
      81718  62.891144   1262.939   1252.038     4.7284     4.7289   3.366091   3.366286     1.4884     1.8425   -0.00019    0.00011    88.3817     0.0563     0.0339          5  0.000e+00
      81719  62.891145   1263.040   1252.137     4.7284     4.7286   3.366123   3.366299     1.4897     1.8425   -0.00009    0.00012    88.3817     0.0563     0.0338          5  0.000e+00
      81720  62.891145   1262.993   1252.091     4.7286     4.7287   3.366104   3.366306     1.4884     1.8425   -0.00014    0.00006    88.3583     0.0489     0.0335          5  0.000e+00
      81721  62.891146   1262.993   1252.091     4.7284     4.7290   3.366085   3.366306     1.4897     1.8425   -0.00004    0.00007    88.3583     0.0563     0.0333          5  0.000e+00
      81722  62.891146   1263.040   1252.137     4.7284     4.7287   3.366104   3.366286     1.4884     1.8413   -0.00002    0.00000    88.3583     0.0489     0.0331          5  0.000e+00
      81723  62.891147   1262.993   1252.091     4.7286     4.7286   3.366098   3.366280     1.4884     1.8413    0.00001   -0.00006    88.3583     0.0489     0.0330          5  0.000e+00
      81724  62.891147   1263.040   1252.138     4.7289     4.7289   3.366129   3.366280     1.4884     1.8413    0.00004   -0.00011    88.3583     0.0489     0.0330          5  0.000e+00
      81725  62.891148   1263.040   1252.138     4.7288     4.7286   3.366142   3.366280     1.4884     1.8413   -0.00000   -0.00017    88.3583     0.0489     0.0331          5  0.000e+00
      81726  62.891148   1263.040   1252.138     4.7289     4.7287   3.366129   3.366280     1.4884     1.8413   -0.00005   -0.00022    88.3583     0.0563     0.0333          5  0.000e+00
      81727  62.891149   1263.094   1252.191     4.7288     4.7286   3.366136   3.366318     1.4884     1.8413   -0.00009   -0.00027    88.3583     0.0563     0.0335          5  0.000e+00
      81728  62.891149   1263.040   1252.138     4.7289     4.7285   3.366142   3.366312     1.4884     1.8425   -0.00013   -0.00024    88.3583     0.0563     0.0336          5  0.000e+00
      81729  62.891150   1263.040   1252.138     4.7289     4.7286   3.366142   3.366286     1.4884     1.8425   -0.00017   -0.00021    88.3583     0.0563     0.0336          5  0.000e+00
      81730  62.891150   1263.094   1252.191     4.7289     4.7287   3.366129   3.366280     1.4884     1.8425   -0.00022   -0.00019    88.3583     0.0489     0.0338          5  0.000e+00
      81731  62.891151   1263.094   1252.191     4.7288     4.7285   3.366161   3.366280     1.4897     1.8425   -0.00011   -0.00016    88.3583     0.0563     0.0338          5  0.000e+00
      81732  62.891151   1263.087   1252.184     4.7288     4.7289   3.366148   3.366280     1.4897     1.8413   -0.00008   -0.00020    88.3583     0.0563     0.0336          5  0.000e+00
      81733  62.891152   1263.094   1252.191     4.7291     4.7285   3.366129   3.366280     1.4884     1.8413   -0.00012   -0.00025    88.3583     0.0489     0.0335          5  0.000e+00
      81734  62.891152   1263.148   1252.244     4.7288     4.7287   3.366136   3.366280     1.4884     1.8413   -0.00009   -0.00029    88.3583     0.0563     0.0333          5  0.000e+00
      81735  62.891153   1263.094   1252.191     4.7288     4.7285   3.366142   3.366299     1.4884     1.8413   -0.00006   -0.00032    88.3583     0.0563     0.0330          5  0.000e+00
      81736  62.891153   1263.148   1252.244     4.7288     4.7287   3.366104   3.366261     1.4884     1.8413   -0.00003   -0.00043    88.3583     0.0489     0.0327          5  0.000e+00
      81737  62.891154   1263.148   1252.244     4.7289     4.7285   3.366129   3.366286     1.4884     1.8413   -0.00006   -0.00054    88.3817     0.0563     0.0326          5  0.000e+00
      81738  62.891154   1263.141   1252.238     4.7288     4.7283   3.366142   3.366261     1.4884     1.8425   -0.00010   -0.00050    88.3583     0.0563     0.0325          5  0.000e+00
      81739  62.891155   1263.148   1252.244     4.7289     4.7283   3.366129   3.366267     1.4884     1.8425   -0.00013   -0.00046    88.3583     0.0489     0.0324          5  0.000e+00
      81740  62.891155   1263.148   1252.245     4.7289     4.7283   3.366136   3.366280     1.4884     1.8425   -0.00017   -0.00042    88.3583     0.0563     0.0324          5  0.000e+00
      81741  62.891155   1263.195   1252.291     4.7289     4.7283   3.366117   3.366299     1.4897     1.8425   -0.00013   -0.00038    88.3583     0.0563     0.0323          5  0.000e+00
      81742  62.891156   1263.148   1252.245     4.7288     4.7283   3.366129   3.366261     1.4884     1.8413   -0.00017   -0.00049    88.3583     0.0563     0.0321          5  0.000e+00
      81743  62.891156   1263.148   1252.245     4.7288     4.7283   3.366129   3.366248     1.4897     1.8413   -0.00014   -0.00052    88.3817     0.0563     0.0320          5  0.000e+00
      81744  62.891157   1263.188   1252.285     4.7288     4.7285   3.366110   3.366248     1.4897     1.8413   -0.00003   -0.00055    88.3583     0.0563     0.0320          5  0.000e+00
      81745  62.891157   1263.195   1252.291     4.7288     4.7285   3.366110   3.366248     1.4884     1.8425   -0.00000   -0.00051    88.3583     0.0489     0.0319          5  0.000e+00
      81746  62.891158   1263.195   1252.291     4.7286     4.7285   3.366098   3.366248     1.4884     1.8425    0.00004   -0.00046    88.3583     0.0563     0.0319          5  0.000e+00
      81747  62.891158   1263.195   1252.291     4.7288     4.7287   3.366129   3.366267     1.4884     1.8413   -0.00000   -0.00049    88.3583     0.0563     0.0319          5  0.000e+00
      81748  62.891159   1263.249   1252.344     4.7284     4.7285   3.366117   3.366299     1.4884     1.8413   -0.00004   -0.00051    88.3583     0.0563     0.0319          5  0.000e+00
      81749  62.891159   1263.195   1252.291     4.7288     4.7282   3.366123   3.366235     1.4897     1.8413   -0.00000   -0.00054    88.3583     0.0563     0.0318          5  0.000e+00
      81750  62.891160   1263.249   1252.345     4.7288     4.7285   3.366110   3.366261     1.4884     1.8425   -0.00004   -0.00048    88.3583     0.0489     0.0318          5  0.000e+00
      81751  62.891160   1263.189   1252.285     4.7289     4.7283   3.366110   3.366280     1.4884     1.8413   -0.00008   -0.00050    88.3583     0.0489     0.0316          5  0.000e+00
      81752  62.891161   1263.249   1252.345     4.7286     4.7283   3.366129   3.366299     1.4897     1.8413   -0.00005   -0.00051    88.3583     0.0563     0.0315          5  0.000e+00
      81753  62.891161   1263.249   1252.345     4.7288     4.7280   3.366129   3.366286     1.4884     1.8413   -0.00009   -0.00053    88.3583     0.0563     0.0315          5  0.000e+00
      81754  62.891162   1263.297   1252.391     4.7288     4.7282   3.366136   3.366229     1.4884     1.8413   -0.00006   -0.00054    88.3817     0.0489     0.0316          5  0.000e+00
      81755  62.891162   1263.250   1252.345     4.7288     4.7282   3.366117   3.366235     1.4897     1.8413    0.00005   -0.00054    88.3817     0.0563     0.0319          5  0.000e+00
      81756  62.891163   1263.297   1252.391     4.7288     4.7278   3.366123   3.366248     1.4884     1.8425    0.00001   -0.00047    88.3583     0.0489     0.0321          5  0.000e+00
      81757  62.891163   1263.243   1252.338     4.7288     4.7280   3.366136   3.366248     1.4884     1.8425   -0.00003   -0.00040    88.3583     0.0489     0.0325          5  0.000e+00
      81758  62.891164   1263.351   1252.445     4.7289     4.7283   3.366161   3.366248     1.4884     1.8413    0.00001   -0.00041    88.3583     0.0489     0.0329          5  0.000e+00
      81759  62.891164   1263.297   1252.392     4.7289     4.7278   3.366161   3.366248     1.4897     1.8413    0.00012   -0.00041    88.3583     0.0489     0.0331          5  0.000e+00
